-7.000000	-1.000000	0.000040
-7.000000	-0.950000	0.000186
-7.000000	-0.900000	0.000378
-7.000000	-0.850000	0.000440
-7.000000	-0.800000	0.000292
-7.000000	-0.750000	0.000082
-7.000000	-0.650000	0.000036
-7.000000	-0.600000	0.000047
-7.000000	-0.500000	0.000009
-7.000000	-0.450000	0.000042
-7.000000	-0.400000	0.000029
-7.000000	-0.300000	0.000043
-7.000000	-0.250000	0.000086
-7.000000	-0.200000	0.000024
-7.000000	-0.150000	0.000053
-7.000000	-0.100000	0.000480
-7.000000	-0.050000	0.001200
-7.000000	0.000000	0.001500
-7.000000	0.050000	0.001200
-7.000000	0.100000	0.000477
-7.000000	0.150000	0.000045
-7.000000	0.200000	0.000026
-7.000000	0.250000	0.000085
-7.000000	0.300000	0.000042
-7.000000	0.400000	0.000030
-7.000000	0.450000	0.000043
-7.000000	0.550000	0.000010
-7.000000	0.600000	0.000047
-7.000000	0.650000	0.000037
-7.000000	0.750000	0.000087
-7.000000	0.800000	0.000301
-7.000000	0.850000	0.000457
-7.000000	0.900000	0.000389
-7.000000	0.950000	0.000189
-7.000000	1.000000	0.000039
-6.950000	-1.150000	0.000011
-6.950000	-1.100000	0.000011
-6.950000	-1.000000	0.000055
-6.950000	-0.950000	0.000259
-6.950000	-0.900000	0.000527
-6.950000	-0.850000	0.000613
-6.950000	-0.800000	0.000405
-6.950000	-0.750000	0.000115
-6.950000	-0.650000	0.000050
-6.950000	-0.600000	0.000064
-6.950000	-0.550000	0.000012
-6.950000	-0.500000	0.000012
-6.950000	-0.450000	0.000058
-6.950000	-0.400000	0.000041
-6.950000	-0.300000	0.000059
-6.950000	-0.250000	0.000117
-6.950000	-0.200000	0.000035
-6.950000	-0.150000	0.000063
-6.950000	-0.100000	0.000669
-6.950000	-0.050000	0.001700
-6.950000	0.000000	0.002200
-6.950000	0.050000	0.001700
-6.950000	0.100000	0.000666
-6.950000	0.150000	0.000070
-6.950000	0.200000	0.000035
-6.950000	0.250000	0.000120
-6.950000	0.300000	0.000059
-6.950000	0.400000	0.000042
-6.950000	0.450000	0.000059
-6.950000	0.500000	0.000013
-6.950000	0.550000	0.000013
-6.950000	0.600000	0.000067
-6.950000	0.650000	0.000051
-6.950000	0.750000	0.000117
-6.950000	0.800000	0.000419
-6.950000	0.850000	0.000629
-6.950000	0.900000	0.000541
-6.950000	0.950000	0.000264
-6.950000	1.000000	0.000055
-6.950000	1.100000	0.000012
-6.950000	1.150000	0.000011
-6.900000	-1.150000	0.000012
-6.900000	-1.100000	0.000013
-6.900000	-1.000000	0.000062
-6.900000	-0.950000	0.000294
-6.900000	-0.900000	0.000601
-6.900000	-0.850000	0.000699
-6.900000	-0.800000	0.000466
-6.900000	-0.750000	0.000132
-6.900000	-0.650000	0.000058
-6.900000	-0.600000	0.000075
-6.900000	-0.550000	0.000015
-6.900000	-0.500000	0.000014
-6.900000	-0.450000	0.000067
-6.900000	-0.400000	0.000047
-6.900000	-0.300000	0.000067
-6.900000	-0.250000	0.000136
-6.900000	-0.200000	0.000039
-6.900000	-0.150000	0.000080
-6.900000	-0.100000	0.000760
-6.900000	-0.050000	0.001900
-6.900000	0.000000	0.002500
-6.900000	0.050000	0.001900
-6.900000	0.100000	0.000758
-6.900000	0.150000	0.000078
-6.900000	0.200000	0.000042
-6.900000	0.250000	0.000136
-6.900000	0.300000	0.000068
-6.900000	0.400000	0.000047
-6.900000	0.450000	0.000068
-6.900000	0.500000	0.000014
-6.900000	0.550000	0.000015
-6.900000	0.600000	0.000075
-6.900000	0.650000	0.000059
-6.900000	0.750000	0.000137
-6.900000	0.800000	0.000477
-6.900000	0.850000	0.000724
-6.900000	0.900000	0.000617
-6.900000	0.950000	0.000304
-6.900000	1.000000	0.000064
-6.900000	1.100000	0.000014
-6.900000	1.150000	0.000013
-6.850000	-1.150000	0.000012
-6.850000	-1.100000	0.000012
-6.850000	-1.000000	0.000059
-6.850000	-0.950000	0.000280
-6.850000	-0.900000	0.000572
-6.850000	-0.850000	0.000666
-6.850000	-0.800000	0.000442
-6.850000	-0.750000	0.000125
-6.850000	-0.650000	0.000055
-6.850000	-0.600000	0.000070
-6.850000	-0.550000	0.000014
-6.850000	-0.500000	0.000013
-6.850000	-0.450000	0.000063
-6.850000	-0.400000	0.000044
-6.850000	-0.300000	0.000063
-6.850000	-0.250000	0.000126
-6.850000	-0.200000	0.000038
-6.850000	-0.150000	0.000067
-6.850000	-0.100000	0.000720
-6.850000	-0.050000	0.001800
-6.850000	0.000000	0.002300
-6.850000	0.050000	0.001800
-6.850000	0.100000	0.000724
-6.850000	0.150000	0.000077
-6.850000	0.200000	0.000038
-6.850000	0.250000	0.000130
-6.850000	0.300000	0.000065
-6.850000	0.400000	0.000045
-6.850000	0.450000	0.000064
-6.850000	0.500000	0.000014
-6.850000	0.550000	0.000013
-6.850000	0.600000	0.000072
-6.850000	0.650000	0.000055
-6.850000	0.750000	0.000126
-6.850000	0.800000	0.000454
-6.850000	0.850000	0.000682
-6.850000	0.900000	0.000587
-6.850000	0.950000	0.000287
-6.850000	1.000000	0.000061
-6.850000	1.100000	0.000013
-6.850000	1.150000	0.000012
-6.800000	-1.150000	0.000009
-6.800000	-1.100000	0.000010
-6.800000	-1.000000	0.000045
-6.800000	-0.950000	0.000218
-6.800000	-0.900000	0.000444
-6.800000	-0.850000	0.000518
-6.800000	-0.800000	0.000345
-6.800000	-0.750000	0.000098
-6.800000	-0.650000	0.000043
-6.800000	-0.600000	0.000056
-6.800000	-0.550000	0.000011
-6.800000	-0.500000	0.000010
-6.800000	-0.450000	0.000050
-6.800000	-0.400000	0.000035
-6.800000	-0.300000	0.000049
-6.800000	-0.250000	0.000101
-6.800000	-0.200000	0.000029
-6.800000	-0.150000	0.000061
-6.800000	-0.100000	0.000559
-6.800000	-0.050000	0.001400
-6.800000	0.000000	0.001800
-6.800000	0.050000	0.001400
-6.800000	0.100000	0.000562
-6.800000	0.150000	0.000057
-6.800000	0.200000	0.000031
-6.800000	0.250000	0.000102
-6.800000	0.300000	0.000051
-6.800000	0.400000	0.000035
-6.800000	0.450000	0.000051
-6.800000	0.500000	0.000011
-6.800000	0.550000	0.000011
-6.800000	0.600000	0.000056
-6.800000	0.650000	0.000044
-6.800000	0.750000	0.000099
-6.800000	0.800000	0.000354
-6.800000	0.850000	0.000538
-6.800000	0.900000	0.000458
-6.800000	0.950000	0.000226
-6.800000	1.000000	0.000047
-6.800000	1.100000	0.000010
-6.800000	1.150000	0.000010
-6.750000	-1.000000	0.000028
-6.750000	-0.950000	0.000135
-6.750000	-0.900000	0.000275
-6.750000	-0.850000	0.000319
-6.750000	-0.800000	0.000211
-6.750000	-0.750000	0.000059
-6.750000	-0.650000	0.000027
-6.750000	-0.600000	0.000034
-6.750000	-0.450000	0.000031
-6.750000	-0.400000	0.000022
-6.750000	-0.300000	0.000031
-6.750000	-0.250000	0.000061
-6.750000	-0.200000	0.000019
-6.750000	-0.150000	0.000033
-6.750000	-0.100000	0.000350
-6.750000	-0.050000	0.000863
-6.750000	0.000000	0.001100
-6.750000	0.050000	0.000862
-6.750000	0.100000	0.000353
-6.750000	0.150000	0.000036
-6.750000	0.200000	0.000019
-6.750000	0.250000	0.000064
-6.750000	0.300000	0.000032
-6.750000	0.400000	0.000022
-6.750000	0.450000	0.000031
-6.750000	0.600000	0.000035
-6.750000	0.650000	0.000027
-6.750000	0.750000	0.000060
-6.750000	0.800000	0.000219
-6.750000	0.850000	0.000330
-6.750000	0.900000	0.000286
-6.750000	0.950000	0.000139
-6.750000	1.000000	0.000029
-6.700000	-1.000000	0.000012
-6.700000	-0.950000	0.000059
-6.700000	-0.900000	0.000120
-6.700000	-0.850000	0.000141
-6.700000	-0.800000	0.000094
-6.700000	-0.750000	0.000026
-6.700000	-0.650000	0.000012
-6.700000	-0.600000	0.000016
-6.700000	-0.450000	0.000014
-6.700000	-0.400000	0.000010
-6.700000	-0.300000	0.000013
-6.700000	-0.250000	0.000028
-6.700000	-0.150000	0.000016
-6.700000	-0.100000	0.000153
-6.700000	-0.050000	0.000383
-6.700000	0.000000	0.000497
-6.700000	0.050000	0.000382
-6.700000	0.100000	0.000152
-6.700000	0.150000	0.000016
-6.700000	0.250000	0.000029
-6.700000	0.300000	0.000014
-6.700000	0.400000	0.000010
-6.700000	0.450000	0.000014
-6.700000	0.600000	0.000015
-6.700000	0.650000	0.000012
-6.700000	0.750000	0.000027
-6.700000	0.800000	0.000097
-6.700000	0.850000	0.000147
-6.700000	0.900000	0.000127
-6.700000	0.950000	0.000062
-6.700000	1.000000	0.000013
-6.650000	-0.950000	0.000014
-6.650000	-0.900000	0.000028
-6.650000	-0.850000	0.000032
-6.650000	-0.800000	0.000022
-6.650000	-0.100000	0.000036
-6.650000	-0.050000	0.000088
-6.650000	0.000000	0.000115
-6.650000	0.050000	0.000087
-6.650000	0.100000	0.000034
-6.650000	0.800000	0.000022
-6.650000	0.850000	0.000034
-6.650000	0.900000	0.000029
-6.650000	0.950000	0.000014
-6.550000	-0.900000	0.000013
-6.550000	-0.850000	0.000015
-6.550000	-0.800000	0.000010
-6.550000	-0.100000	0.000017
-6.550000	-0.050000	0.000040
-6.550000	0.000000	0.000052
-6.550000	0.050000	0.000040
-6.550000	0.100000	0.000017
-6.550000	0.800000	0.000010
-6.550000	0.850000	0.000015
-6.550000	0.900000	0.000013
-6.500000	-0.950000	0.000015
-6.500000	-0.900000	0.000030
-6.500000	-0.850000	0.000036
-6.500000	-0.800000	0.000024
-6.500000	-0.100000	0.000038
-6.500000	-0.050000	0.000095
-6.500000	0.000000	0.000124
-6.500000	0.050000	0.000096
-6.500000	0.100000	0.000039
-6.500000	0.800000	0.000024
-6.500000	0.850000	0.000036
-6.500000	0.900000	0.000031
-6.500000	0.950000	0.000016
-6.450000	-0.950000	0.000015
-6.450000	-0.900000	0.000032
-6.450000	-0.850000	0.000038
-6.450000	-0.800000	0.000025
-6.450000	-0.100000	0.000040
-6.450000	-0.050000	0.000099
-6.450000	0.000000	0.000131
-6.450000	0.050000	0.000101
-6.450000	0.100000	0.000042
-6.450000	0.800000	0.000025
-6.450000	0.850000	0.000038
-6.450000	0.900000	0.000033
-6.450000	0.950000	0.000016
-6.400000	-0.900000	0.000018
-6.400000	-0.850000	0.000021
-6.400000	-0.800000	0.000014
-6.400000	-0.100000	0.000022
-6.400000	-0.050000	0.000056
-6.400000	0.000000	0.000074
-6.400000	0.050000	0.000058
-6.400000	0.100000	0.000024
-6.400000	0.800000	0.000014
-6.400000	0.850000	0.000021
-6.400000	0.900000	0.000019
-6.400000	0.950000	0.000009
-6.350000	-0.050000	0.000010
-6.350000	0.000000	0.000014
-6.350000	0.050000	0.000011
-6.250000	-0.900000	0.000012
-6.250000	-0.850000	0.000013
-6.250000	-0.100000	0.000016
-6.250000	-0.050000	0.000038
-6.250000	0.000000	0.000049
-6.250000	0.050000	0.000037
-6.250000	0.100000	0.000015
-6.250000	0.800000	0.000010
-6.250000	0.850000	0.000014
-6.250000	0.900000	0.000012
-6.200000	-0.950000	0.000012
-6.200000	-0.900000	0.000024
-6.200000	-0.850000	0.000028
-6.200000	-0.800000	0.000018
-6.200000	-0.100000	0.000032
-6.200000	-0.050000	0.000079
-6.200000	0.000000	0.000101
-6.200000	0.050000	0.000076
-6.200000	0.100000	0.000030
-6.200000	0.800000	0.000020
-6.200000	0.850000	0.000030
-6.200000	0.900000	0.000025
-6.200000	0.950000	0.000012
-6.150000	-0.950000	0.000014
-6.150000	-0.900000	0.000028
-6.150000	-0.850000	0.000032
-6.150000	-0.800000	0.000021
-6.150000	-0.100000	0.000037
-6.150000	-0.050000	0.000090
-6.150000	0.000000	0.000116
-6.150000	0.050000	0.000087
-6.150000	0.100000	0.000035
-6.150000	0.800000	0.000023
-6.150000	0.850000	0.000034
-6.150000	0.900000	0.000029
-6.150000	0.950000	0.000014
-6.100000	-0.950000	0.000010
-6.100000	-0.900000	0.000019
-6.100000	-0.850000	0.000023
-6.100000	-0.800000	0.000015
-6.100000	-0.100000	0.000026
-6.100000	-0.050000	0.000062
-6.100000	0.000000	0.000080
-6.100000	0.050000	0.000061
-6.100000	0.100000	0.000024
-6.100000	0.800000	0.000016
-6.100000	0.850000	0.000024
-6.100000	0.900000	0.000020
-6.100000	0.950000	0.000010
-6.050000	-0.050000	0.000021
-6.050000	0.000000	0.000027
-6.050000	0.050000	0.000021
-5.950000	-0.050000	0.000017
-5.950000	0.000000	0.000022
-5.950000	0.050000	0.000016
-5.900000	-0.950000	0.000009
-5.900000	-0.900000	0.000018
-5.900000	-0.850000	0.000021
-5.900000	-0.800000	0.000013
-5.900000	-0.100000	0.000024
-5.900000	-0.050000	0.000059
-5.900000	0.000000	0.000076
-5.900000	0.050000	0.000057
-5.900000	0.100000	0.000022
-5.900000	0.800000	0.000015
-5.900000	0.850000	0.000023
-5.900000	0.900000	0.000019
-5.900000	0.950000	0.000009
-5.850000	-0.950000	0.000015
-5.850000	-0.900000	0.000030
-5.850000	-0.850000	0.000034
-5.850000	-0.800000	0.000022
-5.850000	-0.100000	0.000040
-5.850000	-0.050000	0.000099
-5.850000	0.000000	0.000126
-5.850000	0.050000	0.000093
-5.850000	0.100000	0.000035
-5.850000	0.800000	0.000026
-5.850000	0.850000	0.000038
-5.850000	0.900000	0.000032
-5.850000	0.950000	0.000015
-5.800000	-0.950000	0.000017
-5.800000	-0.900000	0.000034
-5.800000	-0.850000	0.000039
-5.800000	-0.800000	0.000024
-5.800000	-0.250000	0.000009
-5.800000	-0.100000	0.000046
-5.800000	-0.050000	0.000112
-5.800000	0.000000	0.000142
-5.800000	0.050000	0.000105
-5.800000	0.100000	0.000038
-5.800000	0.250000	0.000009
-5.800000	0.800000	0.000030
-5.800000	0.850000	0.000043
-5.800000	0.900000	0.000036
-5.800000	0.950000	0.000017
-5.750000	-0.950000	0.000015
-5.750000	-0.900000	0.000029
-5.750000	-0.850000	0.000032
-5.750000	-0.800000	0.000020
-5.750000	-0.100000	0.000040
-5.750000	-0.050000	0.000097
-5.750000	0.000000	0.000121
-5.750000	0.050000	0.000087
-5.750000	0.100000	0.000031
-5.750000	0.800000	0.000026
-5.750000	0.850000	0.000037
-5.750000	0.900000	0.000030
-5.750000	0.950000	0.000014
-5.700000	-0.950000	0.000010
-5.700000	-0.900000	0.000019
-5.700000	-0.850000	0.000021
-5.700000	-0.800000	0.000012
-5.700000	-0.100000	0.000028
-5.700000	-0.050000	0.000065
-5.700000	0.000000	0.000080
-5.700000	0.050000	0.000057
-5.700000	0.100000	0.000020
-5.700000	0.800000	0.000017
-5.700000	0.850000	0.000025
-5.700000	0.900000	0.000020
-5.650000	-0.900000	0.000011
-5.650000	-0.850000	0.000011
-5.650000	-0.100000	0.000016
-5.650000	-0.050000	0.000036
-5.650000	0.000000	0.000044
-5.650000	0.050000	0.000030
-5.650000	0.100000	0.000010
-5.650000	0.800000	0.000010
-5.650000	0.850000	0.000014
-5.650000	0.900000	0.000011
-5.600000	-0.050000	0.000018
-5.600000	0.000000	0.000022
-5.600000	0.050000	0.000016
-5.550000	-0.050000	0.000010
-5.550000	0.000000	0.000013
-5.550000	0.050000	0.000010
-5.300000	-0.050000	0.000011
-5.300000	0.000000	0.000013
-5.300000	0.050000	0.000009
-5.250000	-0.050000	0.000013
-5.250000	0.000000	0.000017
-5.250000	0.050000	0.000012
-5.200000	-0.050000	0.000009
-5.200000	0.000000	0.000012
-5.200000	0.050000	0.000009
-5.050000	0.000000	0.000010
-5.000000	-0.050000	0.000019
-5.000000	0.000000	0.000024
-5.000000	0.050000	0.000018
-4.950000	-0.100000	0.000010
-4.950000	-0.050000	0.000024
-4.950000	0.000000	0.000031
-4.950000	0.050000	0.000024
-4.950000	0.100000	0.000009
-4.950000	0.850000	0.000009
-4.900000	-0.050000	0.000019
-4.900000	0.000000	0.000024
-4.900000	0.050000	0.000018
-4.750000	-0.050000	0.000010
-4.750000	0.000000	0.000015
-4.750000	0.050000	0.000012
-4.700000	-0.900000	0.000012
-4.700000	-0.850000	0.000015
-4.700000	-0.800000	0.000011
-4.700000	-0.100000	0.000012
-4.700000	-0.050000	0.000036
-4.700000	0.000000	0.000051
-4.700000	0.050000	0.000041
-4.700000	0.100000	0.000017
-4.700000	0.850000	0.000014
-4.700000	0.900000	0.000013
-4.650000	-0.950000	0.000009
-4.650000	-0.900000	0.000022
-4.650000	-0.850000	0.000028
-4.650000	-0.800000	0.000020
-4.650000	-0.250000	0.000010
-4.650000	-0.100000	0.000020
-4.650000	-0.050000	0.000064
-4.650000	0.000000	0.000092
-4.650000	0.050000	0.000075
-4.650000	0.100000	0.000032
-4.650000	0.800000	0.000015
-4.650000	0.850000	0.000025
-4.650000	0.900000	0.000023
-4.650000	0.950000	0.000012
-4.600000	-0.950000	0.000011
-4.600000	-0.900000	0.000027
-4.600000	-0.850000	0.000035
-4.600000	-0.800000	0.000025
-4.600000	-0.250000	0.000013
-4.600000	-0.100000	0.000022
-4.600000	-0.050000	0.000077
-4.600000	0.000000	0.000115
-4.600000	0.050000	0.000095
-4.600000	0.100000	0.000041
-4.600000	0.800000	0.000017
-4.600000	0.850000	0.000032
-4.600000	0.900000	0.000030
-4.600000	0.950000	0.000015
-4.550000	-0.950000	0.000009
-4.550000	-0.900000	0.000025
-4.550000	-0.850000	0.000034
-4.550000	-0.800000	0.000025
-4.550000	-0.250000	0.000015
-4.550000	-0.200000	0.000011
-4.550000	-0.100000	0.000018
-4.550000	-0.050000	0.000068
-4.550000	0.000000	0.000107
-4.550000	0.050000	0.000092
-4.550000	0.100000	0.000040
-4.550000	0.800000	0.000015
-4.550000	0.850000	0.000029
-4.550000	0.900000	0.000028
-4.550000	0.950000	0.000015
-4.500000	-0.900000	0.000017
-4.500000	-0.850000	0.000024
-4.500000	-0.800000	0.000019
-4.500000	-0.250000	0.000013
-4.500000	-0.200000	0.000012
-4.500000	-0.100000	0.000009
-4.500000	-0.050000	0.000043
-4.500000	0.000000	0.000075
-4.500000	0.050000	0.000068
-4.500000	0.100000	0.000031
-4.500000	0.800000	0.000009
-4.500000	0.850000	0.000020
-4.500000	0.900000	0.000020
-4.500000	0.950000	0.000011
-4.450000	-0.850000	0.000013
-4.450000	-0.800000	0.000011
-4.450000	-0.250000	0.000010
-4.450000	-0.200000	0.000011
-4.450000	-0.050000	0.000018
-4.450000	0.000000	0.000038
-4.450000	0.050000	0.000039
-4.450000	0.100000	0.000020
-4.450000	0.850000	0.000009
-4.450000	0.900000	0.000011
-4.400000	-0.200000	0.000010
-4.400000	0.000000	0.000014
-4.400000	0.050000	0.000017
-4.400000	0.100000	0.000010
-4.050000	0.050000	0.000009
-4.000000	0.050000	0.000010
-3.800000	-0.050000	0.000017
-3.800000	0.000000	0.000019
-3.800000	0.050000	0.000012
-3.750000	-0.100000	0.000010
-3.750000	-0.050000	0.000024
-3.750000	0.000000	0.000029
-3.750000	0.050000	0.000020
-3.750000	0.850000	0.000009
-3.700000	-0.050000	0.000017
-3.700000	0.000000	0.000022
-3.700000	0.050000	0.000016
-3.550000	-0.900000	0.000016
-3.550000	-0.850000	0.000019
-3.550000	-0.800000	0.000013
-3.550000	-0.100000	0.000020
-3.550000	-0.050000	0.000051
-3.550000	0.000000	0.000067
-3.550000	0.050000	0.000051
-3.550000	0.100000	0.000021
-3.550000	0.800000	0.000012
-3.550000	0.850000	0.000019
-3.550000	0.900000	0.000016
-3.500000	-0.950000	0.000022
-3.500000	-0.900000	0.000046
-3.500000	-0.850000	0.000055
-3.500000	-0.800000	0.000037
-3.500000	-0.750000	0.000011
-3.500000	-0.250000	0.000014
-3.500000	-0.100000	0.000056
-3.500000	-0.050000	0.000147
-3.500000	0.000000	0.000195
-3.500000	0.050000	0.000152
-3.500000	0.100000	0.000063
-3.500000	0.250000	0.000012
-3.500000	0.750000	0.000009
-3.500000	0.800000	0.000036
-3.500000	0.850000	0.000055
-3.500000	0.900000	0.000048
-3.500000	0.950000	0.000024
-3.450000	-0.950000	0.000040
-3.450000	-0.900000	0.000085
-3.450000	-0.850000	0.000101
-3.450000	-0.800000	0.000070
-3.450000	-0.750000	0.000021
-3.450000	-0.600000	0.000011
-3.450000	-0.300000	0.000013
-3.450000	-0.250000	0.000025
-3.450000	-0.200000	0.000009
-3.450000	-0.100000	0.000102
-3.450000	-0.050000	0.000267
-3.450000	0.000000	0.000360
-3.450000	0.050000	0.000281
-3.450000	0.100000	0.000116
-3.450000	0.150000	0.000013
-3.450000	0.250000	0.000019
-3.450000	0.300000	0.000010
-3.450000	0.600000	0.000013
-3.450000	0.650000	0.000011
-3.450000	0.750000	0.000017
-3.450000	0.800000	0.000064
-3.450000	0.850000	0.000101
-3.450000	0.900000	0.000088
-3.450000	0.950000	0.000044
-3.450000	1.000000	0.000010
-3.400000	-1.000000	0.000010
-3.400000	-0.950000	0.000054
-3.400000	-0.900000	0.000116
-3.400000	-0.850000	0.000141
-3.400000	-0.800000	0.000097
-3.400000	-0.750000	0.000030
-3.400000	-0.650000	0.000010
-3.400000	-0.600000	0.000014
-3.400000	-0.450000	0.000013
-3.400000	-0.300000	0.000016
-3.400000	-0.250000	0.000033
-3.400000	-0.200000	0.000012
-3.400000	-0.150000	0.000010
-3.400000	-0.100000	0.000136
-3.400000	-0.050000	0.000361
-3.400000	0.000000	0.000488
-3.400000	0.050000	0.000387
-3.400000	0.100000	0.000162
-3.400000	0.150000	0.000020
-3.400000	0.250000	0.000025
-3.400000	0.300000	0.000013
-3.400000	0.400000	0.000009
-3.400000	0.450000	0.000013
-3.400000	0.600000	0.000018
-3.400000	0.650000	0.000015
-3.400000	0.750000	0.000022
-3.400000	0.800000	0.000087
-3.400000	0.850000	0.000135
-3.400000	0.900000	0.000119
-3.400000	0.950000	0.000060
-3.400000	1.000000	0.000013
-3.350000	-1.000000	0.000011
-3.350000	-0.950000	0.000058
-3.350000	-0.900000	0.000125
-3.350000	-0.850000	0.000151
-3.350000	-0.800000	0.000106
-3.350000	-0.750000	0.000033
-3.350000	-0.650000	0.000010
-3.350000	-0.600000	0.000015
-3.350000	-0.450000	0.000014
-3.350000	-0.400000	0.000010
-3.350000	-0.300000	0.000016
-3.350000	-0.250000	0.000034
-3.350000	-0.200000	0.000013
-3.350000	-0.150000	0.000012
-3.350000	-0.100000	0.000146
-3.350000	-0.050000	0.000386
-3.350000	0.000000	0.000523
-3.350000	0.050000	0.000413
-3.350000	0.100000	0.000176
-3.350000	0.150000	0.000020
-3.350000	0.250000	0.000026
-3.350000	0.300000	0.000013
-3.350000	0.400000	0.000010
-3.350000	0.450000	0.000014
-3.350000	0.600000	0.000018
-3.350000	0.650000	0.000015
-3.350000	0.750000	0.000024
-3.350000	0.800000	0.000092
-3.350000	0.850000	0.000144
-3.350000	0.900000	0.000127
-3.350000	0.950000	0.000064
-3.350000	1.000000	0.000014
-3.300000	-1.000000	0.000009
-3.300000	-0.950000	0.000050
-3.300000	-0.900000	0.000108
-3.300000	-0.850000	0.000132
-3.300000	-0.800000	0.000092
-3.300000	-0.750000	0.000029
-3.300000	-0.600000	0.000012
-3.300000	-0.450000	0.000012
-3.300000	-0.300000	0.000013
-3.300000	-0.250000	0.000028
-3.300000	-0.200000	0.000011
-3.300000	-0.150000	0.000009
-3.300000	-0.100000	0.000126
-3.300000	-0.050000	0.000331
-3.300000	0.000000	0.000448
-3.300000	0.050000	0.000357
-3.300000	0.100000	0.000152
-3.300000	0.150000	0.000020
-3.300000	0.250000	0.000022
-3.300000	0.300000	0.000011
-3.300000	0.450000	0.000012
-3.300000	0.600000	0.000015
-3.300000	0.650000	0.000013
-3.300000	0.750000	0.000020
-3.300000	0.800000	0.000080
-3.300000	0.850000	0.000124
-3.300000	0.900000	0.000110
-3.300000	0.950000	0.000055
-3.300000	1.000000	0.000013
-3.250000	-0.950000	0.000035
-3.250000	-0.900000	0.000075
-3.250000	-0.850000	0.000091
-3.250000	-0.800000	0.000064
-3.250000	-0.750000	0.000020
-3.250000	-0.300000	0.000009
-3.250000	-0.250000	0.000019
-3.250000	-0.100000	0.000088
-3.250000	-0.050000	0.000232
-3.250000	0.000000	0.000312
-3.250000	0.050000	0.000246
-3.250000	0.100000	0.000107
-3.250000	0.150000	0.000013
-3.250000	0.250000	0.000014
-3.250000	0.600000	0.000010
-3.250000	0.750000	0.000015
-3.250000	0.800000	0.000056
-3.250000	0.850000	0.000087
-3.250000	0.900000	0.000076
-3.250000	0.950000	0.000039
-3.250000	1.000000	0.000009
-3.200000	-0.950000	0.000020
-3.200000	-0.900000	0.000043
-3.200000	-0.850000	0.000051
-3.200000	-0.800000	0.000036
-3.200000	-0.750000	0.000012
-3.200000	-0.250000	0.000010
-3.200000	-0.100000	0.000050
-3.200000	-0.050000	0.000129
-3.200000	0.000000	0.000174
-3.200000	0.050000	0.000139
-3.200000	0.100000	0.000060
-3.200000	0.800000	0.000031
-3.200000	0.850000	0.000047
-3.200000	0.900000	0.000042
-3.200000	0.950000	0.000021
-3.150000	-0.950000	0.000009
-3.150000	-0.900000	0.000019
-3.150000	-0.850000	0.000023
-3.150000	-0.800000	0.000016
-3.150000	-0.100000	0.000022
-3.150000	-0.050000	0.000056
-3.150000	0.000000	0.000076
-3.150000	0.050000	0.000061
-3.150000	0.100000	0.000027
-3.150000	0.800000	0.000013
-3.150000	0.850000	0.000021
-3.150000	0.900000	0.000018
-3.150000	0.950000	0.000009
-3.100000	-0.050000	0.000017
-3.100000	0.000000	0.000024
-3.100000	0.050000	0.000020
-3.100000	0.100000	0.000010
-2.950000	-0.900000	0.000011
-2.950000	-0.850000	0.000011
-2.950000	-0.100000	0.000018
-2.950000	-0.050000	0.000035
-2.950000	0.000000	0.000039
-2.950000	0.050000	0.000025
-2.950000	0.800000	0.000009
-2.950000	0.850000	0.000011
-2.900000	-0.950000	0.000014
-2.900000	-0.900000	0.000026
-2.900000	-0.850000	0.000027
-2.900000	-0.800000	0.000016
-2.900000	-0.100000	0.000036
-2.900000	-0.050000	0.000078
-2.900000	0.000000	0.000093
-2.900000	0.050000	0.000064
-2.900000	0.100000	0.000022
-2.900000	0.800000	0.000019
-2.900000	0.850000	0.000026
-2.900000	0.900000	0.000020
-2.850000	-0.950000	0.000019
-2.850000	-0.900000	0.000036
-2.850000	-0.850000	0.000039
-2.850000	-0.800000	0.000024
-2.850000	-0.250000	0.000009
-2.850000	-0.100000	0.000045
-2.850000	-0.050000	0.000107
-2.850000	0.000000	0.000131
-2.850000	0.050000	0.000093
-2.850000	0.100000	0.000033
-2.850000	0.800000	0.000026
-2.850000	0.850000	0.000037
-2.850000	0.900000	0.000030
-2.850000	0.950000	0.000013
-2.800000	-0.950000	0.000016
-2.800000	-0.900000	0.000032
-2.800000	-0.850000	0.000035
-2.800000	-0.800000	0.000022
-2.800000	-0.250000	0.000009
-2.800000	-0.100000	0.000037
-2.800000	-0.050000	0.000092
-2.800000	0.000000	0.000118
-2.800000	0.050000	0.000085
-2.800000	0.100000	0.000031
-2.800000	0.800000	0.000022
-2.800000	0.850000	0.000033
-2.800000	0.900000	0.000027
-2.800000	0.950000	0.000012
-2.750000	-0.900000	0.000018
-2.750000	-0.850000	0.000020
-2.750000	-0.800000	0.000012
-2.750000	-0.100000	0.000021
-2.750000	-0.050000	0.000053
-2.750000	0.000000	0.000068
-2.750000	0.050000	0.000049
-2.750000	0.100000	0.000017
-2.750000	0.800000	0.000013
-2.750000	0.850000	0.000019
-2.750000	0.900000	0.000015
-2.700000	-0.950000	0.000011
-2.700000	-0.900000	0.000020
-2.700000	-0.850000	0.000022
-2.700000	-0.800000	0.000013
-2.700000	-0.100000	0.000028
-2.700000	-0.050000	0.000062
-2.700000	0.000000	0.000076
-2.700000	0.050000	0.000053
-2.700000	0.100000	0.000019
-2.700000	0.800000	0.000015
-2.700000	0.850000	0.000021
-2.700000	0.900000	0.000017
-2.650000	-0.950000	0.000037
-2.650000	-0.900000	0.000068
-2.650000	-0.850000	0.000076
-2.650000	-0.800000	0.000049
-2.650000	-0.750000	0.000014
-2.650000	-0.250000	0.000013
-2.650000	-0.150000	0.000013
-2.650000	-0.100000	0.000089
-2.650000	-0.050000	0.000199
-2.650000	0.000000	0.000246
-2.650000	0.050000	0.000182
-2.650000	0.100000	0.000071
-2.650000	0.250000	0.000010
-2.650000	0.750000	0.000016
-2.650000	0.800000	0.000048
-2.650000	0.850000	0.000068
-2.650000	0.900000	0.000055
-2.650000	0.950000	0.000026
-2.600000	-1.000000	0.000019
-2.600000	-0.950000	0.000079
-2.600000	-0.900000	0.000157
-2.600000	-0.850000	0.000177
-2.600000	-0.800000	0.000115
-2.600000	-0.750000	0.000033
-2.600000	-0.650000	0.000012
-2.600000	-0.600000	0.000015
-2.600000	-0.450000	0.000015
-2.600000	-0.300000	0.000019
-2.600000	-0.250000	0.000031
-2.600000	-0.150000	0.000023
-2.600000	-0.100000	0.000189
-2.600000	-0.050000	0.000449
-2.600000	0.000000	0.000569
-2.600000	0.050000	0.000426
-2.600000	0.100000	0.000173
-2.600000	0.150000	0.000019
-2.600000	0.250000	0.000025
-2.600000	0.300000	0.000012
-2.600000	0.400000	0.000010
-2.600000	0.450000	0.000013
-2.600000	0.600000	0.000017
-2.600000	0.650000	0.000012
-2.600000	0.750000	0.000032
-2.600000	0.800000	0.000105
-2.600000	0.850000	0.000153
-2.600000	0.900000	0.000129
-2.600000	0.950000	0.000061
-2.600000	1.000000	0.000014
-2.550000	-1.000000	0.000024
-2.550000	-0.950000	0.000115
-2.550000	-0.900000	0.000228
-2.550000	-0.850000	0.000263
-2.550000	-0.800000	0.000173
-2.550000	-0.750000	0.000050
-2.550000	-0.650000	0.000018
-2.550000	-0.600000	0.000023
-2.550000	-0.450000	0.000022
-2.550000	-0.400000	0.000013
-2.550000	-0.300000	0.000028
-2.550000	-0.250000	0.000051
-2.550000	-0.200000	0.000014
-2.550000	-0.150000	0.000030
-2.550000	-0.100000	0.000268
-2.550000	-0.050000	0.000654
-2.550000	0.000000	0.000834
-2.550000	0.050000	0.000632
-2.550000	0.100000	0.000254
-2.550000	0.150000	0.000029
-2.550000	0.200000	0.000011
-2.550000	0.250000	0.000038
-2.550000	0.300000	0.000018
-2.550000	0.400000	0.000015
-2.550000	0.450000	0.000019
-2.550000	0.600000	0.000027
-2.550000	0.650000	0.000019
-2.550000	0.750000	0.000045
-2.550000	0.800000	0.000151
-2.550000	0.850000	0.000224
-2.550000	0.900000	0.000190
-2.550000	0.950000	0.000093
-2.550000	1.000000	0.000019
-2.500000	-1.000000	0.000022
-2.500000	-0.950000	0.000106
-2.500000	-0.900000	0.000215
-2.500000	-0.850000	0.000248
-2.500000	-0.800000	0.000166
-2.500000	-0.750000	0.000048
-2.500000	-0.650000	0.000017
-2.500000	-0.600000	0.000022
-2.500000	-0.450000	0.000020
-2.500000	-0.400000	0.000013
-2.500000	-0.300000	0.000027
-2.500000	-0.250000	0.000049
-2.500000	-0.200000	0.000015
-2.500000	-0.150000	0.000023
-2.500000	-0.100000	0.000243
-2.500000	-0.050000	0.000599
-2.500000	0.000000	0.000782
-2.500000	0.050000	0.000594
-2.500000	0.100000	0.000245
-2.500000	0.150000	0.000027
-2.500000	0.200000	0.000010
-2.500000	0.250000	0.000036
-2.500000	0.300000	0.000018
-2.500000	0.400000	0.000014
-2.500000	0.450000	0.000018
-2.500000	0.600000	0.000025
-2.500000	0.650000	0.000019
-2.500000	0.750000	0.000038
-2.500000	0.800000	0.000135
-2.500000	0.850000	0.000203
-2.500000	0.900000	0.000175
-2.500000	0.950000	0.000086
-2.500000	1.000000	0.000019
-2.450000	-0.950000	0.000045
-2.450000	-0.900000	0.000093
-2.450000	-0.850000	0.000110
-2.450000	-0.800000	0.000075
-2.450000	-0.750000	0.000022
-2.450000	-0.600000	0.000009
-2.450000	-0.300000	0.000012
-2.450000	-0.250000	0.000023
-2.450000	-0.150000	0.000009
-2.450000	-0.100000	0.000095
-2.450000	-0.050000	0.000248
-2.450000	0.000000	0.000333
-2.450000	0.050000	0.000259
-2.450000	0.100000	0.000110
-2.450000	0.150000	0.000013
-2.450000	0.250000	0.000015
-2.450000	0.600000	0.000012
-2.450000	0.650000	0.000009
-2.450000	0.750000	0.000013
-2.450000	0.800000	0.000055
-2.450000	0.850000	0.000085
-2.450000	0.900000	0.000074
-2.450000	0.950000	0.000038
-2.400000	0.000000	0.000011
-2.350000	-1.000000	0.000027
-2.350000	-0.950000	0.000116
-2.350000	-0.900000	0.000235
-2.350000	-0.850000	0.000262
-2.350000	-0.800000	0.000171
-2.350000	-0.750000	0.000048
-2.350000	-0.650000	0.000023
-2.350000	-0.600000	0.000027
-2.350000	-0.450000	0.000026
-2.350000	-0.400000	0.000016
-2.350000	-0.300000	0.000024
-2.350000	-0.250000	0.000044
-2.350000	-0.200000	0.000013
-2.350000	-0.150000	0.000034
-2.350000	-0.100000	0.000269
-2.350000	-0.050000	0.000636
-2.350000	0.000000	0.000813
-2.350000	0.050000	0.000602
-2.350000	0.100000	0.000230
-2.350000	0.150000	0.000018
-2.350000	0.200000	0.000014
-2.350000	0.250000	0.000045
-2.350000	0.300000	0.000021
-2.350000	0.400000	0.000016
-2.350000	0.450000	0.000022
-2.350000	0.600000	0.000022
-2.350000	0.650000	0.000016
-2.350000	0.750000	0.000043
-2.350000	0.800000	0.000148
-2.350000	0.850000	0.000219
-2.350000	0.900000	0.000180
-2.350000	0.950000	0.000086
-2.350000	1.000000	0.000017
-2.300000	-1.150000	0.000025
-2.300000	-1.100000	0.000026
-2.300000	-1.000000	0.000120
-2.300000	-0.950000	0.000553
-2.300000	-0.900000	0.001100
-2.300000	-0.850000	0.001300
-2.300000	-0.800000	0.000812
-2.300000	-0.750000	0.000220
-2.300000	-0.650000	0.000100
-2.300000	-0.600000	0.000126
-2.300000	-0.550000	0.000021
-2.300000	-0.500000	0.000027
-2.300000	-0.450000	0.000114
-2.300000	-0.400000	0.000080
-2.300000	-0.300000	0.000117
-2.300000	-0.250000	0.000223
-2.300000	-0.200000	0.000062
-2.300000	-0.150000	0.000136
-2.300000	-0.100000	0.001200
-2.300000	-0.050000	0.003000
-2.300000	0.000000	0.003900
-2.300000	0.050000	0.002900
-2.300000	0.100000	0.001200
-2.300000	0.150000	0.000106
-2.300000	0.200000	0.000065
-2.300000	0.250000	0.000201
-2.300000	0.300000	0.000098
-2.300000	0.400000	0.000073
-2.300000	0.450000	0.000098
-2.300000	0.500000	0.000019
-2.300000	0.550000	0.000021
-2.300000	0.600000	0.000108
-2.300000	0.650000	0.000083
-2.300000	0.750000	0.000193
-2.300000	0.800000	0.000667
-2.300000	0.850000	0.000994
-2.300000	0.900000	0.000847
-2.300000	0.950000	0.000402
-2.300000	1.000000	0.000081
-2.300000	1.100000	0.000019
-2.300000	1.150000	0.000016
-2.250000	-1.800000	0.000011
-2.250000	-1.300000	0.000017
-2.250000	-1.150000	0.000063
-2.250000	-1.100000	0.000065
-2.250000	-1.000000	0.000296
-2.250000	-0.950000	0.001400
-2.250000	-0.900000	0.002800
-2.250000	-0.850000	0.003300
-2.250000	-0.800000	0.002100
-2.250000	-0.750000	0.000578
-2.250000	-0.650000	0.000253
-2.250000	-0.600000	0.000312
-2.250000	-0.550000	0.000058
-2.250000	-0.500000	0.000060
-2.250000	-0.450000	0.000280
-2.250000	-0.400000	0.000190
-2.250000	-0.300000	0.000277
-2.250000	-0.250000	0.000551
-2.250000	-0.200000	0.000162
-2.250000	-0.150000	0.000305
-2.250000	-0.100000	0.002900
-2.250000	-0.050000	0.007300
-2.250000	0.000000	0.009400
-2.250000	0.050000	0.007200
-2.250000	0.100000	0.002900
-2.250000	0.150000	0.000307
-2.250000	0.200000	0.000154
-2.250000	0.250000	0.000508
-2.250000	0.300000	0.000237
-2.250000	0.400000	0.000175
-2.250000	0.450000	0.000244
-2.250000	0.500000	0.000046
-2.250000	0.550000	0.000054
-2.250000	0.600000	0.000269
-2.250000	0.650000	0.000206
-2.250000	0.700000	0.000013
-2.250000	0.750000	0.000451
-2.250000	0.800000	0.001600
-2.250000	0.850000	0.002400
-2.250000	0.900000	0.002000
-2.250000	0.950000	0.000983
-2.250000	1.000000	0.000204
-2.250000	1.100000	0.000044
-2.250000	1.150000	0.000041
-2.250000	1.300000	0.000012
-2.200000	-2.550000	0.000012
-2.200000	-1.850000	0.000017
-2.200000	-1.800000	0.000020
-2.200000	-1.750000	0.000009
-2.200000	-1.350000	0.000016
-2.200000	-1.300000	0.000033
-2.200000	-1.250000	0.000009
-2.200000	-1.200000	0.000017
-2.200000	-1.150000	0.000110
-2.200000	-1.100000	0.000118
-2.200000	-1.050000	0.000010
-2.200000	-1.000000	0.000522
-2.200000	-0.950000	0.002500
-2.200000	-0.900000	0.005000
-2.200000	-0.850000	0.005800
-2.200000	-0.800000	0.003900
-2.200000	-0.750000	0.001100
-2.200000	-0.700000	0.000030
-2.200000	-0.650000	0.000463
-2.200000	-0.600000	0.000581
-2.200000	-0.550000	0.000105
-2.200000	-0.500000	0.000112
-2.200000	-0.450000	0.000499
-2.200000	-0.400000	0.000348
-2.200000	-0.350000	0.000010
-2.200000	-0.300000	0.000485
-2.200000	-0.250000	0.000971
-2.200000	-0.200000	0.000290
-2.200000	-0.150000	0.000518
-2.200000	-0.100000	0.005100
-2.200000	-0.050000	0.012500
-2.200000	0.000000	0.016400
-2.200000	0.050000	0.012500
-2.200000	0.100000	0.005000
-2.200000	0.150000	0.000463
-2.200000	0.200000	0.000268
-2.200000	0.250000	0.000868
-2.200000	0.300000	0.000437
-2.200000	0.400000	0.000309
-2.200000	0.450000	0.000428
-2.200000	0.500000	0.000088
-2.200000	0.550000	0.000092
-2.200000	0.600000	0.000473
-2.200000	0.650000	0.000367
-2.200000	0.750000	0.000771
-2.200000	0.800000	0.002700
-2.200000	0.850000	0.004100
-2.200000	0.900000	0.003500
-2.200000	0.950000	0.001700
-2.200000	1.000000	0.000366
-2.200000	1.100000	0.000076
-2.200000	1.150000	0.000070
-2.200000	1.200000	0.000010
-2.200000	1.300000	0.000020
-2.200000	1.350000	0.000009
-2.200000	1.800000	0.000011
-2.150000	-2.050000	0.000011
-2.150000	-2.000000	0.000011
-2.150000	-1.800000	0.000026
-2.150000	-1.750000	0.000022
-2.150000	-1.500000	0.000012
-2.150000	-1.450000	0.000010
-2.150000	-1.350000	0.000022
-2.150000	-1.300000	0.000046
-2.150000	-1.250000	0.000014
-2.150000	-1.200000	0.000022
-2.150000	-1.150000	0.000161
-2.150000	-1.100000	0.000170
-2.150000	-1.000000	0.000707
-2.150000	-0.950000	0.003400
-2.150000	-0.900000	0.006900
-2.150000	-0.850000	0.008100
-2.150000	-0.800000	0.005300
-2.150000	-0.750000	0.001500
-2.150000	-0.700000	0.000022
-2.150000	-0.650000	0.000658
-2.150000	-0.600000	0.000827
-2.150000	-0.550000	0.000157
-2.150000	-0.500000	0.000150
-2.150000	-0.450000	0.000731
-2.150000	-0.400000	0.000501
-2.150000	-0.350000	0.000021
-2.150000	-0.300000	0.000699
-2.150000	-0.250000	0.001400
-2.150000	-0.200000	0.000438
-2.150000	-0.150000	0.000684
-2.150000	-0.100000	0.007000
-2.150000	-0.050000	0.017500
-2.150000	0.000000	0.022600
-2.150000	0.050000	0.017300
-2.150000	0.100000	0.006900
-2.150000	0.150000	0.000733
-2.150000	0.200000	0.000363
-2.150000	0.250000	0.001200
-2.150000	0.300000	0.000601
-2.150000	0.350000	0.000020
-2.150000	0.400000	0.000420
-2.150000	0.450000	0.000602
-2.150000	0.500000	0.000128
-2.150000	0.550000	0.000127
-2.150000	0.600000	0.000665
-2.150000	0.650000	0.000519
-2.150000	0.700000	0.000028
-2.150000	0.750000	0.001100
-2.150000	0.800000	0.003800
-2.150000	0.850000	0.005800
-2.150000	0.900000	0.004900
-2.150000	0.950000	0.002400
-2.150000	1.000000	0.000488
-2.150000	1.050000	0.000009
-2.150000	1.100000	0.000105
-2.150000	1.150000	0.000099
-2.150000	1.200000	0.000013
-2.150000	1.300000	0.000028
-2.150000	1.350000	0.000013
-2.150000	1.800000	0.000015
-2.150000	1.850000	0.000011
-2.150000	2.600000	0.000009
-2.100000	-2.050000	0.000019
-2.100000	-2.000000	0.000014
-2.100000	-1.850000	0.000020
-2.100000	-1.800000	0.000041
-2.100000	-1.750000	0.000010
-2.100000	-1.500000	0.000029
-2.100000	-1.450000	0.000026
-2.100000	-1.350000	0.000032
-2.100000	-1.300000	0.000059
-2.100000	-1.250000	0.000016
-2.100000	-1.200000	0.000026
-2.100000	-1.150000	0.000182
-2.100000	-1.100000	0.000200
-2.100000	-1.050000	0.000012
-2.100000	-1.000000	0.000866
-2.100000	-0.950000	0.004100
-2.100000	-0.900000	0.008300
-2.100000	-0.850000	0.009400
-2.100000	-0.800000	0.006200
-2.100000	-0.750000	0.001700
-2.100000	-0.700000	0.000033
-2.100000	-0.650000	0.000729
-2.100000	-0.600000	0.000950
-2.100000	-0.550000	0.000179
-2.100000	-0.500000	0.000176
-2.100000	-0.450000	0.000835
-2.100000	-0.400000	0.000593
-2.100000	-0.350000	0.000025
-2.100000	-0.300000	0.000816
-2.100000	-0.250000	0.001700
-2.100000	-0.200000	0.000506
-2.100000	-0.150000	0.000857
-2.100000	-0.100000	0.008300
-2.100000	-0.050000	0.020600
-2.100000	0.000000	0.026600
-2.100000	0.050000	0.020100
-2.100000	0.100000	0.008100
-2.100000	0.150000	0.000737
-2.100000	0.200000	0.000429
-2.100000	0.250000	0.001400
-2.100000	0.300000	0.000697
-2.100000	0.350000	0.000011
-2.100000	0.400000	0.000472
-2.100000	0.450000	0.000675
-2.100000	0.500000	0.000141
-2.100000	0.550000	0.000138
-2.100000	0.600000	0.000734
-2.100000	0.650000	0.000593
-2.100000	0.750000	0.001200
-2.100000	0.800000	0.004400
-2.100000	0.850000	0.006600
-2.100000	0.900000	0.005700
-2.100000	0.950000	0.002800
-2.100000	1.000000	0.000578
-2.100000	1.100000	0.000122
-2.100000	1.150000	0.000114
-2.100000	1.200000	0.000016
-2.100000	1.250000	0.000009
-2.100000	1.300000	0.000032
-2.100000	1.350000	0.000015
-2.100000	1.800000	0.000017
-2.100000	1.850000	0.000012
-2.100000	2.550000	0.000009
-2.100000	2.600000	0.000010
-2.050000	-1.850000	0.000117
-2.050000	-1.800000	0.000114
-2.050000	-1.350000	0.000009
-2.050000	-1.300000	0.000066
-2.050000	-1.250000	0.000034
-2.050000	-1.200000	0.000053
-2.050000	-1.150000	0.000288
-2.050000	-1.100000	0.000239
-2.050000	-1.000000	0.000804
-2.050000	-0.950000	0.003900
-2.050000	-0.900000	0.007900
-2.050000	-0.850000	0.009400
-2.050000	-0.800000	0.006200
-2.050000	-0.750000	0.001800
-2.050000	-0.700000	0.000021
-2.050000	-0.650000	0.000738
-2.050000	-0.600000	0.000919
-2.050000	-0.550000	0.000182
-2.050000	-0.500000	0.000154
-2.050000	-0.450000	0.000778
-2.050000	-0.400000	0.000549
-2.050000	-0.350000	0.000016
-2.050000	-0.300000	0.000752
-2.050000	-0.250000	0.001500
-2.050000	-0.200000	0.000495
-2.050000	-0.150000	0.000728
-2.050000	-0.100000	0.007900
-2.050000	-0.050000	0.019800
-2.050000	0.000000	0.025700
-2.050000	0.050000	0.019700
-2.050000	0.100000	0.007800
-2.050000	0.150000	0.000818
-2.050000	0.200000	0.000410
-2.050000	0.250000	0.001400
-2.050000	0.300000	0.000683
-2.050000	0.350000	0.000016
-2.050000	0.400000	0.000455
-2.050000	0.450000	0.000655
-2.050000	0.500000	0.000144
-2.050000	0.550000	0.000131
-2.050000	0.600000	0.000707
-2.050000	0.650000	0.000557
-2.050000	0.700000	0.000034
-2.050000	0.750000	0.001100
-2.050000	0.800000	0.004100
-2.050000	0.850000	0.006200
-2.050000	0.900000	0.005300
-2.050000	0.950000	0.002600
-2.050000	1.000000	0.000543
-2.050000	1.050000	0.000009
-2.050000	1.100000	0.000117
-2.050000	1.150000	0.000112
-2.050000	1.200000	0.000016
-2.050000	1.300000	0.000031
-2.050000	1.350000	0.000015
-2.050000	1.800000	0.000016
-2.050000	1.850000	0.000011
-2.050000	2.600000	0.000010
-2.000000	-1.650000	0.000011
-2.000000	-1.350000	0.000044
-2.000000	-1.300000	0.000071
-2.000000	-1.150000	0.000033
-2.000000	-1.100000	0.000060
-2.000000	-1.050000	0.000012
-2.000000	-1.000000	0.001700
-2.000000	-0.950000	0.007600
-2.000000	-0.900000	0.009700
-2.000000	-0.850000	0.008600
-2.000000	-0.800000	0.005000
-2.000000	-0.750000	0.001300
-2.000000	-0.700000	0.000035
-2.000000	-0.650000	0.000585
-2.000000	-0.600000	0.000770
-2.000000	-0.550000	0.000149
-2.000000	-0.500000	0.000137
-2.000000	-0.450000	0.000642
-2.000000	-0.400000	0.000452
-2.000000	-0.350000	0.000014
-2.000000	-0.300000	0.000577
-2.000000	-0.250000	0.001200
-2.000000	-0.200000	0.000363
-2.000000	-0.150000	0.000613
-2.000000	-0.100000	0.006000
-2.000000	-0.050000	0.015100
-2.000000	0.000000	0.019700
-2.000000	0.050000	0.015100
-2.000000	0.100000	0.006100
-2.000000	0.150000	0.000568
-2.000000	0.200000	0.000326
-2.000000	0.250000	0.001100
-2.000000	0.300000	0.000552
-2.000000	0.350000	0.000011
-2.000000	0.400000	0.000358
-2.000000	0.450000	0.000523
-2.000000	0.500000	0.000110
-2.000000	0.550000	0.000103
-2.000000	0.600000	0.000546
-2.000000	0.650000	0.000443
-2.000000	0.750000	0.000894
-2.000000	0.800000	0.003200
-2.000000	0.850000	0.004800
-2.000000	0.900000	0.004100
-2.000000	0.950000	0.002000
-2.000000	1.000000	0.000422
-2.000000	1.100000	0.000092
-2.000000	1.150000	0.000086
-2.000000	1.200000	0.000013
-2.000000	1.300000	0.000024
-2.000000	1.350000	0.000012
-2.000000	1.800000	0.000012
-1.950000	-1.450000	0.000023
-1.950000	-1.350000	0.000044
-1.950000	-1.300000	0.000016
-1.950000	-1.150000	0.000056
-1.950000	-1.100000	0.000127
-1.950000	-1.000000	0.000111
-1.950000	-0.950000	0.000392
-1.950000	-0.900000	0.000868
-1.950000	-0.850000	0.001400
-1.950000	-0.800000	0.002500
-1.950000	-0.750000	0.001700
-1.950000	-0.700000	0.000016
-1.950000	-0.650000	0.000534
-1.950000	-0.600000	0.000524
-1.950000	-0.550000	0.000095
-1.950000	-0.500000	0.000073
-1.950000	-0.450000	0.000388
-1.950000	-0.400000	0.000279
-1.950000	-0.350000	0.000010
-1.950000	-0.300000	0.000384
-1.950000	-0.250000	0.000777
-1.950000	-0.200000	0.000250
-1.950000	-0.150000	0.000360
-1.950000	-0.100000	0.003800
-1.950000	-0.050000	0.009300
-1.950000	0.000000	0.012000
-1.950000	0.050000	0.009100
-1.950000	0.100000	0.003600
-1.950000	0.150000	0.000376
-1.950000	0.200000	0.000204
-1.950000	0.250000	0.000674
-1.950000	0.300000	0.000344
-1.950000	0.350000	0.000012
-1.950000	0.400000	0.000222
-1.950000	0.450000	0.000323
-1.950000	0.500000	0.000076
-1.950000	0.550000	0.000059
-1.950000	0.600000	0.000345
-1.950000	0.650000	0.000271
-1.950000	0.700000	0.000018
-1.950000	0.750000	0.000558
-1.950000	0.800000	0.002000
-1.950000	0.850000	0.003000
-1.950000	0.900000	0.002600
-1.950000	0.950000	0.001300
-1.950000	1.000000	0.000262
-1.950000	1.100000	0.000058
-1.950000	1.150000	0.000054
-1.950000	1.300000	0.000015
-1.900000	-1.200000	0.000084
-1.900000	-1.150000	0.000247
-1.900000	-1.100000	0.000034
-1.900000	-1.000000	0.000048
-1.900000	-0.950000	0.000272
-1.900000	-0.900000	0.001000
-1.900000	-0.850000	0.003300
-1.900000	-0.800000	0.001100
-1.900000	-0.750000	0.000091
-1.900000	-0.650000	0.000034
-1.900000	-0.600000	0.000070
-1.900000	-0.550000	0.000027
-1.900000	-0.500000	0.000108
-1.900000	-0.450000	0.000401
-1.900000	-0.400000	0.000166
-1.900000	-0.300000	0.000148
-1.900000	-0.250000	0.000311
-1.900000	-0.200000	0.000105
-1.900000	-0.150000	0.000172
-1.900000	-0.100000	0.001700
-1.900000	-0.050000	0.004500
-1.900000	0.000000	0.005800
-1.900000	0.050000	0.004300
-1.900000	0.100000	0.001700
-1.900000	0.150000	0.000153
-1.900000	0.200000	0.000094
-1.900000	0.250000	0.000297
-1.900000	0.300000	0.000149
-1.900000	0.400000	0.000093
-1.900000	0.450000	0.000139
-1.900000	0.500000	0.000030
-1.900000	0.550000	0.000025
-1.900000	0.600000	0.000144
-1.900000	0.650000	0.000121
-1.900000	0.750000	0.000243
-1.900000	0.800000	0.000884
-1.900000	0.850000	0.001300
-1.900000	0.900000	0.001200
-1.900000	0.950000	0.000563
-1.900000	1.000000	0.000115
-1.900000	1.100000	0.000026
-1.900000	1.150000	0.000025
-1.850000	-1.000000	0.000422
-1.850000	-0.950000	0.002100
-1.850000	-0.900000	0.000583
-1.850000	-0.850000	0.000214
-1.850000	-0.800000	0.000082
-1.850000	-0.750000	0.000018
-1.850000	-0.650000	0.000085
-1.850000	-0.600000	0.000119
-1.850000	-0.300000	0.000021
-1.850000	-0.250000	0.000181
-1.850000	-0.200000	0.000103
-1.850000	-0.150000	0.000044
-1.850000	-0.100000	0.000313
-1.850000	-0.050000	0.000796
-1.850000	0.000000	0.001100
-1.850000	0.050000	0.000923
-1.850000	0.100000	0.000376
-1.850000	0.150000	0.000042
-1.850000	0.200000	0.000025
-1.850000	0.250000	0.000079
-1.850000	0.300000	0.000037
-1.850000	0.400000	0.000023
-1.850000	0.450000	0.000033
-1.850000	0.600000	0.000032
-1.850000	0.650000	0.000027
-1.850000	0.750000	0.000051
-1.850000	0.800000	0.000195
-1.850000	0.850000	0.000290
-1.850000	0.900000	0.000250
-1.850000	0.950000	0.000120
-1.850000	1.000000	0.000024
-1.800000	-0.800000	0.000033
-1.800000	-0.050000	0.000009
-1.800000	0.000000	0.000013
-1.800000	0.050000	0.000034
-1.750000	-0.900000	0.000014
-1.750000	-0.850000	0.000020
-1.750000	-0.800000	0.000018
-1.750000	-0.650000	0.000010
-1.750000	-0.600000	0.000042
-1.750000	-0.550000	0.000049
-1.750000	-0.500000	0.000022
-1.750000	-0.450000	0.000015
-1.750000	-0.250000	0.000010
-1.750000	-0.150000	0.000065
-1.750000	-0.100000	0.000696
-1.750000	-0.050000	0.000279
-1.750000	0.000000	0.000203
-1.750000	0.050000	0.000102
-1.750000	0.100000	0.000036
-1.750000	0.250000	0.000050
-1.750000	0.300000	0.000066
-1.750000	0.450000	0.000011
-1.750000	0.600000	0.000024
-1.750000	0.650000	0.000020
-1.750000	0.750000	0.000042
-1.750000	0.800000	0.000144
-1.750000	0.850000	0.000200
-1.750000	0.900000	0.000162
-1.750000	0.950000	0.000077
-1.750000	1.000000	0.000016
-1.700000	-0.900000	0.000017
-1.700000	-0.850000	0.000022
-1.700000	-0.800000	0.000017
-1.700000	-0.450000	0.000022
-1.700000	-0.400000	0.000045
-1.700000	-0.350000	0.000022
-1.700000	-0.300000	0.000373
-1.700000	-0.250000	0.000098
-1.700000	-0.200000	0.000014
-1.700000	-0.150000	0.000012
-1.700000	-0.100000	0.000094
-1.700000	-0.050000	0.000261
-1.700000	0.000000	0.000605
-1.700000	0.050000	0.001900
-1.700000	0.100000	0.002800
-1.700000	0.150000	0.000107
-1.700000	0.200000	0.000025
-1.700000	0.250000	0.000026
-1.700000	0.450000	0.000016
-1.700000	0.550000	0.000017
-1.700000	0.600000	0.000057
-1.700000	0.650000	0.000015
-1.700000	0.750000	0.000078
-1.700000	0.800000	0.000341
-1.700000	0.850000	0.000587
-1.700000	0.900000	0.000497
-1.700000	0.950000	0.000229
-1.700000	1.000000	0.000043
-1.700000	1.100000	0.000010
-1.650000	-0.900000	0.000013
-1.650000	-0.850000	0.000016
-1.650000	-0.800000	0.000011
-1.650000	-0.300000	0.000010
-1.650000	-0.250000	0.000036
-1.650000	-0.200000	0.000031
-1.650000	-0.150000	0.000463
-1.650000	-0.100000	0.006700
-1.650000	-0.050000	0.003100
-1.650000	0.000000	0.000855
-1.650000	0.050000	0.000322
-1.650000	0.100000	0.000097
-1.650000	0.150000	0.000009
-1.650000	0.200000	0.000010
-1.650000	0.250000	0.000056
-1.650000	0.300000	0.000101
-1.650000	0.400000	0.000083
-1.650000	0.450000	0.000026
-1.650000	0.600000	0.000010
-1.650000	0.750000	0.000159
-1.650000	0.800000	0.001200
-1.650000	0.850000	0.000582
-1.650000	0.900000	0.000187
-1.650000	0.950000	0.000092
-1.650000	1.000000	0.000032
-1.650000	1.100000	0.000016
-1.650000	1.150000	0.000014
-1.600000	-0.100000	0.000066
-1.600000	-0.050000	0.000278
-1.600000	0.000000	0.000792
-1.600000	0.050000	0.002100
-1.600000	0.100000	0.004400
-1.600000	0.150000	0.000202
-1.600000	0.200000	0.000013
-1.600000	0.250000	0.000020
-1.600000	0.450000	0.000013
-1.600000	0.550000	0.000022
-1.600000	0.600000	0.000397
-1.600000	0.650000	0.000068
-1.600000	0.750000	0.000020
-1.600000	0.800000	0.000051
-1.600000	0.850000	0.000073
-1.600000	0.900000	0.000077
-1.600000	0.950000	0.000070
-1.600000	1.000000	0.000046
-1.550000	-0.100000	0.000011
-1.550000	-0.050000	0.000032
-1.550000	0.000000	0.000049
-1.550000	0.050000	0.000045
-1.550000	0.100000	0.000023
-1.550000	0.250000	0.000037
-1.550000	0.300000	0.000130
-1.550000	0.400000	0.000010
-1.550000	0.750000	0.000066
-1.550000	0.800000	0.001200
-1.550000	0.850000	0.001200
-1.550000	0.900000	0.000215
-1.550000	0.950000	0.000035
-1.500000	-0.050000	0.000010
-1.500000	0.000000	0.000014
-1.500000	0.050000	0.000012
-1.500000	0.500000	0.000020
-1.500000	0.550000	0.000016
-1.500000	0.600000	0.000014
-1.500000	0.800000	0.000013
-1.500000	0.850000	0.000025
-1.500000	0.900000	0.000032
-1.500000	0.950000	0.000029
-1.500000	1.000000	0.000026
-1.450000	0.000000	0.000011
-1.450000	0.050000	0.000010
-1.450000	0.750000	0.000144
-1.450000	0.800000	0.000132
-1.450000	0.850000	0.000036
-1.450000	0.900000	0.000017
-1.400000	-0.050000	0.000010
-1.400000	0.000000	0.000014
-1.400000	0.050000	0.000012
-1.400000	0.800000	0.000011
-1.400000	0.850000	0.000032
-1.400000	0.900000	0.000081
-1.400000	0.950000	0.000341
-1.400000	1.000000	0.000030
-1.350000	-0.050000	0.000011
-1.350000	0.000000	0.000015
-1.350000	0.050000	0.000012
-1.350000	1.150000	0.000011
-1.300000	-0.050000	0.000009
-1.300000	0.000000	0.000013
-1.300000	0.050000	0.000011
-1.250000	0.000000	0.000009
-1.100000	-0.100000	0.000057
-1.100000	-0.050000	0.004700
-1.100000	0.000000	0.018800
-1.100000	0.050000	0.001600
-1.100000	0.100000	0.000549
-1.100000	0.150000	0.000035
-1.100000	0.250000	0.000022
-1.100000	0.300000	0.000019
-1.100000	0.450000	0.000022
-1.100000	0.500000	0.000180
-1.100000	0.600000	0.000043
-1.100000	0.650000	0.000081
-1.100000	0.800000	0.000016
-1.100000	0.850000	0.000016
-1.100000	0.900000	0.000010
-1.050000	-0.250000	0.001300
-1.050000	-0.200000	0.000036
-1.050000	-0.100000	0.000022
-1.050000	-0.050000	0.000040
-1.050000	0.000000	0.000044
-1.050000	0.050000	0.000032
-1.050000	0.100000	0.000012
-1.050000	0.750000	0.000012
-1.050000	0.800000	0.000142
-1.050000	0.850000	0.002500
-1.050000	0.900000	0.005700
-1.050000	0.950000	0.000928
-1.050000	1.000000	0.000015
-1.000000	-0.400000	0.000016
-1.000000	-0.350000	0.000030
-1.000000	-0.050000	0.000011
-1.000000	0.000000	0.000015
-1.000000	0.050000	0.000011
-1.000000	0.800000	0.000009
-1.000000	0.850000	0.000020
-1.000000	0.900000	0.000026
-1.000000	0.950000	0.000023
-1.000000	1.000000	0.000012
-1.000000	1.100000	0.000089
-1.000000	1.150000	0.000240
1.000000	-0.450000	0.000020
1.050000	-0.350000	0.000831
1.100000	-0.250000	0.000219
1.150000	-0.100000	0.001300
1.150000	-0.050000	0.000066
1.150000	0.000000	0.000038
1.150000	0.050000	0.000018
1.200000	-0.050000	0.000020
1.200000	0.000000	0.000247
1.200000	0.050000	0.000746
1.200000	0.100000	0.000044
1.250000	0.000000	0.000018
1.250000	0.050000	0.000027
1.250000	0.100000	0.000025
1.250000	0.200000	0.000112
1.250000	0.250000	0.000634
1.250000	0.300000	0.000065
1.300000	0.000000	0.000021
1.300000	0.050000	0.000025
1.300000	0.100000	0.000016
1.300000	0.450000	0.000065
1.300000	0.500000	0.000043
1.300000	0.550000	0.000184
1.300000	0.600000	0.000323
1.300000	0.650000	0.000085
1.300000	0.800000	0.000036
1.300000	0.850000	0.000047
1.300000	0.900000	0.000036
1.300000	0.950000	0.000015
1.350000	-0.050000	0.000016
1.350000	0.000000	0.000029
1.350000	0.050000	0.000029
1.350000	0.100000	0.000017
1.350000	0.600000	0.000022
1.350000	0.650000	0.000030
1.350000	0.750000	0.000085
1.350000	0.800000	0.001200
1.350000	0.850000	0.009200
1.350000	0.900000	0.005100
1.350000	0.950000	0.005300
1.350000	1.000000	0.000532
1.400000	-0.950000	0.000015
1.400000	-0.900000	0.000028
1.400000	-0.850000	0.000031
1.400000	-0.800000	0.000020
1.400000	-0.050000	0.000024
1.400000	0.000000	0.000037
1.400000	0.050000	0.000035
1.400000	0.100000	0.000018
1.400000	0.800000	0.000053
1.400000	0.850000	0.000113
1.400000	0.900000	0.000132
1.400000	0.950000	0.000093
1.400000	1.000000	0.000034
1.400000	1.150000	0.000016
1.400000	1.300000	0.000146
1.450000	-1.200000	0.000018
1.450000	-1.150000	0.000255
1.450000	-1.100000	0.000067
1.450000	-1.000000	0.000058
1.450000	-0.950000	0.000133
1.450000	-0.900000	0.000196
1.450000	-0.850000	0.000183
1.450000	-0.800000	0.000099
1.450000	-0.750000	0.000026
1.450000	-0.050000	0.000035
1.450000	0.000000	0.000051
1.450000	0.050000	0.000043
1.450000	0.100000	0.000021
1.450000	0.800000	0.000024
1.450000	0.850000	0.000044
1.450000	0.900000	0.000046
1.450000	0.950000	0.000028
1.500000	-1.000000	0.000028
1.500000	-0.950000	0.000240
1.500000	-0.900000	0.000890
1.500000	-0.850000	0.004300
1.500000	-0.800000	0.003300
1.500000	-0.750000	0.003600
1.500000	-0.700000	0.000020
1.500000	-0.650000	0.000072
1.500000	-0.600000	0.000047
1.500000	-0.100000	0.000024
1.500000	-0.050000	0.000060
1.500000	0.000000	0.000076
1.500000	0.050000	0.000060
1.500000	0.100000	0.000027
1.500000	0.800000	0.000015
1.500000	0.850000	0.000025
1.500000	0.900000	0.000024
1.500000	1.800000	0.000042
1.500000	1.850000	0.000155
1.550000	-1.100000	0.000015
1.550000	-1.000000	0.000024
1.550000	-0.950000	0.000060
1.550000	-0.900000	0.000101
1.550000	-0.850000	0.000110
1.550000	-0.800000	0.000079
1.550000	-0.750000	0.000030
1.550000	-0.600000	0.000020
1.550000	-0.450000	0.000245
1.550000	-0.400000	0.000287
1.550000	-0.300000	0.000244
1.550000	-0.250000	0.000128
1.550000	-0.200000	0.000025
1.550000	-0.100000	0.000099
1.550000	-0.050000	0.000189
1.550000	0.000000	0.000202
1.550000	0.050000	0.000132
1.550000	0.100000	0.000050
1.550000	0.850000	0.000017
1.550000	0.900000	0.000016
1.600000	-0.950000	0.000025
1.600000	-0.900000	0.000062
1.600000	-0.850000	0.000123
1.600000	-0.800000	0.000154
1.600000	-0.750000	0.000242
1.600000	-0.650000	0.000015
1.600000	-0.250000	0.000014
1.600000	-0.150000	0.000017
1.600000	-0.100000	0.000327
1.600000	-0.050000	0.001200
1.600000	0.000000	0.009800
1.600000	0.050000	0.004300
1.600000	0.100000	0.002100
1.600000	0.150000	0.000123
1.600000	0.250000	0.000016
1.650000	-1.000000	0.000022
1.650000	-0.950000	0.000323
1.650000	-0.900000	0.000540
1.650000	-0.850000	0.000174
1.650000	-0.800000	0.000062
1.650000	-0.400000	0.000053
1.650000	-0.300000	0.000014
1.650000	-0.250000	0.000016
1.650000	-0.100000	0.000027
1.650000	-0.050000	0.000065
1.650000	0.000000	0.000088
1.650000	0.050000	0.000074
1.650000	0.100000	0.000036
1.650000	0.400000	0.000044
1.650000	0.450000	0.000064
1.650000	0.500000	0.000023
1.650000	0.600000	0.000015
1.650000	0.800000	0.000015
1.650000	0.850000	0.000020
1.650000	0.900000	0.000015
1.700000	-0.950000	0.000021
1.700000	-0.900000	0.000049
1.700000	-0.850000	0.000061
1.700000	-0.800000	0.000045
1.700000	-0.750000	0.000016
1.700000	-0.650000	0.000016
1.700000	-0.600000	0.000020
1.700000	-0.100000	0.000067
1.700000	-0.050000	0.000909
1.700000	0.000000	0.000914
1.700000	0.050000	0.000225
1.700000	0.100000	0.000048
1.700000	0.800000	0.000044
1.700000	0.850000	0.000139
1.700000	0.900000	0.000382
1.700000	0.950000	0.000260
1.700000	1.000000	0.000018
1.750000	0.300000	0.000016
1.800000	-0.050000	0.000042
1.800000	0.000000	0.000074
1.800000	0.050000	0.000054
1.800000	0.100000	0.000020
1.800000	0.750000	0.000021
1.800000	0.800000	0.000023
1.850000	-0.950000	0.000029
1.850000	-0.900000	0.000054
1.850000	-0.850000	0.000057
1.850000	-0.800000	0.000035
1.850000	-0.250000	0.000015
1.850000	-0.100000	0.000089
1.850000	-0.050000	0.000194
1.850000	0.000000	0.000224
1.850000	0.050000	0.000141
1.850000	0.100000	0.000042
1.850000	0.850000	0.000019
1.850000	0.900000	0.000023
1.850000	0.950000	0.000019
1.850000	1.000000	0.000018
1.900000	-0.950000	0.000049
1.900000	-0.900000	0.000096
1.900000	-0.850000	0.000108
1.900000	-0.800000	0.000068
1.900000	-0.750000	0.000018
1.900000	-0.300000	0.000017
1.900000	-0.250000	0.000026
1.900000	-0.100000	0.000131
1.900000	-0.050000	0.000314
1.900000	0.000000	0.000402
1.900000	0.050000	0.000302
1.900000	0.100000	0.000116
1.900000	0.250000	0.000026
1.900000	0.650000	0.000023
1.900000	0.750000	0.000041
1.900000	0.800000	0.000093
1.900000	0.850000	0.000048
1.900000	0.900000	0.000022
1.950000	-0.950000	0.000051
1.950000	-0.900000	0.000104
1.950000	-0.850000	0.000119
1.950000	-0.800000	0.000076
1.950000	-0.750000	0.000019
1.950000	-0.300000	0.000018
1.950000	-0.250000	0.000033
1.950000	-0.100000	0.000136
1.950000	-0.050000	0.000336
1.950000	0.000000	0.000427
1.950000	0.050000	0.000316
1.950000	0.100000	0.000120
1.950000	0.250000	0.000028
1.950000	0.600000	0.000026
1.950000	0.650000	0.000020
1.950000	0.750000	0.000017
1.950000	0.800000	0.000027
1.950000	0.850000	0.000035
1.950000	0.900000	0.000035
1.950000	0.950000	0.000033
2.000000	-0.950000	0.000035
2.000000	-0.900000	0.000073
2.000000	-0.850000	0.000085
2.000000	-0.800000	0.000054
2.000000	-0.250000	0.000025
2.000000	-0.100000	0.000097
2.000000	-0.050000	0.000248
2.000000	0.000000	0.000321
2.000000	0.050000	0.000239
2.000000	0.100000	0.000090
2.000000	0.250000	0.000021
2.000000	0.600000	0.000015
2.000000	0.750000	0.000018
2.000000	0.800000	0.000072
2.000000	0.850000	0.000115
2.000000	0.900000	0.000108
2.000000	0.950000	0.000061
2.050000	-0.950000	0.000017
2.050000	-0.900000	0.000035
2.050000	-0.850000	0.000041
2.050000	-0.800000	0.000026
2.050000	-0.100000	0.000047
2.050000	-0.050000	0.000123
2.050000	0.000000	0.000159
2.050000	0.050000	0.000119
2.050000	0.100000	0.000045
2.050000	0.800000	0.000031
2.050000	0.850000	0.000049
2.050000	0.900000	0.000041
2.050000	0.950000	0.000019
2.100000	-0.950000	0.000023
2.100000	-0.900000	0.000047
2.100000	-0.850000	0.000053
2.100000	-0.800000	0.000035
2.100000	-0.100000	0.000067
2.100000	-0.050000	0.000163
2.100000	0.000000	0.000204
2.100000	0.050000	0.000154
2.100000	0.100000	0.000065
2.100000	0.800000	0.000042
2.100000	0.850000	0.000061
2.100000	0.900000	0.000052
2.100000	0.950000	0.000025
2.150000	-1.000000	0.000017
2.150000	-0.950000	0.000074
2.150000	-0.900000	0.000147
2.150000	-0.850000	0.000171
2.150000	-0.800000	0.000115
2.150000	-0.750000	0.000034
2.150000	-0.450000	0.000017
2.150000	-0.300000	0.000021
2.150000	-0.250000	0.000036
2.150000	-0.150000	0.000025
2.150000	-0.100000	0.000205
2.150000	-0.050000	0.000493
2.150000	0.000000	0.000634
2.150000	0.050000	0.000482
2.150000	0.100000	0.000199
2.150000	0.150000	0.000025
2.150000	0.250000	0.000024
2.150000	0.400000	0.000015
2.150000	0.450000	0.000017
2.150000	0.600000	0.000023
2.150000	0.650000	0.000016
2.150000	0.750000	0.000041
2.150000	0.800000	0.000133
2.150000	0.850000	0.000195
2.150000	0.900000	0.000163
2.150000	0.950000	0.000080
2.150000	1.000000	0.000017
2.200000	-1.000000	0.000032
2.200000	-0.950000	0.000148
2.200000	-0.900000	0.000302
2.200000	-0.850000	0.000351
2.200000	-0.800000	0.000237
2.200000	-0.750000	0.000071
2.200000	-0.650000	0.000023
2.200000	-0.600000	0.000030
2.200000	-0.450000	0.000032
2.200000	-0.400000	0.000019
2.200000	-0.300000	0.000043
2.200000	-0.250000	0.000077
2.200000	-0.200000	0.000022
2.200000	-0.150000	0.000041
2.200000	-0.100000	0.000420
2.200000	-0.050000	0.001000
2.200000	0.000000	0.001300
2.200000	0.050000	0.001000
2.200000	0.100000	0.000410
2.200000	0.150000	0.000048
2.200000	0.200000	0.000015
2.200000	0.250000	0.000058
2.200000	0.300000	0.000028
2.200000	0.400000	0.000027
2.200000	0.450000	0.000033
2.200000	0.600000	0.000049
2.200000	0.650000	0.000035
2.200000	0.750000	0.000079
2.200000	0.800000	0.000278
2.200000	0.850000	0.000414
2.200000	0.900000	0.000353
2.200000	0.950000	0.000173
2.200000	1.000000	0.000037
2.250000	-1.000000	0.000040
2.250000	-0.950000	0.000196
2.250000	-0.900000	0.000400
2.250000	-0.850000	0.000468
2.250000	-0.800000	0.000316
2.250000	-0.750000	0.000093
2.250000	-0.650000	0.000033
2.250000	-0.600000	0.000044
2.250000	-0.450000	0.000043
2.250000	-0.400000	0.000027
2.250000	-0.300000	0.000057
2.250000	-0.250000	0.000107
2.250000	-0.200000	0.000031
2.250000	-0.150000	0.000059
2.250000	-0.100000	0.000548
2.250000	-0.050000	0.001400
2.250000	0.000000	0.001800
2.250000	0.050000	0.001400
2.250000	0.100000	0.000565
2.250000	0.150000	0.000063
2.250000	0.200000	0.000023
2.250000	0.250000	0.000085
2.250000	0.300000	0.000042
2.250000	0.400000	0.000033
2.250000	0.450000	0.000044
2.250000	0.550000	0.000015
2.250000	0.600000	0.000062
2.250000	0.650000	0.000047
2.250000	0.750000	0.000102
2.250000	0.800000	0.000361
2.250000	0.850000	0.000551
2.250000	0.900000	0.000475
2.250000	0.950000	0.000237
2.250000	1.000000	0.000051
2.300000	-1.000000	0.000034
2.300000	-0.950000	0.000164
2.300000	-0.900000	0.000341
2.300000	-0.850000	0.000400
2.300000	-0.800000	0.000271
2.300000	-0.750000	0.000080
2.300000	-0.650000	0.000029
2.300000	-0.600000	0.000039
2.300000	-0.450000	0.000035
2.300000	-0.400000	0.000023
2.300000	-0.300000	0.000047
2.300000	-0.250000	0.000087
2.300000	-0.200000	0.000027
2.300000	-0.150000	0.000042
2.300000	-0.100000	0.000454
2.300000	-0.050000	0.001100
2.300000	0.000000	0.001500
2.300000	0.050000	0.001200
2.300000	0.100000	0.000485
2.300000	0.150000	0.000057
2.300000	0.200000	0.000019
2.300000	0.250000	0.000075
2.300000	0.300000	0.000039
2.300000	0.400000	0.000027
2.300000	0.450000	0.000037
2.300000	0.600000	0.000053
2.300000	0.650000	0.000040
2.300000	0.750000	0.000080
2.300000	0.800000	0.000293
2.300000	0.850000	0.000447
2.300000	0.900000	0.000391
2.300000	0.950000	0.000194
2.300000	1.000000	0.000043
2.350000	-0.950000	0.000065
2.350000	-0.900000	0.000131
2.350000	-0.850000	0.000159
2.350000	-0.800000	0.000109
2.350000	-0.750000	0.000032
2.350000	-0.600000	0.000016
2.350000	-0.300000	0.000018
2.350000	-0.250000	0.000035
2.350000	-0.100000	0.000169
2.350000	-0.050000	0.000437
2.350000	0.000000	0.000578
2.350000	0.050000	0.000450
2.350000	0.100000	0.000190
2.350000	0.150000	0.000024
2.350000	0.250000	0.000029
2.350000	0.300000	0.000016
2.350000	0.600000	0.000021
2.350000	0.650000	0.000016
2.350000	0.750000	0.000033
2.350000	0.800000	0.000116
2.350000	0.850000	0.000176
2.350000	0.900000	0.000154
2.350000	0.950000	0.000076
2.350000	1.000000	0.000017
2.400000	0.000000	0.000019
2.450000	-1.000000	0.000028
2.450000	-0.950000	0.000147
2.450000	-0.900000	0.000288
2.450000	-0.850000	0.000335
2.450000	-0.800000	0.000225
2.450000	-0.750000	0.000057
2.450000	-0.650000	0.000030
2.450000	-0.600000	0.000036
2.450000	-0.450000	0.000038
2.450000	-0.400000	0.000026
2.450000	-0.300000	0.000037
2.450000	-0.250000	0.000076
2.450000	-0.200000	0.000021
2.450000	-0.150000	0.000039
2.450000	-0.100000	0.000400
2.450000	-0.050000	0.000982
2.450000	0.000000	0.001300
2.450000	0.050000	0.000973
2.450000	0.100000	0.000385
2.450000	0.150000	0.000043
2.450000	0.200000	0.000023
2.450000	0.250000	0.000072
2.450000	0.300000	0.000033
2.450000	0.400000	0.000028
2.450000	0.450000	0.000039
2.450000	0.600000	0.000043
2.450000	0.650000	0.000034
2.450000	0.750000	0.000070
2.450000	0.800000	0.000261
2.450000	0.850000	0.000393
2.450000	0.900000	0.000340
2.450000	0.950000	0.000167
2.450000	1.000000	0.000032
2.500000	-1.150000	0.000027
2.500000	-1.100000	0.000030
2.500000	-1.000000	0.000126
2.500000	-0.950000	0.000606
2.500000	-0.900000	0.001300
2.500000	-0.850000	0.001500
2.500000	-0.800000	0.000984
2.500000	-0.750000	0.000277
2.500000	-0.650000	0.000126
2.500000	-0.600000	0.000156
2.500000	-0.550000	0.000027
2.500000	-0.500000	0.000034
2.500000	-0.450000	0.000149
2.500000	-0.400000	0.000106
2.500000	-0.300000	0.000156
2.500000	-0.250000	0.000311
2.500000	-0.200000	0.000101
2.500000	-0.150000	0.000159
2.500000	-0.100000	0.001700
2.500000	-0.050000	0.004200
2.500000	0.000000	0.005600
2.500000	0.050000	0.004200
2.500000	0.100000	0.001700
2.500000	0.150000	0.000165
2.500000	0.200000	0.000095
2.500000	0.250000	0.000311
2.500000	0.300000	0.000155
2.500000	0.400000	0.000117
2.500000	0.450000	0.000161
2.500000	0.500000	0.000035
2.500000	0.550000	0.000034
2.500000	0.600000	0.000184
2.500000	0.650000	0.000142
2.500000	0.750000	0.000298
2.500000	0.800000	0.001100
2.500000	0.850000	0.001700
2.500000	0.900000	0.001400
2.500000	0.950000	0.000699
2.500000	1.000000	0.000145
2.500000	1.100000	0.000033
2.500000	1.150000	0.000030
2.550000	-1.300000	0.000016
2.550000	-1.150000	0.000061
2.550000	-1.100000	0.000065
2.550000	-1.000000	0.000272
2.550000	-0.950000	0.001400
2.550000	-0.900000	0.002900
2.550000	-0.850000	0.003400
2.550000	-0.800000	0.002200
2.550000	-0.750000	0.000639
2.550000	-0.700000	0.000015
2.550000	-0.650000	0.000284
2.550000	-0.600000	0.000362
2.550000	-0.550000	0.000068
2.550000	-0.500000	0.000074
2.550000	-0.450000	0.000341
2.550000	-0.400000	0.000234
2.550000	-0.300000	0.000346
2.550000	-0.250000	0.000707
2.550000	-0.200000	0.000223
2.550000	-0.150000	0.000377
2.550000	-0.100000	0.003700
2.550000	-0.050000	0.009400
2.550000	0.000000	0.012300
2.550000	0.050000	0.009500
2.550000	0.100000	0.003900
2.550000	0.150000	0.000373
2.550000	0.200000	0.000216
2.550000	0.250000	0.000714
2.550000	0.300000	0.000352
2.550000	0.400000	0.000257
2.550000	0.450000	0.000370
2.550000	0.500000	0.000077
2.550000	0.550000	0.000083
2.550000	0.600000	0.000416
2.550000	0.650000	0.000333
2.550000	0.750000	0.000692
2.550000	0.800000	0.002500
2.550000	0.850000	0.003800
2.550000	0.900000	0.003200
2.550000	0.950000	0.001600
2.550000	1.000000	0.000321
2.550000	1.100000	0.000072
2.550000	1.150000	0.000068
2.550000	1.300000	0.000020
2.600000	-1.800000	0.000016
2.600000	-1.300000	0.000027
2.600000	-1.150000	0.000096
2.600000	-1.100000	0.000107
2.600000	-1.000000	0.000460
2.600000	-0.950000	0.002200
2.600000	-0.900000	0.004600
2.600000	-0.850000	0.005400
2.600000	-0.800000	0.003600
2.600000	-0.750000	0.001000
2.600000	-0.700000	0.000015
2.600000	-0.650000	0.000454
2.600000	-0.600000	0.000594
2.600000	-0.550000	0.000108
2.600000	-0.500000	0.000117
2.600000	-0.450000	0.000548
2.600000	-0.400000	0.000388
2.600000	-0.300000	0.000561
2.600000	-0.250000	0.001100
2.600000	-0.200000	0.000359
2.600000	-0.150000	0.000579
2.600000	-0.100000	0.006000
2.600000	-0.050000	0.015200
2.600000	0.000000	0.020200
2.600000	0.050000	0.015400
2.600000	0.100000	0.006300
2.600000	0.150000	0.000646
2.600000	0.200000	0.000339
2.600000	0.250000	0.001100
2.600000	0.300000	0.000569
2.600000	0.400000	0.000408
2.600000	0.450000	0.000580
2.600000	0.500000	0.000128
2.600000	0.550000	0.000121
2.600000	0.600000	0.000667
2.600000	0.650000	0.000536
2.600000	0.700000	0.000020
2.600000	0.750000	0.001100
2.600000	0.800000	0.004100
2.600000	0.850000	0.006200
2.600000	0.900000	0.005300
2.600000	0.950000	0.002600
2.600000	1.000000	0.000539
2.600000	1.100000	0.000120
2.600000	1.150000	0.000110
2.600000	1.200000	0.000017
2.600000	1.300000	0.000032
2.600000	1.350000	0.000015
2.600000	1.800000	0.000020
2.650000	-1.800000	0.000020
2.650000	-1.350000	0.000016
2.650000	-1.300000	0.000034
2.650000	-1.200000	0.000016
2.650000	-1.150000	0.000124
2.650000	-1.100000	0.000134
2.650000	-1.000000	0.000564
2.650000	-0.950000	0.002900
2.650000	-0.900000	0.005900
2.650000	-0.850000	0.007000
2.650000	-0.800000	0.004600
2.650000	-0.750000	0.001300
2.650000	-0.700000	0.000031
2.650000	-0.650000	0.000596
2.650000	-0.600000	0.000766
2.650000	-0.550000	0.000155
2.650000	-0.500000	0.000144
2.650000	-0.450000	0.000711
2.650000	-0.400000	0.000495
2.650000	-0.350000	0.000020
2.650000	-0.300000	0.000717
2.650000	-0.250000	0.001500
2.650000	-0.200000	0.000471
2.650000	-0.150000	0.000782
2.650000	-0.100000	0.007800
2.650000	-0.050000	0.019700
2.650000	0.000000	0.025900
2.650000	0.050000	0.020100
2.650000	0.100000	0.008100
2.650000	0.150000	0.000863
2.650000	0.200000	0.000441
2.650000	0.250000	0.001500
2.650000	0.300000	0.000738
2.650000	0.350000	0.000025
2.650000	0.400000	0.000517
2.650000	0.450000	0.000758
2.650000	0.500000	0.000159
2.650000	0.550000	0.000164
2.650000	0.600000	0.000847
2.650000	0.650000	0.000685
2.650000	0.700000	0.000034
2.650000	0.750000	0.001400
2.650000	0.800000	0.005200
2.650000	0.850000	0.008000
2.650000	0.900000	0.006900
2.650000	0.950000	0.003400
2.650000	1.000000	0.000690
2.650000	1.100000	0.000153
2.650000	1.150000	0.000146
2.650000	1.200000	0.000020
2.650000	1.300000	0.000041
2.650000	1.350000	0.000019
2.650000	1.800000	0.000025
2.650000	1.850000	0.000018
2.700000	-1.850000	0.000015
2.700000	-1.800000	0.000021
2.700000	-1.350000	0.000017
2.700000	-1.300000	0.000037
2.700000	-1.200000	0.000019
2.700000	-1.150000	0.000131
2.700000	-1.100000	0.000147
2.700000	-1.000000	0.000623
2.700000	-0.950000	0.003000
2.700000	-0.900000	0.006300
2.700000	-0.850000	0.007400
2.700000	-0.800000	0.004900
2.700000	-0.750000	0.001400
2.700000	-0.700000	0.000029
2.700000	-0.650000	0.000623
2.700000	-0.600000	0.000815
2.700000	-0.550000	0.000152
2.700000	-0.500000	0.000155
2.700000	-0.450000	0.000731
2.700000	-0.400000	0.000530
2.700000	-0.300000	0.000749
2.700000	-0.250000	0.001500
2.700000	-0.200000	0.000490
2.700000	-0.150000	0.000800
2.700000	-0.100000	0.008300
2.700000	-0.050000	0.020900
2.700000	0.000000	0.027700
2.700000	0.050000	0.021300
2.700000	0.100000	0.008700
2.700000	0.150000	0.000860
2.700000	0.200000	0.000469
2.700000	0.250000	0.001600
2.700000	0.300000	0.000804
2.700000	0.400000	0.000547
2.700000	0.450000	0.000790
2.700000	0.500000	0.000172
2.700000	0.550000	0.000159
2.700000	0.600000	0.000882
2.700000	0.650000	0.000711
2.700000	0.700000	0.000019
2.700000	0.750000	0.001500
2.700000	0.800000	0.005400
2.700000	0.850000	0.008300
2.700000	0.900000	0.007200
2.700000	0.950000	0.003500
2.700000	1.000000	0.000757
2.700000	1.100000	0.000166
2.700000	1.150000	0.000155
2.700000	1.200000	0.000023
2.700000	1.300000	0.000044
2.700000	1.350000	0.000021
2.700000	1.800000	0.000027
2.700000	1.850000	0.000019
2.700000	2.550000	0.000015
2.750000	-1.800000	0.000018
2.750000	-1.350000	0.000015
2.750000	-1.300000	0.000032
2.750000	-1.200000	0.000014
2.750000	-1.150000	0.000115
2.750000	-1.100000	0.000126
2.750000	-1.000000	0.000529
2.750000	-0.950000	0.002700
2.750000	-0.900000	0.005500
2.750000	-0.850000	0.006500
2.750000	-0.800000	0.004400
2.750000	-0.750000	0.001300
2.750000	-0.700000	0.000021
2.750000	-0.650000	0.000564
2.750000	-0.600000	0.000720
2.750000	-0.550000	0.000149
2.750000	-0.500000	0.000130
2.750000	-0.450000	0.000654
2.750000	-0.400000	0.000461
2.750000	-0.350000	0.000025
2.750000	-0.300000	0.000648
2.750000	-0.250000	0.001400
2.750000	-0.200000	0.000442
2.750000	-0.150000	0.000669
2.750000	-0.100000	0.007100
2.750000	-0.050000	0.018200
2.750000	0.000000	0.024000
2.750000	0.050000	0.018700
2.750000	0.100000	0.007600
2.750000	0.150000	0.000823
2.750000	0.200000	0.000421
2.750000	0.250000	0.001400
2.750000	0.300000	0.000715
2.750000	0.350000	0.000021
2.750000	0.400000	0.000481
2.750000	0.450000	0.000716
2.750000	0.500000	0.000156
2.750000	0.550000	0.000141
2.750000	0.600000	0.000784
2.750000	0.650000	0.000634
2.750000	0.700000	0.000036
2.750000	0.750000	0.001300
2.750000	0.800000	0.004700
2.750000	0.850000	0.007200
2.750000	0.900000	0.006200
2.750000	0.950000	0.003100
2.750000	1.000000	0.000634
2.750000	1.100000	0.000142
2.750000	1.150000	0.000137
2.750000	1.200000	0.000020
2.750000	1.300000	0.000038
2.750000	1.350000	0.000019
2.750000	1.800000	0.000023
2.750000	1.850000	0.000017
2.800000	-1.300000	0.000024
2.800000	-1.150000	0.000082
2.800000	-1.100000	0.000094
2.800000	-1.000000	0.000390
2.800000	-0.950000	0.001900
2.800000	-0.900000	0.004000
2.800000	-0.850000	0.004700
2.800000	-0.800000	0.003200
2.800000	-0.750000	0.000883
2.800000	-0.700000	0.000015
2.800000	-0.650000	0.000404
2.800000	-0.600000	0.000535
2.800000	-0.550000	0.000102
2.800000	-0.500000	0.000097
2.800000	-0.450000	0.000468
2.800000	-0.400000	0.000343
2.800000	-0.300000	0.000467
2.800000	-0.250000	0.000972
2.800000	-0.200000	0.000314
2.800000	-0.150000	0.000453
2.800000	-0.100000	0.005100
2.800000	-0.050000	0.012900
2.800000	0.000000	0.017200
2.800000	0.050000	0.013300
2.800000	0.100000	0.005400
2.800000	0.150000	0.000526
2.800000	0.200000	0.000305
2.800000	0.250000	0.001000
2.800000	0.300000	0.000520
2.800000	0.400000	0.000347
2.800000	0.450000	0.000510
2.800000	0.500000	0.000114
2.800000	0.550000	0.000098
2.800000	0.600000	0.000562
2.800000	0.650000	0.000464
2.800000	0.750000	0.000929
2.800000	0.800000	0.003400
2.800000	0.850000	0.005200
2.800000	0.900000	0.004500
2.800000	0.950000	0.002200
2.800000	1.000000	0.000477
2.800000	1.100000	0.000104
2.800000	1.150000	0.000099
2.800000	1.200000	0.000015
2.800000	1.300000	0.000027
2.800000	1.800000	0.000017
2.850000	-1.150000	0.000047
2.850000	-1.100000	0.000053
2.850000	-1.000000	0.000207
2.850000	-0.950000	0.001100
2.850000	-0.900000	0.002200
2.850000	-0.850000	0.002700
2.850000	-0.800000	0.001800
2.850000	-0.750000	0.000506
2.850000	-0.650000	0.000235
2.850000	-0.600000	0.000305
2.850000	-0.550000	0.000065
2.850000	-0.500000	0.000051
2.850000	-0.450000	0.000272
2.850000	-0.400000	0.000194
2.850000	-0.300000	0.000263
2.850000	-0.250000	0.000560
2.850000	-0.200000	0.000187
2.850000	-0.150000	0.000269
2.850000	-0.100000	0.002800
2.850000	-0.050000	0.007300
2.850000	0.000000	0.009700
2.850000	0.050000	0.007500
2.850000	0.100000	0.003000
2.850000	0.150000	0.000325
2.850000	0.200000	0.000166
2.850000	0.250000	0.000585
2.850000	0.300000	0.000291
2.850000	0.400000	0.000194
2.850000	0.450000	0.000293
2.850000	0.500000	0.000069
2.850000	0.550000	0.000060
2.850000	0.600000	0.000320
2.850000	0.650000	0.000263
2.850000	0.750000	0.000504
2.850000	0.800000	0.001900
2.850000	0.850000	0.002900
2.850000	0.900000	0.002500
2.850000	0.950000	0.001300
2.850000	1.000000	0.000264
2.850000	1.100000	0.000059
2.850000	1.150000	0.000057
2.850000	1.300000	0.000015
2.900000	-1.150000	0.000019
2.900000	-1.100000	0.000023
2.900000	-1.000000	0.000076
2.900000	-0.950000	0.000414
2.900000	-0.900000	0.000877
2.900000	-0.850000	0.001000
2.900000	-0.800000	0.000701
2.900000	-0.750000	0.000198
2.900000	-0.650000	0.000093
2.900000	-0.600000	0.000123
2.900000	-0.550000	0.000026
2.900000	-0.500000	0.000021
2.900000	-0.450000	0.000108
2.900000	-0.400000	0.000082
2.900000	-0.300000	0.000106
2.900000	-0.250000	0.000228
2.900000	-0.200000	0.000081
2.900000	-0.150000	0.000093
2.900000	-0.100000	0.001100
2.900000	-0.050000	0.002900
2.900000	0.000000	0.003900
2.900000	0.050000	0.003000
2.900000	0.100000	0.001300
2.900000	0.150000	0.000117
2.900000	0.200000	0.000067
2.900000	0.250000	0.000231
2.900000	0.300000	0.000124
2.900000	0.400000	0.000077
2.900000	0.450000	0.000116
2.900000	0.500000	0.000027
2.900000	0.550000	0.000021
2.900000	0.600000	0.000126
2.900000	0.650000	0.000108
2.900000	0.750000	0.000185
2.900000	0.800000	0.000731
2.900000	0.850000	0.001200
2.900000	0.900000	0.001000
2.900000	0.950000	0.000506
2.900000	1.000000	0.000112
2.900000	1.100000	0.000024
2.900000	1.150000	0.000023
2.950000	-0.950000	0.000074
2.950000	-0.900000	0.000165
2.950000	-0.850000	0.000205
2.950000	-0.800000	0.000138
2.950000	-0.750000	0.000041
2.950000	-0.650000	0.000019
2.950000	-0.600000	0.000025
2.950000	-0.450000	0.000022
2.950000	-0.400000	0.000018
2.950000	-0.300000	0.000020
2.950000	-0.250000	0.000048
2.950000	-0.200000	0.000020
2.950000	-0.100000	0.000196
2.950000	-0.050000	0.000538
2.950000	0.000000	0.000723
2.950000	0.050000	0.000585
2.950000	0.100000	0.000254
2.950000	0.150000	0.000026
2.950000	0.250000	0.000048
2.950000	0.300000	0.000024
2.950000	0.400000	0.000015
2.950000	0.450000	0.000025
2.950000	0.600000	0.000026
2.950000	0.650000	0.000024
2.950000	0.750000	0.000029
2.950000	0.800000	0.000133
2.950000	0.850000	0.000216
2.950000	0.900000	0.000194
2.950000	0.950000	0.000099
2.950000	1.000000	0.000022
3.050000	-0.950000	0.000056
3.050000	-0.900000	0.000107
3.050000	-0.850000	0.000119
3.050000	-0.800000	0.000074
3.050000	-0.750000	0.000020
3.050000	-0.250000	0.000020
3.050000	-0.150000	0.000023
3.050000	-0.100000	0.000159
3.050000	-0.050000	0.000361
3.050000	0.000000	0.000446
3.050000	0.050000	0.000328
3.050000	0.100000	0.000125
3.050000	0.250000	0.000025
3.050000	0.750000	0.000033
3.050000	0.800000	0.000101
3.050000	0.850000	0.000141
3.050000	0.900000	0.000116
3.050000	0.950000	0.000054
3.100000	-1.000000	0.000024
3.100000	-0.950000	0.000104
3.100000	-0.900000	0.000206
3.100000	-0.850000	0.000233
3.100000	-0.800000	0.000150
3.100000	-0.750000	0.000039
3.100000	-0.650000	0.000022
3.100000	-0.600000	0.000026
3.100000	-0.450000	0.000022
3.100000	-0.400000	0.000015
3.100000	-0.300000	0.000024
3.100000	-0.250000	0.000044
3.100000	-0.150000	0.000037
3.100000	-0.100000	0.000297
3.100000	-0.050000	0.000698
3.100000	0.000000	0.000878
3.100000	0.050000	0.000653
3.100000	0.100000	0.000251
3.100000	0.150000	0.000020
3.100000	0.200000	0.000018
3.100000	0.250000	0.000051
3.100000	0.300000	0.000025
3.100000	0.400000	0.000017
3.100000	0.450000	0.000023
3.100000	0.600000	0.000027
3.100000	0.650000	0.000019
3.100000	0.750000	0.000059
3.100000	0.800000	0.000189
3.100000	0.850000	0.000275
3.100000	0.900000	0.000228
3.100000	0.950000	0.000108
3.100000	1.000000	0.000021
3.150000	-1.000000	0.000022
3.150000	-0.950000	0.000096
3.150000	-0.900000	0.000189
3.150000	-0.850000	0.000216
3.150000	-0.800000	0.000138
3.150000	-0.750000	0.000036
3.150000	-0.650000	0.000021
3.150000	-0.600000	0.000025
3.150000	-0.450000	0.000021
3.150000	-0.300000	0.000023
3.150000	-0.250000	0.000043
3.150000	-0.150000	0.000031
3.150000	-0.100000	0.000268
3.150000	-0.050000	0.000637
3.150000	0.000000	0.000811
3.150000	0.050000	0.000606
3.150000	0.100000	0.000232
3.150000	0.150000	0.000021
3.150000	0.200000	0.000018
3.150000	0.250000	0.000051
3.150000	0.300000	0.000024
3.150000	0.400000	0.000016
3.150000	0.450000	0.000022
3.150000	0.600000	0.000026
3.150000	0.650000	0.000018
3.150000	0.750000	0.000051
3.150000	0.800000	0.000172
3.150000	0.850000	0.000250
3.150000	0.900000	0.000209
3.150000	0.950000	0.000099
3.150000	1.000000	0.000019
3.200000	-0.950000	0.000048
3.200000	-0.900000	0.000096
3.200000	-0.850000	0.000108
3.200000	-0.800000	0.000069
3.200000	-0.750000	0.000017
3.200000	-0.250000	0.000023
3.200000	-0.150000	0.000016
3.200000	-0.100000	0.000134
3.200000	-0.050000	0.000324
3.200000	0.000000	0.000410
3.200000	0.050000	0.000305
3.200000	0.100000	0.000117
3.200000	0.250000	0.000027
3.200000	0.750000	0.000025
3.200000	0.800000	0.000086
3.200000	0.850000	0.000128
3.200000	0.900000	0.000106
3.200000	0.950000	0.000050
3.250000	-0.900000	0.000021
3.250000	-0.850000	0.000024
3.250000	-0.800000	0.000015
3.250000	-0.100000	0.000028
3.250000	-0.050000	0.000071
3.250000	0.000000	0.000090
3.250000	0.050000	0.000068
3.250000	0.100000	0.000028
3.250000	0.800000	0.000020
3.250000	0.850000	0.000030
3.250000	0.900000	0.000026
3.300000	-0.900000	0.000020
3.300000	-0.850000	0.000024
3.300000	-0.800000	0.000018
3.300000	-0.100000	0.000024
3.300000	-0.050000	0.000063
3.300000	0.000000	0.000086
3.300000	0.050000	0.000070
3.300000	0.100000	0.000032
3.300000	0.800000	0.000017
3.300000	0.850000	0.000027
3.300000	0.900000	0.000024
3.350000	-0.950000	0.000035
3.350000	-0.900000	0.000072
3.350000	-0.850000	0.000085
3.350000	-0.800000	0.000058
3.350000	-0.750000	0.000018
3.350000	-0.250000	0.000015
3.350000	-0.100000	0.000092
3.350000	-0.050000	0.000229
3.350000	0.000000	0.000304
3.350000	0.050000	0.000239
3.350000	0.100000	0.000102
3.350000	0.750000	0.000017
3.350000	0.800000	0.000060
3.350000	0.850000	0.000091
3.350000	0.900000	0.000080
3.350000	0.950000	0.000041
3.400000	-0.950000	0.000058
3.400000	-0.900000	0.000117
3.400000	-0.850000	0.000137
3.400000	-0.800000	0.000092
3.400000	-0.750000	0.000027
3.400000	-0.250000	0.000025
3.400000	-0.150000	0.000017
3.400000	-0.100000	0.000153
3.400000	-0.050000	0.000380
3.400000	0.000000	0.000495
3.400000	0.050000	0.000383
3.400000	0.100000	0.000157
3.400000	0.150000	0.000017
3.400000	0.250000	0.000026
3.400000	0.750000	0.000028
3.400000	0.800000	0.000098
3.400000	0.850000	0.000149
3.400000	0.900000	0.000128
3.400000	0.950000	0.000064
3.450000	-0.950000	0.000058
3.450000	-0.900000	0.000117
3.450000	-0.850000	0.000136
3.450000	-0.800000	0.000090
3.450000	-0.750000	0.000026
3.450000	-0.250000	0.000025
3.450000	-0.150000	0.000015
3.450000	-0.100000	0.000151
3.450000	-0.050000	0.000374
3.450000	0.000000	0.000489
3.450000	0.050000	0.000375
3.450000	0.100000	0.000152
3.450000	0.150000	0.000016
3.450000	0.250000	0.000027
3.450000	0.600000	0.000014
3.450000	0.750000	0.000027
3.450000	0.800000	0.000097
3.450000	0.850000	0.000146
3.450000	0.900000	0.000125
3.450000	0.950000	0.000061
3.500000	-0.950000	0.000037
3.500000	-0.900000	0.000075
3.500000	-0.850000	0.000086
3.500000	-0.800000	0.000057
3.500000	-0.750000	0.000016
3.500000	-0.250000	0.000017
3.500000	-0.100000	0.000097
3.500000	-0.050000	0.000239
3.500000	0.000000	0.000308
3.500000	0.050000	0.000237
3.500000	0.100000	0.000094
3.500000	0.250000	0.000018
3.500000	0.750000	0.000017
3.500000	0.800000	0.000062
3.500000	0.850000	0.000094
3.500000	0.900000	0.000079
3.500000	0.950000	0.000038
3.550000	-0.900000	0.000026
3.550000	-0.850000	0.000030
3.550000	-0.800000	0.000019
3.550000	-0.100000	0.000033
3.550000	-0.050000	0.000082
3.550000	0.000000	0.000107
3.550000	0.050000	0.000082
3.550000	0.100000	0.000033
3.550000	0.800000	0.000021
3.550000	0.850000	0.000032
3.550000	0.900000	0.000028
3.650000	-0.050000	0.000018
3.650000	0.000000	0.000023
3.650000	0.050000	0.000016
3.700000	-0.900000	0.000022
3.700000	-0.850000	0.000024
3.700000	-0.800000	0.000015
3.700000	-0.100000	0.000029
3.700000	-0.050000	0.000070
3.700000	0.000000	0.000087
3.700000	0.050000	0.000063
3.700000	0.100000	0.000022
3.700000	0.800000	0.000018
3.700000	0.850000	0.000026
3.700000	0.900000	0.000021
3.750000	-0.950000	0.000016
3.750000	-0.900000	0.000031
3.750000	-0.850000	0.000034
3.750000	-0.800000	0.000020
3.750000	-0.100000	0.000041
3.750000	-0.050000	0.000098
3.750000	0.000000	0.000122
3.750000	0.050000	0.000086
3.750000	0.100000	0.000030
3.750000	0.800000	0.000025
3.750000	0.850000	0.000036
3.750000	0.900000	0.000029
3.800000	-0.900000	0.000026
3.800000	-0.850000	0.000028
3.800000	-0.800000	0.000016
3.800000	-0.100000	0.000037
3.800000	-0.050000	0.000085
3.800000	0.000000	0.000102
3.800000	0.050000	0.000070
3.800000	0.100000	0.000022
3.800000	0.800000	0.000022
3.800000	0.850000	0.000031
3.800000	0.900000	0.000024
3.850000	-0.900000	0.000015
3.850000	-0.850000	0.000015
3.850000	-0.100000	0.000023
3.850000	-0.050000	0.000050
3.850000	0.000000	0.000057
3.850000	0.050000	0.000036
3.850000	0.850000	0.000017
3.900000	-0.050000	0.000021
3.900000	0.000000	0.000021
4.900000	-0.900000	0.000026
4.900000	-0.850000	0.000028
4.900000	-0.800000	0.000017
4.900000	-0.100000	0.000041
4.900000	-0.050000	0.000085
4.900000	0.000000	0.000103
4.900000	0.050000	0.000074
4.900000	0.100000	0.000027
4.900000	0.800000	0.000024
4.900000	0.850000	0.000032
4.900000	0.900000	0.000025
4.950000	-0.950000	0.000041
4.950000	-0.900000	0.000077
4.950000	-0.850000	0.000086
4.950000	-0.800000	0.000055
4.950000	-0.750000	0.000015
4.950000	-0.150000	0.000020
4.950000	-0.100000	0.000117
4.950000	-0.050000	0.000254
4.950000	0.000000	0.000309
4.950000	0.050000	0.000229
4.950000	0.100000	0.000088
4.950000	0.250000	0.000016
4.950000	0.750000	0.000025
4.950000	0.800000	0.000069
4.950000	0.850000	0.000096
4.950000	0.900000	0.000077
4.950000	0.950000	0.000036
5.000000	-1.000000	0.000021
5.000000	-0.950000	0.000084
5.000000	-0.900000	0.000159
5.000000	-0.850000	0.000177
5.000000	-0.800000	0.000114
5.000000	-0.750000	0.000031
5.000000	-0.600000	0.000017
5.000000	-0.250000	0.000022
5.000000	-0.150000	0.000036
5.000000	-0.100000	0.000233
5.000000	-0.050000	0.000512
5.000000	0.000000	0.000636
5.000000	0.050000	0.000470
5.000000	0.100000	0.000184
5.000000	0.150000	0.000019
5.000000	0.250000	0.000032
5.000000	0.300000	0.000016
5.000000	0.450000	0.000014
5.000000	0.750000	0.000049
5.000000	0.800000	0.000140
5.000000	0.850000	0.000194
5.000000	0.900000	0.000160
5.000000	0.950000	0.000075
5.000000	1.000000	0.000016
5.050000	-1.000000	0.000031
5.050000	-0.950000	0.000129
5.050000	-0.900000	0.000247
5.050000	-0.850000	0.000278
5.050000	-0.800000	0.000181
5.050000	-0.750000	0.000051
5.050000	-0.650000	0.000021
5.050000	-0.600000	0.000027
5.050000	-0.450000	0.000023
5.050000	-0.400000	0.000016
5.050000	-0.300000	0.000021
5.050000	-0.250000	0.000037
5.050000	-0.150000	0.000057
5.050000	-0.100000	0.000359
5.050000	-0.050000	0.000800
5.050000	0.000000	0.000991
5.050000	0.050000	0.000738
5.050000	0.100000	0.000289
5.050000	0.150000	0.000031
5.050000	0.200000	0.000015
5.050000	0.250000	0.000050
5.050000	0.300000	0.000025
5.050000	0.400000	0.000016
5.050000	0.450000	0.000023
5.050000	0.600000	0.000022
5.050000	0.750000	0.000075
5.050000	0.800000	0.000218
5.050000	0.850000	0.000305
5.050000	0.900000	0.000251
5.050000	0.950000	0.000120
5.050000	1.000000	0.000024
5.100000	-1.000000	0.000040
5.100000	-0.950000	0.000162
5.100000	-0.900000	0.000313
5.100000	-0.850000	0.000351
5.100000	-0.800000	0.000227
5.100000	-0.750000	0.000063
5.100000	-0.650000	0.000027
5.100000	-0.600000	0.000034
5.100000	-0.450000	0.000029
5.100000	-0.400000	0.000020
5.100000	-0.300000	0.000028
5.100000	-0.250000	0.000049
5.100000	-0.150000	0.000068
5.100000	-0.100000	0.000452
5.100000	-0.050000	0.001000
5.100000	0.000000	0.001300
5.100000	0.050000	0.000938
5.100000	0.100000	0.000373
5.100000	0.150000	0.000038
5.100000	0.200000	0.000019
5.100000	0.250000	0.000063
5.100000	0.300000	0.000031
5.100000	0.400000	0.000021
5.100000	0.450000	0.000029
5.100000	0.600000	0.000030
5.100000	0.650000	0.000018
5.100000	0.750000	0.000093
5.100000	0.800000	0.000273
5.100000	0.850000	0.000383
5.100000	0.900000	0.000318
5.100000	0.950000	0.000151
5.100000	1.000000	0.000032
5.150000	-1.000000	0.000040
5.150000	-0.950000	0.000168
5.150000	-0.900000	0.000323
5.150000	-0.850000	0.000365
5.150000	-0.800000	0.000237
5.150000	-0.750000	0.000066
5.150000	-0.650000	0.000028
5.150000	-0.600000	0.000035
5.150000	-0.450000	0.000032
5.150000	-0.400000	0.000021
5.150000	-0.300000	0.000030
5.150000	-0.250000	0.000054
5.150000	-0.150000	0.000073
5.150000	-0.100000	0.000464
5.150000	-0.050000	0.001000
5.150000	0.000000	0.001300
5.150000	0.050000	0.000975
5.150000	0.100000	0.000382
5.150000	0.150000	0.000040
5.150000	0.200000	0.000020
5.150000	0.250000	0.000066
5.150000	0.300000	0.000032
5.150000	0.400000	0.000023
5.150000	0.450000	0.000031
5.150000	0.600000	0.000032
5.150000	0.650000	0.000020
5.150000	0.750000	0.000096
5.150000	0.800000	0.000282
5.150000	0.850000	0.000397
5.150000	0.900000	0.000327
5.150000	0.950000	0.000157
5.150000	1.000000	0.000031
5.200000	-1.000000	0.000035
5.200000	-0.950000	0.000142
5.200000	-0.900000	0.000275
5.200000	-0.850000	0.000308
5.200000	-0.800000	0.000199
5.200000	-0.750000	0.000055
5.200000	-0.650000	0.000024
5.200000	-0.600000	0.000030
5.200000	-0.450000	0.000027
5.200000	-0.400000	0.000018
5.200000	-0.300000	0.000027
5.200000	-0.250000	0.000047
5.200000	-0.150000	0.000060
5.200000	-0.100000	0.000397
5.200000	-0.050000	0.000886
5.200000	0.000000	0.001100
5.200000	0.050000	0.000821
5.200000	0.100000	0.000325
5.200000	0.150000	0.000031
5.200000	0.200000	0.000018
5.200000	0.250000	0.000055
5.200000	0.300000	0.000027
5.200000	0.400000	0.000020
5.200000	0.450000	0.000026
5.200000	0.600000	0.000028
5.200000	0.650000	0.000018
5.200000	0.750000	0.000082
5.200000	0.800000	0.000239
5.200000	0.850000	0.000335
5.200000	0.900000	0.000278
5.200000	0.950000	0.000131
5.200000	1.000000	0.000027
5.250000	-1.000000	0.000023
5.250000	-0.950000	0.000095
5.250000	-0.900000	0.000183
5.250000	-0.850000	0.000206
5.250000	-0.800000	0.000132
5.250000	-0.750000	0.000036
5.250000	-0.650000	0.000017
5.250000	-0.600000	0.000020
5.250000	-0.450000	0.000019
5.250000	-0.300000	0.000019
5.250000	-0.250000	0.000033
5.250000	-0.150000	0.000043
5.250000	-0.100000	0.000263
5.250000	-0.050000	0.000592
5.250000	0.000000	0.000732
5.250000	0.050000	0.000542
5.250000	0.100000	0.000210
5.250000	0.150000	0.000021
5.250000	0.250000	0.000038
5.250000	0.300000	0.000018
5.250000	0.450000	0.000018
5.250000	0.600000	0.000020
5.250000	0.750000	0.000055
5.250000	0.800000	0.000161
5.250000	0.850000	0.000225
5.250000	0.900000	0.000184
5.250000	0.950000	0.000088
5.250000	1.000000	0.000017
5.300000	-0.950000	0.000046
5.300000	-0.900000	0.000088
5.300000	-0.850000	0.000097
5.300000	-0.800000	0.000062
5.300000	-0.750000	0.000016
5.300000	-0.250000	0.000017
5.300000	-0.150000	0.000023
5.300000	-0.100000	0.000132
5.300000	-0.050000	0.000286
5.300000	0.000000	0.000353
5.300000	0.050000	0.000254
5.300000	0.100000	0.000097
5.300000	0.250000	0.000018
5.300000	0.750000	0.000028
5.300000	0.800000	0.000079
5.300000	0.850000	0.000109
5.300000	0.900000	0.000088
5.300000	0.950000	0.000040
5.350000	-0.900000	0.000023
5.350000	-0.850000	0.000025
5.350000	-0.800000	0.000015
5.350000	-0.100000	0.000037
5.350000	-0.050000	0.000077
5.350000	0.000000	0.000090
5.350000	0.050000	0.000063
5.350000	0.100000	0.000023
5.350000	0.800000	0.000022
5.350000	0.850000	0.000029
5.350000	0.900000	0.000023
5.450000	-0.050000	0.000023
5.450000	0.000000	0.000038
5.450000	0.050000	0.000035
5.450000	0.100000	0.000019
5.500000	-0.900000	0.000023
5.500000	-0.850000	0.000029
5.500000	-0.800000	0.000022
5.500000	-0.100000	0.000023
5.500000	-0.050000	0.000066
5.500000	0.000000	0.000097
5.500000	0.050000	0.000084
5.500000	0.100000	0.000041
5.500000	0.800000	0.000016
5.500000	0.850000	0.000027
5.500000	0.900000	0.000026
5.500000	0.950000	0.000015
5.550000	-0.900000	0.000025
5.550000	-0.850000	0.000032
5.550000	-0.800000	0.000024
5.550000	-0.100000	0.000026
5.550000	-0.050000	0.000073
5.550000	0.000000	0.000106
5.550000	0.050000	0.000092
5.550000	0.100000	0.000045
5.550000	0.800000	0.000017
5.550000	0.850000	0.000030
5.550000	0.900000	0.000029
5.550000	0.950000	0.000016
5.600000	-0.850000	0.000018
5.600000	-0.800000	0.000015
5.600000	-0.050000	0.000041
5.600000	0.000000	0.000061
5.600000	0.050000	0.000055
5.600000	0.100000	0.000028
5.600000	0.850000	0.000017
5.600000	0.900000	0.000017
5.750000	-0.850000	0.000015
5.750000	-0.100000	0.000020
5.750000	-0.050000	0.000044
5.750000	0.000000	0.000052
5.750000	0.050000	0.000036
5.750000	0.850000	0.000016
5.800000	-0.950000	0.000014
5.800000	-0.900000	0.000028
5.800000	-0.850000	0.000031
5.800000	-0.800000	0.000019
5.800000	-0.100000	0.000038
5.800000	-0.050000	0.000088
5.800000	0.000000	0.000108
5.800000	0.050000	0.000078
5.800000	0.100000	0.000028
5.800000	0.800000	0.000023
5.800000	0.850000	0.000032
5.800000	0.900000	0.000026
5.850000	-0.950000	0.000016
5.850000	-0.900000	0.000031
5.850000	-0.850000	0.000035
5.850000	-0.800000	0.000022
5.850000	-0.100000	0.000040
5.850000	-0.050000	0.000096
5.850000	0.000000	0.000122
5.850000	0.050000	0.000091
5.850000	0.100000	0.000034
5.850000	0.800000	0.000025
5.850000	0.850000	0.000036
5.850000	0.900000	0.000030
5.900000	-0.900000	0.000020
5.900000	-0.850000	0.000023
5.900000	-0.800000	0.000015
5.900000	-0.100000	0.000026
5.900000	-0.050000	0.000063
5.900000	0.000000	0.000080
5.900000	0.050000	0.000060
5.900000	0.100000	0.000023
5.900000	0.800000	0.000016
5.900000	0.850000	0.000024
5.900000	0.900000	0.000020
5.950000	-0.050000	0.000016
5.950000	0.000000	0.000020
5.950000	0.050000	0.000016
6.050000	-0.900000	0.000016
6.050000	-0.850000	0.000019
6.050000	-0.100000	0.000020
6.050000	-0.050000	0.000050
6.050000	0.000000	0.000064
6.050000	0.050000	0.000048
6.050000	0.100000	0.000019
6.050000	0.850000	0.000019
6.050000	0.900000	0.000016
6.100000	-0.950000	0.000023
6.100000	-0.900000	0.000047
6.100000	-0.850000	0.000053
6.100000	-0.800000	0.000035
6.100000	-0.100000	0.000056
6.100000	-0.050000	0.000142
6.100000	0.000000	0.000183
6.100000	0.050000	0.000138
6.100000	0.100000	0.000054
6.100000	0.800000	0.000036
6.100000	0.850000	0.000054
6.100000	0.900000	0.000046
6.100000	0.950000	0.000022
6.150000	-0.950000	0.000037
6.150000	-0.900000	0.000076
6.150000	-0.850000	0.000088
6.150000	-0.800000	0.000057
6.150000	-0.750000	0.000016
6.150000	-0.250000	0.000019
6.150000	-0.100000	0.000093
6.150000	-0.050000	0.000232
6.150000	0.000000	0.000302
6.150000	0.050000	0.000229
6.150000	0.100000	0.000091
6.150000	0.250000	0.000017
6.150000	0.750000	0.000015
6.150000	0.800000	0.000058
6.150000	0.850000	0.000087
6.150000	0.900000	0.000075
6.150000	0.950000	0.000036
6.200000	-0.950000	0.000044
6.200000	-0.900000	0.000089
6.200000	-0.850000	0.000103
6.200000	-0.800000	0.000068
6.200000	-0.750000	0.000018
6.200000	-0.250000	0.000023
6.200000	-0.100000	0.000108
6.200000	-0.050000	0.000272
6.200000	0.000000	0.000354
6.200000	0.050000	0.000270
6.200000	0.100000	0.000106
6.200000	0.250000	0.000020
6.200000	0.750000	0.000019
6.200000	0.800000	0.000068
6.200000	0.850000	0.000103
6.200000	0.900000	0.000088
6.200000	0.950000	0.000043
6.250000	-0.950000	0.000040
6.250000	-0.900000	0.000082
6.250000	-0.850000	0.000094
6.250000	-0.800000	0.000061
6.250000	-0.750000	0.000017
6.250000	-0.250000	0.000020
6.250000	-0.100000	0.000099
6.250000	-0.050000	0.000247
6.250000	0.000000	0.000323
6.250000	0.050000	0.000246
6.250000	0.100000	0.000098
6.250000	0.250000	0.000018
6.250000	0.750000	0.000017
6.250000	0.800000	0.000062
6.250000	0.850000	0.000094
6.250000	0.900000	0.000080
6.250000	0.950000	0.000039
6.300000	-0.950000	0.000029
6.300000	-0.900000	0.000059
6.300000	-0.850000	0.000068
6.300000	-0.800000	0.000045
6.300000	-0.100000	0.000072
6.300000	-0.050000	0.000180
6.300000	0.000000	0.000233
6.300000	0.050000	0.000177
6.300000	0.100000	0.000070
6.300000	0.800000	0.000045
6.300000	0.850000	0.000068
6.300000	0.900000	0.000058
6.300000	0.950000	0.000028
6.350000	-0.950000	0.000017
6.350000	-0.900000	0.000035
6.350000	-0.850000	0.000040
6.350000	-0.800000	0.000026
6.350000	-0.100000	0.000044
6.350000	-0.050000	0.000106
6.350000	0.000000	0.000138
6.350000	0.050000	0.000104
6.350000	0.100000	0.000041
6.350000	0.800000	0.000027
6.350000	0.850000	0.000040
6.350000	0.900000	0.000034
6.350000	0.950000	0.000017
6.400000	-0.900000	0.000017
6.400000	-0.850000	0.000020
6.400000	-0.100000	0.000021
6.400000	-0.050000	0.000052
6.400000	0.000000	0.000068
6.400000	0.050000	0.000052
6.400000	0.100000	0.000021
6.400000	0.850000	0.000020
6.400000	0.900000	0.000017
6.450000	-0.050000	0.000024
6.450000	0.000000	0.000032
6.450000	0.050000	0.000025
6.500000	0.000000	0.000014
6.700000	-0.050000	0.000029
6.700000	0.000000	0.000036
6.700000	0.050000	0.000025
6.750000	-0.100000	0.000016
6.750000	-0.050000	0.000040
6.750000	0.000000	0.000050
6.750000	0.050000	0.000036
6.750000	0.850000	0.000015
6.800000	-0.050000	0.000032
6.800000	0.000000	0.000041
6.800000	0.050000	0.000030
6.850000	-0.050000	0.000015
6.850000	0.000000	0.000019
6.900000	0.000000	0.000016
6.950000	-0.900000	0.000015
6.950000	-0.850000	0.000017
6.950000	-0.100000	0.000021
6.950000	-0.050000	0.000048
6.950000	0.000000	0.000060
6.950000	0.050000	0.000044
6.950000	0.100000	0.000018
6.950000	0.850000	0.000018
6.950000	0.900000	0.000015
7.000000	-0.950000	0.000017
7.000000	-0.900000	0.000034
7.000000	-0.850000	0.000039
7.000000	-0.800000	0.000026
7.000000	-0.100000	0.000044
7.000000	-0.050000	0.000106
7.000000	0.000000	0.000137
7.000000	0.050000	0.000104
7.000000	0.100000	0.000042
7.000000	0.800000	0.000028
7.000000	0.850000	0.000040
7.000000	0.900000	0.000034
7.000000	0.950000	0.000017
