
-7  -1  3.9579E-5
-7  -0.95 1.8595E-4
-7  -0.9  3.7775E-4
-7  -0.85 4.3974E-4
-7  -0.8  2.9184E-4
-7  -0.75 8.1725E-5
-7  -0.65 3.5978E-5
-7  -0.6  4.714E-5
-7  -0.5  9.1951E-6
-7  -0.45 4.2241E-5
-7  -0.4  2.9376E-5
-7  -0.3  4.325E-5
-7  -0.25 8.565E-5
-7  -0.2  2.4319E-5
-7  -0.15 5.296E-5
-7  -0.1  4.7972E-4
-7  -0.05 0.0012
-7  0 0.0015
-7  0.05  0.0012
-7  0.1 4.7717E-4
-7  0.15  4.5069E-5
-7  0.2 2.6478E-5
-7  0.25  8.4759E-5
-7  0.3 4.2419E-5
-7  0.4 2.9855E-5
-7  0.45  4.2651E-5
-7  0.55  9.5045E-6
-7  0.6 4.7153E-5
-7  0.65  3.7082E-5
-7  0.75  8.6741E-5
-7  0.8 3.0114E-4
-7  0.85  4.5664E-4
-7  0.9 3.8925E-4
-7  0.95  1.8894E-4
-7  1 3.9168E-5
-6.95 -1.15 1.079E-5
-6.95 -1.1  1.1377E-5
-6.95 -1  5.5114E-5
-6.95 -0.95 2.5897E-4
-6.95 -0.9  5.2651E-4
-6.95 -0.85 6.1306E-4
-6.95 -0.8  4.0504E-4
-6.95 -0.75 1.153E-4
-6.95 -0.65 5.0458E-5
-6.95 -0.6  6.4244E-5
-6.95 -0.55 1.2455E-5
-6.95 -0.5  1.1953E-5
-6.95 -0.45 5.8262E-5
-6.95 -0.4  4.0706E-5
-6.95 -0.3  5.9394E-5
-6.95 -0.25 1.1713E-4
-6.95 -0.2  3.4542E-5
-6.95 -0.15 6.2974E-5
-6.95 -0.1  6.6885E-4
-6.95 -0.05 0.0017
-6.95 0 0.0022
-6.95 0.05  0.0017
-6.95 0.1 6.6584E-4
-6.95 0.15  7.0121E-5
-6.95 0.2 3.4821E-5
-6.95 0.25  1.1978E-4
-6.95 0.3 5.9262E-5
-6.95 0.4 4.1983E-5
-6.95 0.45  5.9225E-5
-6.95 0.5 1.2574E-5
-6.95 0.55  1.258E-5
-6.95 0.6 6.6524E-5
-6.95 0.65  5.0819E-5
-6.95 0.75  1.1733E-4
-6.95 0.8 4.1896E-4
-6.95 0.85  6.29E-4
-6.95 0.9 5.4117E-4
-6.95 0.95  2.6382E-4
-6.95 1 5.4669E-5
-6.95 1.1 1.2062E-5
-6.95 1.15  1.127E-5
-6.9  -1.15 1.2421E-5
-6.9  -1.1  1.2969E-5
-6.9  -1  6.1676E-5
-6.9  -0.95 2.9425E-4
-6.9  -0.9  6.008E-4
-6.9  -0.85 6.987E-4
-6.9  -0.8  4.6574E-4
-6.9  -0.75 1.3155E-4
-6.9  -0.65 5.7532E-5
-6.9  -0.6  7.4921E-5
-6.9  -0.55 1.4583E-5
-6.9  -0.5  1.4343E-5
-6.9  -0.45 6.6937E-5
-6.9  -0.4  4.671E-5
-6.9  -0.3  6.6846E-5
-6.9  -0.25 1.3611E-4
-6.9  -0.2  3.91E-5
-6.9  -0.15 8.0184E-5
-6.9  -0.1  7.6012E-4
-6.9  -0.05 0.0019
-6.9  0 0.0025
-6.9  0.05  0.0019
-6.9  0.1 7.5836E-4
-6.9  0.15  7.7571E-5
-6.9  0.2 4.1592E-5
-6.9  0.25  1.3559E-4
-6.9  0.3 6.8196E-5
-6.9  0.4 4.703E-5
-6.9  0.45  6.7888E-5
-6.9  0.5 1.3732E-5
-6.9  0.55  1.505E-5
-6.9  0.6 7.5098E-5
-6.9  0.65  5.8986E-5
-6.9  0.75  1.3716E-4
-6.9  0.8 4.7678E-4
-6.9  0.85  7.2436E-4
-6.9  0.9 6.1701E-4
-6.9  0.95  3.0374E-4
-6.9  1 6.3753E-5
-6.9  1.1 1.3618E-5
-6.9  1.15  1.2861E-5
-6.85 -1.15 1.158E-5
-6.85 -1.1  1.2422E-5
-6.85 -1  5.9147E-5
-6.85 -0.95 2.8003E-4
-6.85 -0.9  5.7159E-4
-6.85 -0.85 6.6632E-4
-6.85 -0.8  4.419E-4
-6.85 -0.75 1.2545E-4
-6.85 -0.65 5.5E-5
-6.85 -0.6  7.022E-5
-6.85 -0.55 1.3581E-5
-6.85 -0.5  1.2897E-5
-6.85 -0.45 6.2958E-5
-6.85 -0.4  4.4365E-5
-6.85 -0.3  6.3481E-5
-6.85 -0.25 1.2596E-4
-6.85 -0.2  3.8386E-5
-6.85 -0.15 6.7432E-5
-6.85 -0.1  7.1997E-4
-6.85 -0.05 0.0018
-6.85 0 0.0023
-6.85 0.05  0.0018
-6.85 0.1 7.2381E-4
-6.85 0.15  7.6824E-5
-6.85 0.2 3.7712E-5
-6.85 0.25  1.3017E-4
-6.85 0.3 6.5316E-5
-6.85 0.4 4.5242E-5
-6.85 0.45  6.436E-5
-6.85 0.5 1.396E-5
-6.85 0.55  1.3351E-5
-6.85 0.6 7.1966E-5
-6.85 0.65  5.5425E-5
-6.85 0.75  1.2592E-4
-6.85 0.8 4.5384E-4
-6.85 0.85  6.8205E-4
-6.85 0.9 5.8722E-4
-6.85 0.95  2.8686E-4
-6.85 1 6.1174E-5
-6.85 1.1 1.3065E-5
-6.85 1.15  1.2328E-5
-6.8  -1.15 9.1264E-6
-6.8  -1.1  9.6678E-6
-6.8  -1  4.5158E-5
-6.8  -0.95 2.1778E-4
-6.8  -0.9  4.4398E-4
-6.8  -0.85 5.1841E-4
-6.8  -0.8  3.4525E-4
-6.8  -0.75 9.811E-5
-6.8  -0.65 4.3091E-5
-6.8  -0.6  5.6088E-5
-6.8  -0.55 1.1119E-5
-6.8  -0.5  1.0262E-5
-6.8  -0.45 4.997E-5
-6.8  -0.4  3.4833E-5
-6.8  -0.3  4.9099E-5
-6.8  -0.25 1.0117E-4
-6.8  -0.2  2.9366E-5
-6.8  -0.15 6.0897E-5
-6.8  -0.1  5.5892E-4
-6.8  -0.05 0.0014
-6.8  0 0.0018
-6.8  0.05  0.0014
-6.8  0.1 5.6167E-4
-6.8  0.15  5.7334E-5
-6.8  0.2 3.1162E-5
-6.8  0.25  1.0204E-4
-6.8  0.3 5.1189E-5
-6.8  0.4 3.4836E-5
-6.8  0.45  5.0825E-5
-6.8  0.5 1.0505E-5
-6.8  0.55  1.1039E-5
-6.8  0.6 5.55E-5
-6.8  0.65  4.4085E-5
-6.8  0.75  9.9226E-5
-6.8  0.8 3.5379E-4
-6.8  0.85  5.377E-4
-6.8  0.9 4.5827E-4
-6.8  0.95  2.2552E-4
-6.8  1 4.699E-5
-6.8  1.1 1.0157E-5
-6.8  1.15  9.6817E-6
-6.75 -1  2.7594E-5
-6.75 -0.95 1.3524E-4
-6.75 -0.9  2.747E-4
-6.75 -0.85 3.1931E-4
-6.75 -0.8  2.1054E-4
-6.75 -0.75 5.9408E-5
-6.75 -0.65 2.6794E-5
-6.75 -0.6  3.4267E-5
-6.75 -0.45 3.0586E-5
-6.75 -0.4  2.2086E-5
-6.75 -0.3  3.0869E-5
-6.75 -0.25 6.091E-5
-6.75 -0.2  1.8684E-5
-6.75 -0.15 3.2684E-5
-6.75 -0.1  3.504E-4
-6.75 -0.05 8.6261E-4
-6.75 0 0.0011
-6.75 0.05  8.6201E-4
-6.75 0.1 3.5289E-4
-6.75 0.15  3.6218E-5
-6.75 0.2 1.871E-5
-6.75 0.25  6.3532E-5
-6.75 0.3 3.1748E-5
-6.75 0.4 2.178E-5
-6.75 0.45  3.1089E-5
-6.75 0.6 3.4617E-5
-6.75 0.65  2.7406E-5
-6.75 0.75  6.0172E-5
-6.75 0.8 2.1914E-4
-6.75 0.85  3.3015E-4
-6.75 0.9 2.8555E-4
-6.75 0.95  1.3928E-4
-6.75 1 2.9399E-5
-6.7  -1  1.1976E-5
-6.7  -0.95 5.9187E-5
-6.7  -0.9  1.2045E-4
-6.7  -0.85 1.41E-4
-6.7  -0.8  9.3747E-5
-6.7  -0.75 2.6317E-5
-6.7  -0.65 1.2248E-5
-6.7  -0.6  1.5769E-5
-6.7  -0.45 1.3898E-5
-6.7  -0.4  9.9961E-6
-6.7  -0.3  1.3198E-5
-6.7  -0.25 2.8079E-5
-6.7  -0.15 1.6096E-5
-6.7  -0.1  1.5319E-4
-6.7  -0.05 3.826E-4
-6.7  0 4.9696E-4
-6.7  0.05  3.8165E-4
-6.7  0.1 1.5219E-4
-6.7  0.15  1.6391E-5
-6.7  0.25  2.9013E-5
-6.7  0.3 1.4383E-5
-6.7  0.4 9.5958E-6
-6.7  0.45  1.4293E-5
-6.7  0.6 1.5338E-5
-6.7  0.65  1.2334E-5
-6.7  0.75  2.6827E-5
-6.7  0.8 9.6758E-5
-6.7  0.85  1.4719E-4
-6.7  0.9 1.2675E-4
-6.7  0.95  6.2371E-5
-6.7  1 1.2633E-5
-6.65 -0.95 1.3506E-5
-6.65 -0.9  2.8035E-5
-6.65 -0.85 3.2389E-5
-6.65 -0.8  2.2012E-5
-6.65 -0.1  3.6223E-5
-6.65 -0.05 8.7947E-5
-6.65 0 1.1473E-4
-6.65 0.05  8.7221E-5
-6.65 0.1 3.4089E-5
-6.65 0.8 2.2073E-5
-6.65 0.85  3.3832E-5
-6.65 0.9 2.8906E-5
-6.65 0.95  1.3949E-5
-6.55 -0.9  1.2736E-5
-6.55 -0.85 1.4934E-5
-6.55 -0.8  1.0042E-5
-6.55 -0.1  1.6574E-5
-6.55 -0.05 3.9593E-5
-6.55 0 5.1749E-5
-6.55 0.05  4.0206E-5
-6.55 0.1 1.6688E-5
-6.55 0.8 9.9318E-6
-6.55 0.85  1.4944E-5
-6.55 0.9 1.2966E-5
-6.5  -0.95 1.4755E-5
-6.5  -0.9  3.018E-5
-6.5  -0.85 3.5775E-5
-6.5  -0.8  2.4105E-5
-6.5  -0.1  3.8065E-5
-6.5  -0.05 9.4646E-5
-6.5  0 1.2365E-4
-6.5  0.05  9.5912E-5
-6.5  0.1 3.9395E-5
-6.5  0.8 2.4055E-5
-6.5  0.85  3.6342E-5
-6.5  0.9 3.1276E-5
-6.5  0.95  1.5634E-5
-6.45 -0.95 1.5476E-5
-6.45 -0.9  3.1924E-5
-6.45 -0.85 3.7528E-5
-6.45 -0.8  2.5263E-5
-6.45 -0.1  3.9964E-5
-6.45 -0.05 9.9366E-5
-6.45 0 1.3135E-4
-6.45 0.05  1.0141E-4
-6.45 0.1 4.1897E-5
-6.45 0.8 2.5121E-5
-6.45 0.85  3.7994E-5
-6.45 0.9 3.3028E-5
-6.45 0.95  1.6332E-5
-6.4  -0.9  1.7958E-5
-6.4  -0.85 2.1345E-5
-6.4  -0.8  1.4401E-5
-6.4  -0.1  2.2004E-5
-6.4  -0.05 5.5976E-5
-6.4  0 7.3515E-5
-6.4  0.05  5.7594E-5
-6.4  0.1 2.3509E-5
-6.4  0.8 1.4023E-5
-6.4  0.85  2.1423E-5
-6.4  0.9 1.8742E-5
-6.4  0.95  9.3414E-6
-6.35 -0.05 1.0471E-5
-6.35 0 1.3981E-5
-6.35 0.05  1.1347E-5
-6.25 -0.9  1.1751E-5
-6.25 -0.85 1.3446E-5
-6.25 -0.1  1.6397E-5
-6.25 -0.05 3.8218E-5
-6.25 0 4.8712E-5
-6.25 0.05  3.6792E-5
-6.25 0.1 1.4792E-5
-6.25 0.8 9.6099E-6
-6.25 0.85  1.4283E-5
-6.25 0.9 1.2062E-5
-6.2  -0.95 1.2217E-5
-6.2  -0.9  2.4349E-5
-6.2  -0.85 2.8226E-5
-6.2  -0.8  1.8376E-5
-6.2  -0.1  3.2324E-5
-6.2  -0.05 7.895E-5
-6.2  0 1.0098E-4
-6.2  0.05  7.6454E-5
-6.2  0.1 3.0208E-5
-6.2  0.8 2.0162E-5
-6.2  0.85  2.9774E-5
-6.2  0.9 2.5135E-5
-6.2  0.95  1.2151E-5
-6.15 -0.95 1.381E-5
-6.15 -0.9  2.7907E-5
-6.15 -0.85 3.2085E-5
-6.15 -0.8  2.1108E-5
-6.15 -0.1  3.7011E-5
-6.15 -0.05 8.9741E-5
-6.15 0 1.157E-4
-6.15 0.05  8.7345E-5
-6.15 0.1 3.4815E-5
-6.15 0.8 2.2835E-5
-6.15 0.85  3.3993E-5
-6.15 0.9 2.8801E-5
-6.15 0.95  1.386E-5
-6.1  -0.95 9.7673E-6
-6.1  -0.9  1.9493E-5
-6.1  -0.85 2.2627E-5
-6.1  -0.8  1.4798E-5
-6.1  -0.1  2.5527E-5
-6.1  -0.05 6.2072E-5
-6.1  0 8.0212E-5
-6.1  0.05  6.105E-5
-6.1  0.1 2.4048E-5
-6.1  0.8 1.6035E-5
-6.1  0.85  2.3641E-5
-6.1  0.9 2.0146E-5
-6.1  0.95  9.6826E-6
-6.05 -0.05 2.1298E-5
-6.05 0 2.7427E-5
-6.05 0.05  2.0717E-5
-5.95 -0.05 1.6895E-5
-5.95 0 2.1536E-5
-5.95 0.05  1.6172E-5
-5.9  -0.95 9.0517E-6
-5.9  -0.9  1.8217E-5
-5.9  -0.85 2.0863E-5
-5.9  -0.8  1.3079E-5
-5.9  -0.1  2.3767E-5
-5.9  -0.05 5.9449E-5
-5.9  0 7.5932E-5
-5.9  0.05  5.6756E-5
-5.9  0.1 2.1581E-5
-5.9  0.8 1.5326E-5
-5.9  0.85  2.2794E-5
-5.9  0.9 1.9167E-5
-5.9  0.95  9.019E-6
-5.85 -0.95 1.5048E-5
-5.85 -0.9  3.0377E-5
-5.85 -0.85 3.4351E-5
-5.85 -0.8  2.1854E-5
-5.85 -0.1  4.0016E-5
-5.85 -0.05 9.9008E-5
-5.85 0 1.2612E-4
-5.85 0.05  9.2859E-5
-5.85 0.1 3.4913E-5
-5.85 0.8 2.5631E-5
-5.85 0.85  3.8264E-5
-5.85 0.9 3.1892E-5
-5.85 0.95  1.4971E-5
-5.8  -0.95 1.7182E-5
-5.8  -0.9  3.4288E-5
-5.8  -0.85 3.8764E-5
-5.8  -0.8  2.4137E-5
-5.8  -0.25 9.1776E-6
-5.8  -0.1  4.5945E-5
-5.8  -0.05 1.1201E-4
-5.8  0 1.4217E-4
-5.8  0.05  1.0459E-4
-5.8  0.1 3.8457E-5
-5.8  0.25  9.1788E-6
-5.8  0.8 2.9585E-5
-5.8  0.85  4.3363E-5
-5.8  0.9 3.5949E-5
-5.8  0.95  1.6516E-5
-5.75 -0.95 1.4714E-5
-5.75 -0.9  2.9081E-5
-5.75 -0.85 3.2318E-5
-5.75 -0.8  1.986E-5
-5.75 -0.1  4.0126E-5
-5.75 -0.05 9.6748E-5
-5.75 0 1.2078E-4
-5.75 0.05  8.712E-5
-5.75 0.1 3.1286E-5
-5.75 0.8 2.5606E-5
-5.75 0.85  3.7414E-5
-5.75 0.9 3.0442E-5
-5.75 0.95  1.3833E-5
-5.7  -0.95 9.8826E-6
-5.7  -0.9  1.9399E-5
-5.7  -0.85 2.1196E-5
-5.7  -0.8  1.2492E-5
-5.7  -0.1  2.7816E-5
-5.7  -0.05 6.5239E-5
-5.7  0 8.0329E-5
-5.7  0.05  5.7088E-5
-5.7  0.1 1.9724E-5
-5.7  0.8 1.7474E-5
-5.7  0.85  2.4962E-5
-5.7  0.9 2.0265E-5
-5.65 -0.9  1.0591E-5
-5.65 -0.85 1.1325E-5
-5.65 -0.1  1.5751E-5
-5.65 -0.05 3.6386E-5
-5.65 0 4.3759E-5
-5.65 0.05  3.0335E-5
-5.65 0.1 9.9018E-6
-5.65 0.8 9.7655E-6
-5.65 0.85  1.3845E-5
-5.65 0.9 1.1E-5
-5.6  -0.05 1.8207E-5
-5.6  0 2.2344E-5
-5.6  0.05  1.5554E-5
-5.55 -0.05 9.6755E-6
-5.55 0 1.2659E-5
-5.55 0.05  9.5774E-6
-5.3  -0.05 1.0559E-5
-5.3  0 1.2887E-5
-5.3  0.05  9.2743E-6
-5.25 -0.05 1.3049E-5
-5.25 0 1.6508E-5
-5.25 0.05  1.2272E-5
-5.2  -0.05 9.3682E-6
-5.2  0 1.2374E-5
-5.2  0.05  9.1366E-6
-5.05 0 1.0367E-5
-5  -0.05 1.9249E-5
-5  0 2.4089E-5
-5  0.05  1.7958E-5
-4.95 -0.1  1.0217E-5
-4.95 -0.05 2.4327E-5
-4.95 0 3.0965E-5
-4.95 0.05  2.359E-5
-4.95 0.1 9.467E-6
-4.95 0.85  9.0968E-6
-4.9  -0.05 1.8501E-5
-4.9  0 2.3987E-5
-4.9  0.05  1.8227E-5
-4.75 -0.05 1.0491E-5
-4.75 0 1.4553E-5
-4.75 0.05  1.1847E-5
-4.7  -0.9  1.2257E-5
-4.7  -0.85 1.5254E-5
-4.7  -0.8  1.062E-5
-4.7  -0.1  1.2165E-5
-4.7  -0.05 3.6113E-5
-4.7  0 5.1157E-5
-4.7  0.05  4.1196E-5
-4.7  0.1 1.7371E-5
-4.7  0.85  1.4229E-5
-4.7  0.9 1.3015E-5
-4.65 -0.95 9.3026E-6
-4.65 -0.9  2.2084E-5
-4.65 -0.85 2.8037E-5
-4.65 -0.8  1.9557E-5
-4.65 -0.25 9.5686E-6
-4.65 -0.1  2.013E-5
-4.65 -0.05 6.3551E-5
-4.65 0 9.1953E-5
-4.65 0.05  7.5492E-5
-4.65 0.1 3.1697E-5
-4.65 0.8 1.4737E-5
-4.65 0.85  2.5459E-5
-4.65 0.9 2.3484E-5
-4.65 0.95  1.2096E-5
-4.6  -0.95 1.0736E-5
-4.6  -0.9  2.7339E-5
-4.6  -0.85 3.5374E-5
-4.6  -0.8  2.5292E-5
-4.6  -0.25 1.3472E-5
-4.6  -0.1  2.2487E-5
-4.6  -0.05 7.688E-5
-4.6  0 1.1471E-4
-4.6  0.05  9.5271E-5
-4.6  0.1 4.1024E-5
-4.6  0.8 1.7421E-5
-4.6  0.85  3.1504E-5
-4.6  0.9 2.9614E-5
-4.6  0.95  1.5444E-5
-4.55 -0.95 9.2679E-6
-4.55 -0.9  2.5025E-5
-4.55 -0.85 3.3953E-5
-4.55 -0.8  2.4863E-5
-4.55 -0.25 1.4756E-5
-4.55 -0.2  1.077E-5
-4.55 -0.1  1.7547E-5
-4.55 -0.05 6.7546E-5
-4.55 0 1.0664E-4
-4.55 0.05  9.1943E-5
-4.55 0.1 4.0237E-5
-4.55 0.8 1.505E-5
-4.55 0.85  2.8778E-5
-4.55 0.9 2.799E-5
-4.55 0.95  1.4969E-5
-4.5  -0.9  1.6901E-5
-4.5  -0.85 2.4486E-5
-4.5  -0.8  1.9036E-5
-4.5  -0.25 1.3258E-5
-4.5  -0.2  1.194E-5
-4.5  -0.1  8.938E-6
-4.5  -0.05 4.3495E-5
-4.5  0 7.4748E-5
-4.5  0.05  6.7748E-5
-4.5  0.1 3.1409E-5
-4.5  0.8 9.1221E-6
-4.5  0.85  1.9761E-5
-4.5  0.9 2.0333E-5
-4.5  0.95  1.1361E-5
-4.45 -0.85 1.3386E-5
-4.45 -0.8  1.1339E-5
-4.45 -0.25 9.8192E-6
-4.45 -0.2  1.1379E-5
-4.45 -0.05 1.8239E-5
-4.45 0 3.8054E-5
-4.45 0.05  3.8655E-5
-4.45 0.1 1.9763E-5
-4.45 0.85  9.2971E-6
-4.45 0.9 1.0956E-5
-4.4  -0.2  9.7882E-6
-4.4  0 1.3592E-5
-4.4  0.05  1.7222E-5
-4.4  0.1 1.029E-5
-4.05 0.05  9.1226E-6
-4  0.05  9.8878E-6
-3.8  -0.05 1.7339E-5
-3.8  0 1.9299E-5
-3.8  0.05  1.2205E-5
-3.75 -0.1  1.0466E-5
-3.75 -0.05 2.3689E-5
-3.75 0 2.8799E-5
-3.75 0.05  1.9834E-5
-3.75 0.85  9.0712E-6
-3.7  -0.05 1.7307E-5
-3.7  0 2.1606E-5
-3.7  0.05  1.5607E-5
-3.55 -0.9  1.6125E-5
-3.55 -0.85 1.8736E-5
-3.55 -0.8  1.2518E-5
-3.55 -0.1  1.9964E-5
-3.55 -0.05 5.0686E-5
-3.55 0 6.6541E-5
-3.55 0.05  5.1488E-5
-3.55 0.1 2.0674E-5
-3.55 0.8 1.2196E-5
-3.55 0.85  1.878E-5
-3.55 0.9 1.634E-5
-3.5  -0.95 2.1617E-5
-3.5  -0.9  4.5925E-5
-3.5  -0.85 5.5487E-5
-3.5  -0.8  3.7408E-5
-3.5  -0.75 1.0759E-5
-3.5  -0.25 1.3792E-5
-3.5  -0.1  5.5856E-5
-3.5  -0.05 1.4677E-4
-3.5  0 1.9467E-4
-3.5  0.05  1.5233E-4
-3.5  0.1 6.265E-5
-3.5  0.25  1.1505E-5
-3.5  0.75  9.3825E-6
-3.5  0.8 3.5649E-5
-3.5  0.85  5.491E-5
-3.5  0.9 4.8053E-5
-3.5  0.95  2.3638E-5
-3.45 -0.95 3.9522E-5
-3.45 -0.9  8.4661E-5
-3.45 -0.85 1.0141E-4
-3.45 -0.8  6.991E-5
-3.45 -0.75 2.0711E-5
-3.45 -0.6  1.0823E-5
-3.45 -0.3  1.26E-5
-3.45 -0.25 2.4685E-5
-3.45 -0.2  9.0406E-6
-3.45 -0.1  1.0194E-4
-3.45 -0.05 2.6699E-4
-3.45 0 3.5969E-4
-3.45 0.05  2.8063E-4
-3.45 0.1 1.1595E-4
-3.45 0.15  1.2538E-5
-3.45 0.25  1.917E-5
-3.45 0.3 1.0082E-5
-3.45 0.6 1.3221E-5
-3.45 0.65  1.092E-5
-3.45 0.75  1.6679E-5
-3.45 0.8 6.4468E-5
-3.45 0.85  1.0052E-4
-3.45 0.9 8.8007E-5
-3.45 0.95  4.3865E-5
-3.45 1 9.5222E-6
-3.4  -1  9.9756E-6
-3.4  -0.95 5.4039E-5
-3.4  -0.9  1.1594E-4
-3.4  -0.85 1.4058E-4
-3.4  -0.8  9.6514E-5
-3.4  -0.75 3.001E-5
-3.4  -0.65 1.0091E-5
-3.4  -0.6  1.387E-5
-3.4  -0.45 1.2749E-5
-3.4  -0.3  1.6031E-5
-3.4  -0.25 3.2541E-5
-3.4  -0.2  1.2471E-5
-3.4  -0.15 1.0199E-5
-3.4  -0.1  1.3631E-4
-3.4  -0.05 3.6091E-4
-3.4  0 4.8814E-4
-3.4  0.05  3.8731E-4
-3.4  0.1 1.6164E-4
-3.4  0.15  1.9588E-5
-3.4  0.25  2.5434E-5
-3.4  0.3 1.3023E-5
-3.4  0.4 9.0824E-6
-3.4  0.45  1.2858E-5
-3.4  0.6 1.7644E-5
-3.4  0.65  1.453E-5
-3.4  0.75  2.1923E-5
-3.4  0.8 8.655E-5
-3.4  0.85  1.3509E-4
-3.4  0.9 1.1858E-4
-3.4  0.95  5.9609E-5
-3.4  1 1.3265E-5
-3.35 -1  1.0903E-5
-3.35 -0.95 5.7712E-5
-3.35 -0.9  1.251E-4
-3.35 -0.85 1.5107E-4
-3.35 -0.8  1.0552E-4
-3.35 -0.75 3.2572E-5
-3.35 -0.65 1.022E-5
-3.35 -0.6  1.4629E-5
-3.35 -0.45 1.4097E-5
-3.35 -0.4  9.9516E-6
-3.35 -0.3  1.6284E-5
-3.35 -0.25 3.4203E-5
-3.35 -0.2  1.2681E-5
-3.35 -0.15 1.2021E-5
-3.35 -0.1  1.458E-4
-3.35 -0.05 3.8574E-4
-3.35 0 5.2262E-4
-3.35 0.05  4.1307E-4
-3.35 0.1 1.761E-4
-3.35 0.15  2.0355E-5
-3.35 0.25  2.5847E-5
-3.35 0.3 1.347E-5
-3.35 0.4 1.0021E-5
-3.35 0.45  1.4221E-5
-3.35 0.6 1.7986E-5
-3.35 0.65  1.5239E-5
-3.35 0.75  2.363E-5
-3.35 0.8 9.2028E-5
-3.35 0.85  1.4436E-4
-3.35 0.9 1.2718E-4
-3.35 0.95  6.4058E-5
-3.35 1 1.4364E-5
-3.3  -1  9.1655E-6
-3.3  -0.95 5.0063E-5
-3.3  -0.9  1.0786E-4
-3.3  -0.85 1.3185E-4
-3.3  -0.8  9.176E-5
-3.3  -0.75 2.9352E-5
-3.3  -0.6  1.2156E-5
-3.3  -0.45 1.2403E-5
-3.3  -0.3  1.3488E-5
-3.3  -0.25 2.8246E-5
-3.3  -0.2  1.0597E-5
-3.3  -0.15 9.1464E-6
-3.3  -0.1  1.255E-4
-3.3  -0.05 3.3057E-4
-3.3  0 4.4773E-4
-3.3  0.05  3.573E-4
-3.3  0.1 1.5216E-4
-3.3  0.15  2.0271E-5
-3.3  0.25  2.1715E-5
-3.3  0.3 1.1282E-5
-3.3  0.45  1.23E-5
-3.3  0.6 1.5198E-5
-3.3  0.65  1.2508E-5
-3.3  0.75  2.0407E-5
-3.3  0.8 7.9664E-5
-3.3  0.85  1.2407E-4
-3.3  0.9 1.0959E-4
-3.3  0.95  5.532E-5
-3.3  1 1.2589E-5
-3.25 -0.95 3.5053E-5
-3.25 -0.9  7.5065E-5
-3.25 -0.85 9.1389E-5
-3.25 -0.8  6.4136E-5
-3.25 -0.75 2.0309E-5
-3.25 -0.3  9.0555E-6
-3.25 -0.25 1.8725E-5
-3.25 -0.1  8.806E-5
-3.25 -0.05 2.3203E-4
-3.25 0 3.1163E-4
-3.25 0.05  2.4605E-4
-3.25 0.1 1.0683E-4
-3.25 0.15  1.3422E-5
-3.25 0.25  1.4191E-5
-3.25 0.6 9.7439E-6
-3.25 0.75  1.5011E-5
-3.25 0.8 5.5746E-5
-3.25 0.85  8.6612E-5
-3.25 0.9 7.6268E-5
-3.25 0.95  3.8513E-5
-3.25 1 9.0015E-6
-3.2  -0.95 2.0209E-5
-3.2  -0.9  4.2519E-5
-3.2  -0.85 5.1406E-5
-3.2  -0.8  3.5929E-5
-3.2  -0.75 1.1892E-5
-3.2  -0.25 9.5647E-6
-3.2  -0.1  4.9862E-5
-3.2  -0.05 1.2908E-4
-3.2  0 1.7442E-4
-3.2  0.05  1.3856E-4
-3.2  0.1 5.991E-5
-3.2  0.8 3.0938E-5
-3.2  0.85  4.7498E-5
-3.2  0.9 4.1951E-5
-3.2  0.95  2.14E-5
-3.15 -0.95 9.0456E-6
-3.15 -0.9  1.9069E-5
-3.15 -0.85 2.2842E-5
-3.15 -0.8  1.6174E-5
-3.15 -0.1  2.1873E-5
-3.15 -0.05 5.6448E-5
-3.15 0 7.5899E-5
-3.15 0.05  6.1132E-5
-3.15 0.1 2.6849E-5
-3.15 0.8 1.3082E-5
-3.15 0.85  2.0567E-5
-3.15 0.9 1.8178E-5
-3.15 0.95  9.389E-6
-3.1  -0.05 1.6534E-5
-3.1  0 2.3607E-5
-3.1  0.05  2.0202E-5
-3.1  0.1 9.7149E-6
-2.95 -0.9  1.0811E-5
-2.95 -0.85 1.0653E-5
-2.95 -0.1  1.8125E-5
-2.95 -0.05 3.5226E-5
-2.95 0 3.8623E-5
-2.95 0.05  2.5256E-5
-2.95 0.8 9.1029E-6
-2.95 0.85  1.1487E-5
-2.9  -0.95 1.3989E-5
-2.9  -0.9  2.5589E-5
-2.9  -0.85 2.6878E-5
-2.9  -0.8  1.5548E-5
-2.9  -0.1  3.6321E-5
-2.9  -0.05 7.8306E-5
-2.9  0 9.2707E-5
-2.9  0.05  6.3796E-5
-2.9  0.1 2.198E-5
-2.9  0.8 1.9239E-5
-2.9  0.85  2.6081E-5
-2.9  0.9 2.0381E-5
-2.85 -0.95 1.8543E-5
-2.85 -0.9  3.5709E-5
-2.85 -0.85 3.9243E-5
-2.85 -0.8  2.3887E-5
-2.85 -0.25 9.2361E-6
-2.85 -0.1  4.5195E-5
-2.85 -0.05 1.0662E-4
-2.85 0 1.3064E-4
-2.85 0.05  9.3279E-5
-2.85 0.1 3.2982E-5
-2.85 0.8 2.5684E-5
-2.85 0.85  3.6854E-5
-2.85 0.9 2.9529E-5
-2.85 0.95  1.3298E-5
-2.8  -0.95 1.5614E-5
-2.8  -0.9  3.1556E-5
-2.8  -0.85 3.5337E-5
-2.8  -0.8  2.186E-5
-2.8  -0.25 9.3469E-6
-2.8  -0.1  3.7388E-5
-2.8  -0.05 9.2375E-5
-2.8  0 1.1784E-4
-2.8  0.05  8.547E-5
-2.8  0.1 3.1013E-5
-2.8  0.8 2.1958E-5
-2.8  0.85  3.2651E-5
-2.8  0.9 2.7019E-5
-2.8  0.95  1.217E-5
-2.75 -0.9  1.7669E-5
-2.75 -0.85 1.9844E-5
-2.75 -0.8  1.2202E-5
-2.75 -0.1  2.0845E-5
-2.75 -0.05 5.3411E-5
-2.75 0 6.7546E-5
-2.75 0.05  4.8668E-5
-2.75 0.1 1.6946E-5
-2.75 0.8 1.2607E-5
-2.75 0.85  1.8869E-5
-2.75 0.9 1.5356E-5
-2.7  -0.95 1.1014E-5
-2.7  -0.9  2.0245E-5
-2.7  -0.85 2.1681E-5
-2.7  -0.8  1.3481E-5
-2.7  -0.1  2.7983E-5
-2.7  -0.05 6.219E-5
-2.7  0 7.5754E-5
-2.7  0.05  5.2704E-5
-2.7  0.1 1.9172E-5
-2.7  0.8 1.5318E-5
-2.7  0.85  2.1265E-5
-2.7  0.9 1.6826E-5
-2.65 -0.95 3.651E-5
-2.65 -0.9  6.8127E-5
-2.65 -0.85 7.5869E-5
-2.65 -0.8  4.8678E-5
-2.65 -0.75 1.3521E-5
-2.65 -0.25 1.2762E-5
-2.65 -0.15 1.2775E-5
-2.65 -0.1  8.8719E-5
-2.65 -0.05 1.9937E-4
-2.65 0 2.4597E-4
-2.65 0.05  1.8153E-4
-2.65 0.1 7.0758E-5
-2.65 0.25  9.9589E-6
-2.65 0.75  1.5885E-5
-2.65 0.8 4.789E-5
-2.65 0.85  6.761E-5
-2.65 0.9 5.4998E-5
-2.65 0.95  2.5781E-5
-2.6  -1  1.8671E-5
-2.6  -0.95 7.8991E-5
-2.6  -0.9  1.5653E-4
-2.6  -0.85 1.7739E-4
-2.6  -0.8  1.1535E-4
-2.6  -0.75 3.291E-5
-2.6  -0.65 1.1697E-5
-2.6  -0.6  1.4874E-5
-2.6  -0.45 1.4643E-5
-2.6  -0.3  1.8986E-5
-2.6  -0.25 3.1438E-5
-2.6  -0.15 2.3069E-5
-2.6  -0.1  1.8946E-4
-2.6  -0.05 4.4884E-4
-2.6  0 5.6922E-4
-2.6  0.05  4.2551E-4
-2.6  0.1 1.7313E-4
-2.6  0.15  1.8613E-5
-2.6  0.25  2.4623E-5
-2.6  0.3 1.1789E-5
-2.6  0.4 1.0411E-5
-2.6  0.45  1.2561E-5
-2.6  0.6 1.7331E-5
-2.6  0.65  1.1846E-5
-2.6  0.75  3.2405E-5
-2.6  0.8 1.0531E-4
-2.6  0.85  1.5281E-4
-2.6  0.9 1.2871E-4
-2.6  0.95  6.1403E-5
-2.6  1 1.3608E-5
-2.55 -1  2.4373E-5
-2.55 -0.95 1.1478E-4
-2.55 -0.9  2.2795E-4
-2.55 -0.85 2.6269E-4
-2.55 -0.8  1.7314E-4
-2.55 -0.75 5.0271E-5
-2.55 -0.65 1.8187E-5
-2.55 -0.6  2.3151E-5
-2.55 -0.45 2.2499E-5
-2.55 -0.4  1.3414E-5
-2.55 -0.3  2.8173E-5
-2.55 -0.25 5.0856E-5
-2.55 -0.2  1.3859E-5
-2.55 -0.15 2.9934E-5
-2.55 -0.1  2.6835E-4
-2.55 -0.05 6.5384E-4
-2.55 0 8.3419E-4
-2.55 0.05  6.3213E-4
-2.55 0.1 2.5395E-4
-2.55 0.15  2.8874E-5
-2.55 0.2 1.0737E-5
-2.55 0.25  3.84E-5
-2.55 0.3 1.8191E-5
-2.55 0.4 1.4782E-5
-2.55 0.45  1.926E-5
-2.55 0.6 2.6578E-5
-2.55 0.65  1.9206E-5
-2.55 0.75  4.4555E-5
-2.55 0.8 1.514E-4
-2.55 0.85  2.2408E-4
-2.55 0.9 1.8987E-4
-2.55 0.95  9.2675E-5
-2.55 1 1.919E-5
-2.5  -1  2.227E-5
-2.5  -0.95 1.0575E-4
-2.5  -0.9  2.1483E-4
-2.5  -0.85 2.4791E-4
-2.5  -0.8  1.6565E-4
-2.5  -0.75 4.7719E-5
-2.5  -0.65 1.6524E-5
-2.5  -0.6  2.2028E-5
-2.5  -0.45 2.028E-5
-2.5  -0.4  1.2865E-5
-2.5  -0.3  2.6706E-5
-2.5  -0.25 4.903E-5
-2.5  -0.2  1.5009E-5
-2.5  -0.15 2.319E-5
-2.5  -0.1  2.4302E-4
-2.5  -0.05 5.9921E-4
-2.5  0 7.8204E-4
-2.5  0.05  5.9445E-4
-2.5  0.1 2.4506E-4
-2.5  0.15  2.6827E-5
-2.5  0.2 9.8053E-6
-2.5  0.25  3.5581E-5
-2.5  0.3 1.7732E-5
-2.5  0.4 1.3566E-5
-2.5  0.45  1.7536E-5
-2.5  0.6 2.4935E-5
-2.5  0.65  1.905E-5
-2.5  0.75  3.7532E-5
-2.5  0.8 1.3452E-4
-2.5  0.85  2.026E-4
-2.5  0.9 1.751E-4
-2.5  0.95  8.5699E-5
-2.5  1 1.9024E-5
-2.45 -0.95 4.4972E-5
-2.45 -0.9  9.3016E-5
-2.45 -0.85 1.0984E-4
-2.45 -0.8  7.5174E-5
-2.45 -0.75 2.2293E-5
-2.45 -0.6  9.4847E-6
-2.45 -0.3  1.196E-5
-2.45 -0.25 2.3106E-5
-2.45 -0.15 9.3116E-6
-2.45 -0.1  9.5074E-5
-2.45 -0.05 2.475E-4
-2.45 0 3.3296E-4
-2.45 0.05  2.5888E-4
-2.45 0.1 1.1017E-4
-2.45 0.15  1.3498E-5
-2.45 0.25  1.5479E-5
-2.45 0.6 1.1599E-5
-2.45 0.65  9.4349E-6
-2.45 0.75  1.3265E-5
-2.45 0.8 5.4836E-5
-2.45 0.85  8.4555E-5
-2.45 0.9 7.3543E-5
-2.45 0.95  3.7948E-5
-2.4  0 1.0901E-5
-2.35 -1  2.669E-5
-2.35 -0.95 1.1587E-4
-2.35 -0.9  2.3527E-4
-2.35 -0.85 2.6152E-4
-2.35 -0.8  1.7057E-4
-2.35 -0.75 4.7569E-5
-2.35 -0.65 2.3232E-5
-2.35 -0.6  2.7417E-5
-2.35 -0.45 2.5511E-5
-2.35 -0.4  1.6482E-5
-2.35 -0.3  2.3553E-5
-2.35 -0.25 4.4281E-5
-2.35 -0.2  1.2605E-5
-2.35 -0.15 3.436E-5
-2.35 -0.1  2.6945E-4
-2.35 -0.05 6.3589E-4
-2.35 0 8.1314E-4
-2.35 0.05  6.0215E-4
-2.35 0.1 2.3019E-4
-2.35 0.15  1.7581E-5
-2.35 0.2 1.416E-5
-2.35 0.25  4.4707E-5
-2.35 0.3 2.1324E-5
-2.35 0.4 1.6382E-5
-2.35 0.45  2.1915E-5
-2.35 0.6 2.2467E-5
-2.35 0.65  1.6028E-5
-2.35 0.75  4.3182E-5
-2.35 0.8 1.4822E-4
-2.35 0.85  2.1883E-4
-2.35 0.9 1.7955E-4
-2.35 0.95  8.642E-5
-2.35 1 1.6871E-5
-2.3  -1.15 2.5018E-5
-2.3  -1.1  2.5571E-5
-2.3  -1  1.2044E-4
-2.3  -0.95 5.5337E-4
-2.3  -0.9  0.0011
-2.3  -0.85 0.0013
-2.3  -0.8  8.1208E-4
-2.3  -0.75 2.1972E-4
-2.3  -0.65 9.972E-5
-2.3  -0.6  1.2637E-4
-2.3  -0.55 2.1429E-5
-2.3  -0.5  2.7006E-5
-2.3  -0.45 1.1421E-4
-2.3  -0.4  7.955E-5
-2.3  -0.3  1.1674E-4
-2.3  -0.25 2.2261E-4
-2.3  -0.2  6.1655E-5
-2.3  -0.15 1.3607E-4
-2.3  -0.1  0.0012
-2.3  -0.05 0.003
-2.3  0 0.0039
-2.3  0.05  0.0029
-2.3  0.1 0.0012
-2.3  0.15  1.057E-4
-2.3  0.2 6.4726E-5
-2.3  0.25  2.0138E-4
-2.3  0.3 9.826E-5
-2.3  0.4 7.2651E-5
-2.3  0.45  9.7999E-5
-2.3  0.5 1.9185E-5
-2.3  0.55  2.1237E-5
-2.3  0.6 1.0762E-4
-2.3  0.65  8.2613E-5
-2.3  0.75  1.932E-4
-2.3  0.8 6.6689E-4
-2.3  0.85  9.9386E-4
-2.3  0.9 8.4703E-4
-2.3  0.95  4.0246E-4
-2.3  1 8.0888E-5
-2.3  1.1 1.87E-5
-2.3  1.15  1.6407E-5
-2.25 -1.8  1.073E-5
-2.25 -1.3  1.7442E-5
-2.25 -1.15 6.3221E-5
-2.25 -1.1  6.5062E-5
-2.25 -1  2.9598E-4
-2.25 -0.95 0.0014
-2.25 -0.9  0.0028
-2.25 -0.85 0.0033
-2.25 -0.8  0.0021
-2.25 -0.75 5.7838E-4
-2.25 -0.65 2.5284E-4
-2.25 -0.6  3.1189E-4
-2.25 -0.55 5.8186E-5
-2.25 -0.5  5.9914E-5
-2.25 -0.45 2.8043E-4
-2.25 -0.4  1.9047E-4
-2.25 -0.3  2.7683E-4
-2.25 -0.25 5.5148E-4
-2.25 -0.2  1.621E-4
-2.25 -0.15 3.052E-4
-2.25 -0.1  0.0029
-2.25 -0.05 0.0073
-2.25 0 0.0094
-2.25 0.05  0.0072
-2.25 0.1 0.0029
-2.25 0.15  3.0727E-4
-2.25 0.2 1.535E-4
-2.25 0.25  5.0821E-4
-2.25 0.3 2.3735E-4
-2.25 0.4 1.7462E-4
-2.25 0.45  2.4411E-4
-2.25 0.5 4.6329E-5
-2.25 0.55  5.4088E-5
-2.25 0.6 2.6878E-4
-2.25 0.65  2.0598E-4
-2.25 0.7 1.27E-5
-2.25 0.75  4.5084E-4
-2.25 0.8 0.0016
-2.25 0.85  0.0024
-2.25 0.9 0.002
-2.25 0.95  9.8317E-4
-2.25 1 2.0439E-4
-2.25 1.1 4.3885E-5
-2.25 1.15  4.0863E-5
-2.25 1.3 1.1751E-5
-2.2  -2.55 1.1598E-5
-2.2  -1.85 1.6652E-5
-2.2  -1.8  2.0205E-5
-2.2  -1.75 9.4665E-6
-2.2  -1.35 1.5663E-5
-2.2  -1.3  3.2701E-5
-2.2  -1.25 9.4395E-6
-2.2  -1.2  1.6619E-5
-2.2  -1.15 1.1031E-4
-2.2  -1.1  1.1791E-4
-2.2  -1.05 1.0472E-5
-2.2  -1  5.2221E-4
-2.2  -0.95 0.0025
-2.2  -0.9  0.005
-2.2  -0.85 0.0058
-2.2  -0.8  0.0039
-2.2  -0.75 0.0011
-2.2  -0.7  3.0283E-5
-2.2  -0.65 4.6342E-4
-2.2  -0.6  5.8131E-4
-2.2  -0.55 1.0528E-4
-2.2  -0.5  1.1185E-4
-2.2  -0.45 4.9917E-4
-2.2  -0.4  3.4751E-4
-2.2  -0.35 1.0498E-5
-2.2  -0.3  4.8536E-4
-2.2  -0.25 9.7138E-4
-2.2  -0.2  2.896E-4
-2.2  -0.15 5.1813E-4
-2.2  -0.1  0.0051
-2.2  -0.05 0.0125
-2.2  0 0.0164
-2.2  0.05  0.0125
-2.2  0.1 0.005
-2.2  0.15  4.6301E-4
-2.2  0.2 2.6847E-4
-2.2  0.25  8.6816E-4
-2.2  0.3 4.3748E-4
-2.2  0.4 3.0883E-4
-2.2  0.45  4.2834E-4
-2.2  0.5 8.8444E-5
-2.2  0.55  9.1592E-5
-2.2  0.6 4.728E-4
-2.2  0.65  3.6705E-4
-2.2  0.75  7.7121E-4
-2.2  0.8 0.0027
-2.2  0.85  0.0041
-2.2  0.9 0.0035
-2.2  0.95  0.0017
-2.2  1 3.6636E-4
-2.2  1.1 7.6152E-5
-2.2  1.15  7.001E-5
-2.2  1.2 1.024E-5
-2.2  1.3 2.0311E-5
-2.2  1.35  9.3615E-6
-2.2  1.8 1.1133E-5
-2.15 -2.05 1.1122E-5
-2.15 -2  1.1392E-5
-2.15 -1.8  2.6212E-5
-2.15 -1.75 2.1999E-5
-2.15 -1.5  1.1565E-5
-2.15 -1.45 1.014E-5
-2.15 -1.35 2.1664E-5
-2.15 -1.3  4.6192E-5
-2.15 -1.25 1.3706E-5
-2.15 -1.2  2.2E-5
-2.15 -1.15 1.6119E-4
-2.15 -1.1  1.6973E-4
-2.15 -1  7.0728E-4
-2.15 -0.95 0.0034
-2.15 -0.9  0.0069
-2.15 -0.85 0.0081
-2.15 -0.8  0.0053
-2.15 -0.75 0.0015
-2.15 -0.7  2.18E-5
-2.15 -0.65 6.5777E-4
-2.15 -0.6  8.2666E-4
-2.15 -0.55 1.5695E-4
-2.15 -0.5  1.5012E-4
-2.15 -0.45 7.3109E-4
-2.15 -0.4  5.0114E-4
-2.15 -0.35 2.0513E-5
-2.15 -0.3  6.9943E-4
-2.15 -0.25 0.0014
-2.15 -0.2  4.3848E-4
-2.15 -0.15 6.8385E-4
-2.15 -0.1  0.007
-2.15 -0.05 0.0175
-2.15 0 0.0226
-2.15 0.05  0.0173
-2.15 0.1 0.0069
-2.15 0.15  7.3269E-4
-2.15 0.2 3.627E-4
-2.15 0.25  0.0012
-2.15 0.3 6.012E-4
-2.15 0.35  2.0354E-5
-2.15 0.4 4.2021E-4
-2.15 0.45  6.0207E-4
-2.15 0.5 1.2793E-4
-2.15 0.55  1.274E-4
-2.15 0.6 6.6506E-4
-2.15 0.65  5.1939E-4
-2.15 0.7 2.8105E-5
-2.15 0.75  0.0011
-2.15 0.8 0.0038
-2.15 0.85  0.0058
-2.15 0.9 0.0049
-2.15 0.95  0.0024
-2.15 1 4.8815E-4
-2.15 1.05  9.3768E-6
-2.15 1.1 1.0507E-4
-2.15 1.15  9.9061E-5
-2.15 1.2 1.3334E-5
-2.15 1.3 2.7892E-5
-2.15 1.35  1.3024E-5
-2.15 1.8 1.5103E-5
-2.15 1.85  1.0737E-5
-2.15 2.6 9.0736E-6
-2.1  -2.05 1.9027E-5
-2.1  -2  1.4289E-5
-2.1  -1.85 2.01E-5
-2.1  -1.8  4.1218E-5
-2.1  -1.75 1.0029E-5
-2.1  -1.5  2.8634E-5
-2.1  -1.45 2.5989E-5
-2.1  -1.35 3.1788E-5
-2.1  -1.3  5.8724E-5
-2.1  -1.25 1.5535E-5
-2.1  -1.2  2.5766E-5
-2.1  -1.15 1.82E-4
-2.1  -1.1  2E-4
-2.1  -1.05 1.2113E-5
-2.1  -1  8.6604E-4
-2.1  -0.95 0.0041
-2.1  -0.9  0.0083
-2.1  -0.85 0.0094
-2.1  -0.8  0.0062
-2.1  -0.75 0.0017
-2.1  -0.7  3.2516E-5
-2.1  -0.65 7.2933E-4
-2.1  -0.6  9.4991E-4
-2.1  -0.55 1.7944E-4
-2.1  -0.5  1.7617E-4
-2.1  -0.45 8.3463E-4
-2.1  -0.4  5.927E-4
-2.1  -0.35 2.5222E-5
-2.1  -0.3  8.1566E-4
-2.1  -0.25 0.0017
-2.1  -0.2  5.0575E-4
-2.1  -0.15 8.5743E-4
-2.1  -0.1  0.0083
-2.1  -0.05 0.0206
-2.1  0 0.0266
-2.1  0.05  0.0201
-2.1  0.1 0.0081
-2.1  0.15  7.371E-4
-2.1  0.2 4.2916E-4
-2.1  0.25  0.0014
-2.1  0.3 6.9733E-4
-2.1  0.35  1.1252E-5
-2.1  0.4 4.7216E-4
-2.1  0.45  6.7511E-4
-2.1  0.5 1.4063E-4
-2.1  0.55  1.3846E-4
-2.1  0.6 7.3423E-4
-2.1  0.65  5.93E-4
-2.1  0.75  0.0012
-2.1  0.8 0.0044
-2.1  0.85  0.0066
-2.1  0.9 0.0057
-2.1  0.95  0.0028
-2.1  1 5.7791E-4
-2.1  1.1 1.2232E-4
-2.1  1.15  1.1414E-4
-2.1  1.2 1.6246E-5
-2.1  1.25  9.1394E-6
-2.1  1.3 3.1764E-5
-2.1  1.35  1.518E-5
-2.1  1.8 1.7024E-5
-2.1  1.85  1.1965E-5
-2.1  2.55  9.2165E-6
-2.1  2.6 1.0293E-5
-2.05 -1.85 1.1705E-4
-2.05 -1.8  1.1386E-4
-2.05 -1.35 8.9138E-6
-2.05 -1.3  6.6093E-5
-2.05 -1.25 3.4347E-5
-2.05 -1.2  5.267E-5
-2.05 -1.15 2.8844E-4
-2.05 -1.1  2.3902E-4
-2.05 -1  8.0397E-4
-2.05 -0.95 0.0039
-2.05 -0.9  0.0079
-2.05 -0.85 0.0094
-2.05 -0.8  0.0062
-2.05 -0.75 0.0018
-2.05 -0.7  2.1106E-5
-2.05 -0.65 7.3767E-4
-2.05 -0.6  9.1935E-4
-2.05 -0.55 1.8233E-4
-2.05 -0.5  1.5413E-4
-2.05 -0.45 7.7812E-4
-2.05 -0.4  5.4914E-4
-2.05 -0.35 1.5522E-5
-2.05 -0.3  7.5169E-4
-2.05 -0.25 0.0015
-2.05 -0.2  4.9525E-4
-2.05 -0.15 7.2787E-4
-2.05 -0.1  0.0079
-2.05 -0.05 0.0198
-2.05 0 0.0257
-2.05 0.05  0.0197
-2.05 0.1 0.0078
-2.05 0.15  8.1837E-4
-2.05 0.2 4.1008E-4
-2.05 0.25  0.0014
-2.05 0.3 6.8314E-4
-2.05 0.35  1.6121E-5
-2.05 0.4 4.5488E-4
-2.05 0.45  6.5487E-4
-2.05 0.5 1.4428E-4
-2.05 0.55  1.3137E-4
-2.05 0.6 7.0671E-4
-2.05 0.65  5.5673E-4
-2.05 0.7 3.376E-5
-2.05 0.75  0.0011
-2.05 0.8 0.0041
-2.05 0.85  0.0062
-2.05 0.9 0.0053
-2.05 0.95  0.0026
-2.05 1 5.4309E-4
-2.05 1.05  9.2869E-6
-2.05 1.1 1.171E-4
-2.05 1.15  1.118E-4
-2.05 1.2 1.6219E-5
-2.05 1.3 3.074E-5
-2.05 1.35  1.4637E-5
-2.05 1.8 1.56E-5
-2.05 1.85  1.1172E-5
-2.05 2.6 9.8859E-6
-2  -1.65 1.0578E-5
-2  -1.35 4.3739E-5
-2  -1.3  7.0542E-5
-2  -1.15 3.2843E-5
-2  -1.1  6.0334E-5
-2  -1.05 1.1759E-5
-2  -1  0.0017
-2  -0.95 0.0076
-2  -0.9  0.0097
-2  -0.85 0.0086
-2  -0.8  0.005
-2  -0.75 0.0013
-2  -0.7  3.4926E-5
-2  -0.65 5.8459E-4
-2  -0.6  7.704E-4
-2  -0.55 1.4909E-4
-2  -0.5  1.3688E-4
-2  -0.45 6.4228E-4
-2  -0.4  4.5198E-4
-2  -0.35 1.3982E-5
-2  -0.3  5.7724E-4
-2  -0.25 0.0012
-2  -0.2  3.6321E-4
-2  -0.15 6.13E-4
-2  -0.1  0.006
-2  -0.05 0.0151
-2  0 0.0197
-2  0.05  0.0151
-2  0.1 0.0061
-2  0.15  5.6842E-4
-2  0.2 3.2604E-4
-2  0.25  0.0011
-2  0.3 5.5185E-4
-2  0.35  1.0702E-5
-2  0.4 3.5799E-4
-2  0.45  5.2337E-4
-2  0.5 1.1006E-4
-2  0.55  1.0327E-4
-2  0.6 5.4622E-4
-2  0.65  4.4279E-4
-2  0.75  8.9364E-4
-2  0.8 0.0032
-2  0.85  0.0048
-2  0.9 0.0041
-2  0.95  0.002
-2  1 4.2184E-4
-2  1.1 9.1595E-5
-2  1.15  8.6455E-5
-2  1.2 1.2562E-5
-2  1.3 2.3656E-5
-2  1.35  1.1637E-5
-2  1.8 1.2326E-5
-1.95 -1.45 2.3152E-5
-1.95 -1.35 4.3699E-5
-1.95 -1.3  1.5645E-5
-1.95 -1.15 5.5638E-5
-1.95 -1.1  1.27E-4
-1.95 -1  1.11E-4
-1.95 -0.95 3.9216E-4
-1.95 -0.9  8.6817E-4
-1.95 -0.85 0.0014
-1.95 -0.8  0.0025
-1.95 -0.75 0.0017
-1.95 -0.7  1.5895E-5
-1.95 -0.65 5.3447E-4
-1.95 -0.6  5.2424E-4
-1.95 -0.55 9.4759E-5
-1.95 -0.5  7.2642E-5
-1.95 -0.45 3.876E-4
-1.95 -0.4  2.7897E-4
-1.95 -0.35 1.0373E-5
-1.95 -0.3  3.8395E-4
-1.95 -0.25 7.7734E-4
-1.95 -0.2  2.5024E-4
-1.95 -0.15 3.5982E-4
-1.95 -0.1  0.0038
-1.95 -0.05 0.0093
-1.95 0 0.012
-1.95 0.05  0.0091
-1.95 0.1 0.0036
-1.95 0.15  3.7568E-4
-1.95 0.2 2.0374E-4
-1.95 0.25  6.7362E-4
-1.95 0.3 3.4361E-4
-1.95 0.35  1.2421E-5
-1.95 0.4 2.2166E-4
-1.95 0.45  3.2256E-4
-1.95 0.5 7.6315E-5
-1.95 0.55  5.9135E-5
-1.95 0.6 3.4502E-4
-1.95 0.65  2.7107E-4
-1.95 0.7 1.8173E-5
-1.95 0.75  5.5809E-4
-1.95 0.8 0.002
-1.95 0.85  0.003
-1.95 0.9 0.0026
-1.95 0.95  0.0013
-1.95 1 2.6176E-4
-1.95 1.1 5.759E-5
-1.95 1.15  5.4298E-5
-1.95 1.3 1.4664E-5
-1.9  -1.2  8.3661E-5
-1.9  -1.15 2.4716E-4
-1.9  -1.1  3.3896E-5
-1.9  -1  4.77E-5
-1.9  -0.95 2.7161E-4
-1.9  -0.9  0.001
-1.9  -0.85 0.0033
-1.9  -0.8  0.0011
-1.9  -0.75 9.1342E-5
-1.9  -0.65 3.4078E-5
-1.9  -0.6  6.9571E-5
-1.9  -0.55 2.6831E-5
-1.9  -0.5  1.0777E-4
-1.9  -0.45 4.0064E-4
-1.9  -0.4  1.6597E-4
-1.9  -0.3  1.4787E-4
-1.9  -0.25 3.1096E-4
-1.9  -0.2  1.0512E-4
-1.9  -0.15 1.7188E-4
-1.9  -0.1  0.0017
-1.9  -0.05 0.0045
-1.9  0 0.0058
-1.9  0.05  0.0043
-1.9  0.1 0.0017
-1.9  0.15  1.5262E-4
-1.9  0.2 9.4187E-5
-1.9  0.25  2.967E-4
-1.9  0.3 1.4855E-4
-1.9  0.4 9.2609E-5
-1.9  0.45  1.3858E-4
-1.9  0.5 3.016E-5
-1.9  0.55  2.4517E-5
-1.9  0.6 1.4382E-4
-1.9  0.65  1.2058E-4
-1.9  0.75  2.4319E-4
-1.9  0.8 8.8381E-4
-1.9  0.85  0.0013
-1.9  0.9 0.0012
-1.9  0.95  5.631E-4
-1.9  1 1.1522E-4
-1.9  1.1 2.6211E-5
-1.9  1.15  2.4813E-5
-1.85 -1  4.2229E-4
-1.85 -0.95 0.0021
-1.85 -0.9  5.83E-4
-1.85 -0.85 2.1374E-4
-1.85 -0.8  8.2129E-5
-1.85 -0.75 1.8226E-5
-1.85 -0.65 8.5177E-5
-1.85 -0.6  1.1865E-4
-1.85 -0.3  2.0648E-5
-1.85 -0.25 1.8141E-4
-1.85 -0.2  1.0342E-4
-1.85 -0.15 4.3734E-5
-1.85 -0.1  3.1295E-4
-1.85 -0.05 7.9618E-4
-1.85 0 0.0011
-1.85 0.05  9.227E-4
-1.85 0.1 3.7558E-4
-1.85 0.15  4.2333E-5
-1.85 0.2 2.4889E-5
-1.85 0.25  7.8857E-5
-1.85 0.3 3.7347E-5
-1.85 0.4 2.2597E-5
-1.85 0.45  3.3008E-5
-1.85 0.6 3.1806E-5
-1.85 0.65  2.664E-5
-1.85 0.75  5.1019E-5
-1.85 0.8 1.9509E-4
-1.85 0.85  2.9013E-4
-1.85 0.9 2.5015E-4
-1.85 0.95  1.2037E-4
-1.85 1 2.375E-5
-1.8  -0.8  3.2823E-5
-1.8  -0.05 9.0566E-6
-1.8  0 1.2736E-5
-1.8  0.05  3.4366E-5
-1.75 -0.9  1.3871E-5
-1.75 -0.85 2.0404E-5
-1.75 -0.8  1.7974E-5
-1.75 -0.65 1.0132E-5
-1.75 -0.6  4.2095E-5
-1.75 -0.55 4.8565E-5
-1.75 -0.5  2.1704E-5
-1.75 -0.45 1.4881E-5
-1.75 -0.25 1.0457E-5
-1.75 -0.15 6.508E-5
-1.75 -0.1  6.9566E-4
-1.75 -0.05 2.7924E-4
-1.75 0 2.0331E-4
-1.75 0.05  1.0245E-4
-1.75 0.1 3.5796E-5
-1.75 0.25  5.0337E-5
-1.75 0.3 6.6491E-5
-1.75 0.45  1.1106E-5
-1.75 0.6 2.4333E-5
-1.75 0.65  1.9665E-5
-1.75 0.75  4.2085E-5
-1.75 0.8 1.4379E-4
-1.75 0.85  1.995E-4
-1.75 0.9 1.6171E-4
-1.75 0.95  7.6873E-5
-1.75 1 1.5771E-5
-1.7  -0.9  1.7247E-5
-1.7  -0.85 2.2417E-5
-1.7  -0.8  1.6959E-5
-1.7  -0.45 2.2203E-5
-1.7  -0.4  4.5104E-5
-1.7  -0.35 2.1676E-5
-1.7  -0.3  3.7324E-4
-1.7  -0.25 9.7891E-5
-1.7  -0.2  1.3919E-5
-1.7  -0.15 1.2424E-5
-1.7  -0.1  9.4295E-5
-1.7  -0.05 2.6071E-4
-1.7  0 6.0521E-4
-1.7  0.05  0.0019
-1.7  0.1 0.0028
-1.7  0.15  1.0674E-4
-1.7  0.2 2.4936E-5
-1.7  0.25  2.6383E-5
-1.7  0.45  1.5641E-5
-1.7  0.55  1.6995E-5
-1.7  0.6 5.7323E-5
-1.7  0.65  1.5039E-5
-1.7  0.75  7.7688E-5
-1.7  0.8 3.4054E-4
-1.7  0.85  5.8697E-4
-1.7  0.9 4.9741E-4
-1.7  0.95  2.2851E-4
-1.7  1 4.3265E-5
-1.7  1.1 9.9068E-6
-1.65 -0.9  1.3299E-5
-1.65 -0.85 1.6397E-5
-1.65 -0.8  1.1498E-5
-1.65 -0.3  1.0167E-5
-1.65 -0.25 3.5629E-5
-1.65 -0.2  3.0812E-5
-1.65 -0.15 4.6252E-4
-1.65 -0.1  0.0067
-1.65 -0.05 0.0031
-1.65 0 8.5525E-4
-1.65 0.05  3.2185E-4
-1.65 0.1 9.6557E-5
-1.65 0.15  9.066E-6
-1.65 0.2 9.9662E-6
-1.65 0.25  5.6493E-5
-1.65 0.3 1.0124E-4
-1.65 0.4 8.2664E-5
-1.65 0.45  2.6455E-5
-1.65 0.6 9.662E-6
-1.65 0.75  1.5898E-4
-1.65 0.8 0.0012
-1.65 0.85  5.816E-4
-1.65 0.9 1.8689E-4
-1.65 0.95  9.2345E-5
-1.65 1 3.2088E-5
-1.65 1.1 1.6122E-5
-1.65 1.15  1.3975E-5
-1.6  -0.1  6.5736E-5
-1.6  -0.05 2.775E-4
-1.6  0 7.9198E-4
-1.6  0.05  0.0021
-1.6  0.1 0.0044
-1.6  0.15  2.0194E-4
-1.6  0.2 1.3258E-5
-1.6  0.25  1.9537E-5
-1.6  0.45  1.3041E-5
-1.6  0.55  2.1613E-5
-1.6  0.6 3.9659E-4
-1.6  0.65  6.7776E-5
-1.6  0.75  2.005E-5
-1.6  0.8 5.0579E-5
-1.6  0.85  7.279E-5
-1.6  0.9 7.7402E-5
-1.6  0.95  7.0277E-5
-1.6  1 4.5558E-5
-1.55 -0.1  1.1397E-5
-1.55 -0.05 3.2145E-5
-1.55 0 4.9355E-5
-1.55 0.05  4.5318E-5
-1.55 0.1 2.2823E-5
-1.55 0.25  3.6838E-5
-1.55 0.3 1.3033E-4
-1.55 0.4 1.0488E-5
-1.55 0.75  6.5597E-5
-1.55 0.8 0.0012
-1.55 0.85  0.0012
-1.55 0.9 2.1536E-4
-1.55 0.95  3.4793E-5
-1.5  -0.05 9.747E-6
-1.5  0 1.3582E-5
-1.5  0.05  1.1542E-5
-1.5  0.5 1.963E-5
-1.5  0.55  1.5846E-5
-1.5  0.6 1.4087E-5
-1.5  0.8 1.2945E-5
-1.5  0.85  2.5054E-5
-1.5  0.9 3.2037E-5
-1.5  0.95  2.9234E-5
-1.5  1 2.6033E-5
-1.45 0 1.1483E-5
-1.45 0.05  9.5233E-6
-1.45 0.75  1.4351E-4
-1.45 0.8 1.3194E-4
-1.45 0.85  3.5773E-5
-1.45 0.9 1.7483E-5
-1.4  -0.05 1.0084E-5
-1.4  0 1.3964E-5
-1.4  0.05  1.1545E-5
-1.4  0.8 1.1486E-5
-1.4  0.85  3.1737E-5
-1.4  0.9 8.0833E-5
-1.4  0.95  3.4111E-4
-1.4  1 3.0189E-5
-1.35 -0.05 1.0738E-5
-1.35 0 1.5045E-5
-1.35 0.05  1.2306E-5
-1.35 1.15  1.0522E-5
-1.3  -0.05 9.402E-6
-1.3  0 1.3164E-5
-1.3  0.05  1.0939E-5
-1.25 0 9.4952E-6
-1.1  -0.1  5.6625E-5
-1.1  -0.05 0.0047
-1.1  0 0.0188
-1.1  0.05  0.0016
-1.1  0.1 5.4865E-4
-1.1  0.15  3.4854E-5
-1.1  0.25  2.2196E-5
-1.1  0.3 1.9144E-5
-1.1  0.45  2.219E-5
-1.1  0.5 1.8045E-4
-1.1  0.6 4.2596E-5
-1.1  0.65  8.1298E-5
-1.1  0.8 1.5885E-5
-1.1  0.85  1.6046E-5
-1.1  0.9 9.8474E-6
-1.05 -0.25 0.0013
-1.05 -0.2  3.6359E-5
-1.05 -0.1  2.1823E-5
-1.05 -0.05 3.9682E-5
-1.05 0 4.4252E-5
-1.05 0.05  3.1924E-5
-1.05 0.1 1.2105E-5
-1.05 0.75  1.197E-5
-1.05 0.8 1.4157E-4
-1.05 0.85  0.0025
-1.05 0.9 0.0057
-1.05 0.95  9.2848E-4
-1.05 1 1.4529E-5
-1  -0.4  1.6338E-5
-1  -0.35 2.987E-5
-1  -0.05 1.1192E-5
-1  0 1.4518E-5
-1  0.05  1.1469E-5
-1  0.8 8.9349E-6
-1  0.85  1.95E-5
-1  0.9 2.6408E-5
-1  0.95  2.332E-5
-1  1 1.2347E-5
-1  1.1 8.881E-5
-1  1.15  2.3976E-4
1 -0.45 1.9957E-5
1.05  -0.35 8.3104E-4
1.1 -0.25 2.1897E-4
1.15  -0.1  0.0013
1.15  -0.05 6.6031E-5
1.15  0 3.7904E-5
1.15  0.05  1.7993E-5
1.2 -0.05 2.0344E-5
1.2 0 2.4735E-4
1.2 0.05  7.4589E-4
1.2 0.1 4.3712E-5
1.25  0 1.7658E-5
1.25  0.05  2.7077E-5
1.25  0.1 2.5182E-5
1.25  0.2 1.1246E-4
1.25  0.25  6.3441E-4
1.25  0.3 6.4861E-5
1.3 0 2.1331E-5
1.3 0.05  2.4851E-5
1.3 0.1 1.6387E-5
1.3 0.45  6.5179E-5
1.3 0.5 4.3126E-5
1.3 0.55  1.8445E-4
1.3 0.6 3.2262E-4
1.3 0.65  8.5455E-5
1.3 0.8 3.642E-5
1.3 0.85  4.7468E-5
1.3 0.9 3.6079E-5
1.3 0.95  1.5089E-5
1.35  -0.05 1.6487E-5
1.35  0 2.8599E-5
1.35  0.05  2.8985E-5
1.35  0.1 1.6703E-5
1.35  0.6 2.2069E-5
1.35  0.65  3.0235E-5
1.35  0.75  8.4686E-5
1.35  0.8 0.0012
1.35  0.85  0.0092
1.35  0.9 0.0051
1.35  0.95  0.0053
1.35  1 5.3186E-4
1.4 -0.95 1.5317E-5
1.4 -0.9  2.8295E-5
1.4 -0.85 3.1293E-5
1.4 -0.8  2.0306E-5
1.4 -0.05 2.4018E-5
1.4 0 3.7331E-5
1.4 0.05  3.4785E-5
1.4 0.1 1.8239E-5
1.4 0.8 5.3406E-5
1.4 0.85  1.1254E-4
1.4 0.9 1.3232E-4
1.4 0.95  9.3051E-5
1.4 1 3.4258E-5
1.4 1.15  1.5938E-5
1.4 1.3 1.4625E-4
1.45  -1.2  1.7936E-5
1.45  -1.15 2.5479E-4
1.45  -1.1  6.6701E-5
1.45  -1  5.8089E-5
1.45  -0.95 1.33E-4
1.45  -0.9  1.9579E-4
1.45  -0.85 1.8307E-4
1.45  -0.8  9.9197E-5
1.45  -0.75 2.5951E-5
1.45  -0.05 3.547E-5
1.45  0 5.0539E-5
1.45  0.05  4.3056E-5
1.45  0.1 2.1029E-5
1.45  0.8 2.411E-5
1.45  0.85  4.3861E-5
1.45  0.9 4.5569E-5
1.45  0.95  2.7647E-5
1.5 -1  2.8431E-5
1.5 -0.95 2.4029E-4
1.5 -0.9  8.9025E-4
1.5 -0.85 0.0043
1.5 -0.8  0.0033
1.5 -0.75 0.0036
1.5 -0.7  1.9924E-5
1.5 -0.65 7.1888E-5
1.5 -0.6  4.6976E-5
1.5 -0.1  2.4174E-5
1.5 -0.05 5.9986E-5
1.5 0 7.6421E-5
1.5 0.05  5.9991E-5
1.5 0.1 2.6755E-5
1.5 0.8 1.465E-5
1.5 0.85  2.5096E-5
1.5 0.9 2.4378E-5
1.5 1.8 4.2074E-5
1.5 1.85  1.5513E-4
1.55  -1.1  1.5334E-5
1.55  -1  2.4055E-5
1.55  -0.95 6.0439E-5
1.55  -0.9  1.0059E-4
1.55  -0.85 1.0963E-4
1.55  -0.8  7.9122E-5
1.55  -0.75 3.02E-5
1.55  -0.6  1.9574E-5
1.55  -0.45 2.4472E-4
1.55  -0.4  2.8692E-4
1.55  -0.3  2.4371E-4
1.55  -0.25 1.2761E-4
1.55  -0.2  2.5226E-5
1.55  -0.1  9.9434E-5
1.55  -0.05 1.8926E-4
1.55  0 2.0205E-4
1.55  0.05  1.3174E-4
1.55  0.1 4.9774E-5
1.55  0.85  1.6822E-5
1.55  0.9 1.5749E-5
1.6 -0.95 2.4665E-5
1.6 -0.9  6.1747E-5
1.6 -0.85 1.2326E-4
1.6 -0.8  1.5414E-4
1.6 -0.75 2.4179E-4
1.6 -0.65 1.5469E-5
1.6 -0.25 1.4405E-5
1.6 -0.15 1.697E-5
1.6 -0.1  3.2714E-4
1.6 -0.05 0.0012
1.6 0 0.0098
1.6 0.05  0.0043
1.6 0.1 0.0021
1.6 0.15  1.2296E-4
1.6 0.25  1.6341E-5
1.65  -1  2.2404E-5
1.65  -0.95 3.2253E-4
1.65  -0.9  5.3992E-4
1.65  -0.85 1.7392E-4
1.65  -0.8  6.1632E-5
1.65  -0.4  5.3399E-5
1.65  -0.3  1.4356E-5
1.65  -0.25 1.5546E-5
1.65  -0.1  2.712E-5
1.65  -0.05 6.5085E-5
1.65  0 8.8407E-5
1.65  0.05  7.4127E-5
1.65  0.1 3.6087E-5
1.65  0.4 4.3728E-5
1.65  0.45  6.4285E-5
1.65  0.5 2.3473E-5
1.65  0.6 1.5311E-5
1.65  0.8 1.5394E-5
1.65  0.85  1.9764E-5
1.65  0.9 1.5341E-5
1.7 -0.95 2.1473E-5
1.7 -0.9  4.8553E-5
1.7 -0.85 6.1411E-5
1.7 -0.8  4.4686E-5
1.7 -0.75 1.5795E-5
1.7 -0.65 1.6393E-5
1.7 -0.6  1.9675E-5
1.7 -0.1  6.688E-5
1.7 -0.05 9.0909E-4
1.7 0 9.1386E-4
1.7 0.05  2.2538E-4
1.7 0.1 4.797E-5
1.7 0.8 4.4039E-5
1.7 0.85  1.39E-4
1.7 0.9 3.8161E-4
1.7 0.95  2.601E-4
1.7 1 1.7945E-5
1.75  0.3 1.6193E-5
1.8 -0.05 4.15E-5
1.8 0 7.3743E-5
1.8 0.05  5.4203E-5
1.8 0.1 1.992E-5
1.8 0.75  2.1285E-5
1.8 0.8 2.3038E-5
1.85  -0.95 2.9128E-5
1.85  -0.9  5.3534E-5
1.85  -0.85 5.6646E-5
1.85  -0.8  3.4835E-5
1.85  -0.25 1.4556E-5
1.85  -0.1  8.8831E-5
1.85  -0.05 1.9435E-4
1.85  0 2.2403E-4
1.85  0.05  1.4084E-4
1.85  0.1 4.1637E-5
1.85  0.85  1.9226E-5
1.85  0.9 2.3485E-5
1.85  0.95  1.8692E-5
1.85  1 1.7671E-5
1.9 -0.95 4.9423E-5
1.9 -0.9  9.648E-5
1.9 -0.85 1.0797E-4
1.9 -0.8  6.7648E-5
1.9 -0.75 1.7938E-5
1.9 -0.3  1.6664E-5
1.9 -0.25 2.6217E-5
1.9 -0.1  1.3098E-4
1.9 -0.05 3.143E-4
1.9 0 4.0165E-4
1.9 0.05  3.0178E-4
1.9 0.1 1.1591E-4
1.9 0.25  2.6E-5
1.9 0.65  2.3248E-5
1.9 0.75  4.1242E-5
1.9 0.8 9.2941E-5
1.9 0.85  4.8019E-5
1.9 0.9 2.1923E-5
1.95  -0.95 5.1137E-5
1.95  -0.9  1.0392E-4
1.95  -0.85 1.1851E-4
1.95  -0.8  7.6156E-5
1.95  -0.75 1.9339E-5
1.95  -0.3  1.8445E-5
1.95  -0.25 3.2678E-5
1.95  -0.1  1.3634E-4
1.95  -0.05 3.3632E-4
1.95  0 4.2698E-4
1.95  0.05  3.158E-4
1.95  0.1 1.2015E-4
1.95  0.25  2.7839E-5
1.95  0.6 2.5843E-5
1.95  0.65  1.9737E-5
1.95  0.75  1.7071E-5
1.95  0.8 2.738E-5
1.95  0.85  3.5295E-5
1.95  0.9 3.4623E-5
1.95  0.95  3.3456E-5
2 -0.95 3.4873E-5
2 -0.9  7.3011E-5
2 -0.85 8.4566E-5
2 -0.8  5.4005E-5
2 -0.25 2.4934E-5
2 -0.1  9.7296E-5
2 -0.05 2.4816E-4
2 0 3.2124E-4
2 0.05  2.3907E-4
2 0.1 8.9654E-5
2 0.25  2.1419E-5
2 0.6 1.4847E-5
2 0.75  1.8152E-5
2 0.8 7.2123E-5
2 0.85  1.1497E-4
2 0.9 1.0808E-4
2 0.95  6.0997E-5
2.05  -0.95 1.7078E-5
2.05  -0.9  3.5283E-5
2.05  -0.85 4.0615E-5
2.05  -0.8  2.633E-5
2.05  -0.1  4.6852E-5
2.05  -0.05 1.2264E-4
2.05  0 1.5922E-4
2.05  0.05  1.187E-4
2.05  0.1 4.5109E-5
2.05  0.8 3.1487E-5
2.05  0.85  4.8514E-5
2.05  0.9 4.1477E-5
2.05  0.95  1.9242E-5
2.1 -0.95 2.3396E-5
2.1 -0.9  4.6575E-5
2.1 -0.85 5.3098E-5
2.1 -0.8  3.5331E-5
2.1 -0.1  6.7264E-5
2.1 -0.05 1.6323E-4
2.1 0 2.0444E-4
2.1 0.05  1.5376E-4
2.1 0.1 6.4576E-5
2.1 0.8 4.2114E-5
2.1 0.85  6.0859E-5
2.1 0.9 5.1989E-5
2.1 0.95  2.5316E-5
2.15  -1  1.6534E-5
2.15  -0.95 7.3537E-5
2.15  -0.9  1.4743E-4
2.15  -0.85 1.7072E-4
2.15  -0.8  1.1537E-4
2.15  -0.75 3.3606E-5
2.15  -0.45 1.6844E-5
2.15  -0.3  2.0785E-5
2.15  -0.25 3.6033E-5
2.15  -0.15 2.5245E-5
2.15  -0.1  2.0493E-4
2.15  -0.05 4.931E-4
2.15  0 6.3374E-4
2.15  0.05  4.82E-4
2.15  0.1 1.9888E-4
2.15  0.15  2.4899E-5
2.15  0.25  2.3779E-5
2.15  0.4 1.454E-5
2.15  0.45  1.66E-5
2.15  0.6 2.2854E-5
2.15  0.65  1.5537E-5
2.15  0.75  4.1303E-5
2.15  0.8 1.3255E-4
2.15  0.85  1.9452E-4
2.15  0.9 1.6302E-4
2.15  0.95  7.9554E-5
2.15  1 1.7142E-5
2.2 -1  3.1872E-5
2.2 -0.95 1.4757E-4
2.2 -0.9  3.0152E-4
2.2 -0.85 3.5124E-4
2.2 -0.8  2.3668E-4
2.2 -0.75 7.0916E-5
2.2 -0.65 2.3215E-5
2.2 -0.6  2.9731E-5
2.2 -0.45 3.2452E-5
2.2 -0.4  1.9443E-5
2.2 -0.3  4.3416E-5
2.2 -0.25 7.6815E-5
2.2 -0.2  2.2259E-5
2.2 -0.15 4.1109E-5
2.2 -0.1  4.2018E-4
2.2 -0.05 0.001
2.2 0 0.0013
2.2 0.05  0.001
2.2 0.1 4.1049E-4
2.2 0.15  4.8224E-5
2.2 0.2 1.4667E-5
2.2 0.25  5.7915E-5
2.2 0.3 2.8075E-5
2.2 0.4 2.6621E-5
2.2 0.45  3.2633E-5
2.2 0.6 4.864E-5
2.2 0.65  3.4524E-5
2.2 0.75  7.9314E-5
2.2 0.8 2.7756E-4
2.2 0.85  4.1436E-4
2.2 0.9 3.5263E-4
2.2 0.95  1.7269E-4
2.2 1 3.7106E-5
2.25  -1  4.0446E-5
2.25  -0.95 1.9558E-4
2.25  -0.9  3.995E-4
2.25  -0.85 4.6767E-4
2.25  -0.8  3.1601E-4
2.25  -0.75 9.3177E-5
2.25  -0.65 3.2606E-5
2.25  -0.6  4.3839E-5
2.25  -0.45 4.279E-5
2.25  -0.4  2.6544E-5
2.25  -0.3  5.6565E-5
2.25  -0.25 1.0658E-4
2.25  -0.2  3.0929E-5
2.25  -0.15 5.9315E-5
2.25  -0.1  5.4811E-4
2.25  -0.05 0.0014
2.25  0 0.0018
2.25  0.05  0.0014
2.25  0.1 5.6529E-4
2.25  0.15  6.2994E-5
2.25  0.2 2.3022E-5
2.25  0.25  8.5082E-5
2.25  0.3 4.1656E-5
2.25  0.4 3.2935E-5
2.25  0.45  4.3609E-5
2.25  0.55  1.5119E-5
2.25  0.6 6.2234E-5
2.25  0.65  4.7419E-5
2.25  0.75  1.0221E-4
2.25  0.8 3.6139E-4
2.25  0.85  5.5123E-4
2.25  0.9 4.7524E-4
2.25  0.95  2.3655E-4
2.25  1 5.0906E-5
2.3 -1  3.369E-5
2.3 -0.95 1.6442E-4
2.3 -0.9  3.4094E-4
2.3 -0.85 3.9998E-4
2.3 -0.8  2.7054E-4
2.3 -0.75 8.0353E-5
2.3 -0.65 2.8652E-5
2.3 -0.6  3.8501E-5
2.3 -0.45 3.4594E-5
2.3 -0.4  2.2656E-5
2.3 -0.3  4.6547E-5
2.3 -0.25 8.6826E-5
2.3 -0.2  2.7194E-5
2.3 -0.15 4.162E-5
2.3 -0.1  4.5427E-4
2.3 -0.05 0.0011
2.3 0 0.0015
2.3 0.05  0.0012
2.3 0.1 4.8542E-4
2.3 0.15  5.6735E-5
2.3 0.2 1.9011E-5
2.3 0.25  7.5466E-5
2.3 0.3 3.8828E-5
2.3 0.4 2.7399E-5
2.3 0.45  3.6591E-5
2.3 0.6 5.2588E-5
2.3 0.65  3.9556E-5
2.3 0.75  8.0022E-5
2.3 0.8 2.9255E-4
2.3 0.85  4.473E-4
2.3 0.9 3.913E-4
2.3 0.95  1.9364E-4
2.3 1 4.3322E-5
2.35  -0.95 6.4538E-5
2.35  -0.9  1.3105E-4
2.35  -0.85 1.5881E-4
2.35  -0.8  1.0885E-4
2.35  -0.75 3.2042E-5
2.35  -0.6  1.5824E-5
2.35  -0.3  1.8323E-5
2.35  -0.25 3.4506E-5
2.35  -0.1  1.69E-4
2.35  -0.05 4.3654E-4
2.35  0 5.7844E-4
2.35  0.05  4.4971E-4
2.35  0.1 1.9028E-4
2.35  0.15  2.4327E-5
2.35  0.25  2.9429E-5
2.35  0.3 1.6072E-5
2.35  0.6 2.076E-5
2.35  0.65  1.6255E-5
2.35  0.75  3.3211E-5
2.35  0.8 1.1594E-4
2.35  0.85  1.7575E-4
2.35  0.9 1.5396E-4
2.35  0.95  7.5504E-5
2.35  1 1.7108E-5
2.4 0 1.8651E-5
2.45  -1  2.847E-5
2.45  -0.95 1.4673E-4
2.45  -0.9  2.8788E-4
2.45  -0.85 3.3496E-4
2.45  -0.8  2.246E-4
2.45  -0.75 5.7389E-5
2.45  -0.65 3.0251E-5
2.45  -0.6  3.6403E-5
2.45  -0.45 3.7912E-5
2.45  -0.4  2.5921E-5
2.45  -0.3  3.7087E-5
2.45  -0.25 7.5791E-5
2.45  -0.2  2.0626E-5
2.45  -0.15 3.9211E-5
2.45  -0.1  4.0041E-4
2.45  -0.05 9.8247E-4
2.45  0 0.0013
2.45  0.05  9.7272E-4
2.45  0.1 3.8541E-4
2.45  0.15  4.3069E-5
2.45  0.2 2.2599E-5
2.45  0.25  7.2205E-5
2.45  0.3 3.3483E-5
2.45  0.4 2.8038E-5
2.45  0.45  3.9151E-5
2.45  0.6 4.2558E-5
2.45  0.65  3.4257E-5
2.45  0.75  7.0156E-5
2.45  0.8 2.608E-4
2.45  0.85  3.9319E-4
2.45  0.9 3.4031E-4
2.45  0.95  1.674E-4
2.45  1 3.2328E-5
2.5 -1.15 2.6553E-5
2.5 -1.1  2.9525E-5
2.5 -1  1.2587E-4
2.5 -0.95 6.0554E-4
2.5 -0.9  0.0013
2.5 -0.85 0.0015
2.5 -0.8  9.8362E-4
2.5 -0.75 2.7692E-4
2.5 -0.65 1.2608E-4
2.5 -0.6  1.5565E-4
2.5 -0.55 2.7468E-5
2.5 -0.5  3.3808E-5
2.5 -0.45 1.489E-4
2.5 -0.4  1.0557E-4
2.5 -0.3  1.5592E-4
2.5 -0.25 3.114E-4
2.5 -0.2  1.0097E-4
2.5 -0.15 1.5925E-4
2.5 -0.1  0.0017
2.5 -0.05 0.0042
2.5 0 0.0056
2.5 0.05  0.0042
2.5 0.1 0.0017
2.5 0.15  1.6483E-4
2.5 0.2 9.4908E-5
2.5 0.25  3.11E-4
2.5 0.3 1.5546E-4
2.5 0.4 1.1704E-4
2.5 0.45  1.6058E-4
2.5 0.5 3.4874E-5
2.5 0.55  3.3629E-5
2.5 0.6 1.8395E-4
2.5 0.65  1.4203E-4
2.5 0.75  2.9841E-4
2.5 0.8 0.0011
2.5 0.85  0.0017
2.5 0.9 0.0014
2.5 0.95  6.9915E-4
2.5 1 1.447E-4
2.5 1.1 3.3174E-5
2.5 1.15  2.9868E-5
2.55  -1.3  1.6351E-5
2.55  -1.15 6.082E-5
2.55  -1.1  6.4692E-5
2.55  -1  2.7225E-4
2.55  -0.95 0.0014
2.55  -0.9  0.0029
2.55  -0.85 0.0034
2.55  -0.8  0.0022
2.55  -0.75 6.3927E-4
2.55  -0.7  1.4583E-5
2.55  -0.65 2.8363E-4
2.55  -0.6  3.6185E-4
2.55  -0.55 6.7783E-5
2.55  -0.5  7.3714E-5
2.55  -0.45 3.4144E-4
2.55  -0.4  2.3377E-4
2.55  -0.3  3.4585E-4
2.55  -0.25 7.074E-4
2.55  -0.2  2.2345E-4
2.55  -0.15 3.7726E-4
2.55  -0.1  0.0037
2.55  -0.05 0.0094
2.55  0 0.0123
2.55  0.05  0.0095
2.55  0.1 0.0039
2.55  0.15  3.7302E-4
2.55  0.2 2.1614E-4
2.55  0.25  7.1425E-4
2.55  0.3 3.5189E-4
2.55  0.4 2.5706E-4
2.55  0.45  3.6974E-4
2.55  0.5 7.6509E-5
2.55  0.55  8.2697E-5
2.55  0.6 4.1626E-4
2.55  0.65  3.3334E-4
2.55  0.75  6.9195E-4
2.55  0.8 0.0025
2.55  0.85  0.0038
2.55  0.9 0.0032
2.55  0.95  0.0016
2.55  1 3.2147E-4
2.55  1.1 7.1938E-5
2.55  1.15  6.7653E-5
2.55  1.3 1.9863E-5
2.6 -1.8  1.5647E-5
2.6 -1.3  2.6708E-5
2.6 -1.15 9.6399E-5
2.6 -1.1  1.072E-4
2.6 -1  4.6032E-4
2.6 -0.95 0.0022
2.6 -0.9  0.0046
2.6 -0.85 0.0054
2.6 -0.8  0.0036
2.6 -0.75 0.001
2.6 -0.7  1.4556E-5
2.6 -0.65 4.5449E-4
2.6 -0.6  5.9423E-4
2.6 -0.55 1.0759E-4
2.6 -0.5  1.167E-4
2.6 -0.45 5.4807E-4
2.6 -0.4  3.8791E-4
2.6 -0.3  5.6073E-4
2.6 -0.25 0.0011
2.6 -0.2  3.5928E-4
2.6 -0.15 5.7918E-4
2.6 -0.1  0.006
2.6 -0.05 0.0152
2.6 0 0.0202
2.6 0.05  0.0154
2.6 0.1 0.0063
2.6 0.15  6.4593E-4
2.6 0.2 3.3882E-4
2.6 0.25  0.0011
2.6 0.3 5.6897E-4
2.6 0.4 4.0789E-4
2.6 0.45  5.8046E-4
2.6 0.5 1.2839E-4
2.6 0.55  1.2101E-4
2.6 0.6 6.6719E-4
2.6 0.65  5.3614E-4
2.6 0.7 2.0317E-5
2.6 0.75  0.0011
2.6 0.8 0.0041
2.6 0.85  0.0062
2.6 0.9 0.0053
2.6 0.95  0.0026
2.6 1 5.3948E-4
2.6 1.1 1.1959E-4
2.6 1.15  1.0988E-4
2.6 1.2 1.6842E-5
2.6 1.3 3.1903E-5
2.6 1.35  1.4847E-5
2.6 1.8 2.0192E-5
2.65  -1.8  2.0086E-5
2.65  -1.35 1.6076E-5
2.65  -1.3  3.4243E-5
2.65  -1.2  1.6069E-5
2.65  -1.15 1.2428E-4
2.65  -1.1  1.3431E-4
2.65  -1  5.6357E-4
2.65  -0.95 0.0029
2.65  -0.9  0.0059
2.65  -0.85 0.007
2.65  -0.8  0.0046
2.65  -0.75 0.0013
2.65  -0.7  3.0894E-5
2.65  -0.65 5.9574E-4
2.65  -0.6  7.6609E-4
2.65  -0.55 1.5472E-4
2.65  -0.5  1.437E-4
2.65  -0.45 7.1081E-4
2.65  -0.4  4.9547E-4
2.65  -0.35 2.0088E-5
2.65  -0.3  7.1749E-4
2.65  -0.25 0.0015
2.65  -0.2  4.7137E-4
2.65  -0.15 7.8186E-4
2.65  -0.1  0.0078
2.65  -0.05 0.0197
2.65  0 0.0259
2.65  0.05  0.0201
2.65  0.1 0.0081
2.65  0.15  8.6255E-4
2.65  0.2 4.4052E-4
2.65  0.25  0.0015
2.65  0.3 7.3777E-4
2.65  0.35  2.5417E-5
2.65  0.4 5.1692E-4
2.65  0.45  7.5761E-4
2.65  0.5 1.5947E-4
2.65  0.55  1.639E-4
2.65  0.6 8.47E-4
2.65  0.65  6.8453E-4
2.65  0.7 3.4103E-5
2.65  0.75  0.0014
2.65  0.8 0.0052
2.65  0.85  0.008
2.65  0.9 0.0069
2.65  0.95  0.0034
2.65  1 6.8958E-4
2.65  1.1 1.5298E-4
2.65  1.15  1.4571E-4
2.65  1.2 2.0127E-5
2.65  1.3 4.0715E-5
2.65  1.35  1.9367E-5
2.65  1.8 2.5435E-5
2.65  1.85  1.7983E-5
2.7 -1.85 1.4548E-5
2.7 -1.8  2.1226E-5
2.7 -1.35 1.6999E-5
2.7 -1.3  3.728E-5
2.7 -1.2  1.8963E-5
2.7 -1.15 1.3102E-4
2.7 -1.1  1.4704E-4
2.7 -1  6.2304E-4
2.7 -0.95 0.003
2.7 -0.9  0.0063
2.7 -0.85 0.0074
2.7 -0.8  0.0049
2.7 -0.75 0.0014
2.7 -0.7  2.9368E-5
2.7 -0.65 6.2261E-4
2.7 -0.6  8.1534E-4
2.7 -0.55 1.5217E-4
2.7 -0.5  1.5468E-4
2.7 -0.45 7.308E-4
2.7 -0.4  5.2967E-4
2.7 -0.3  7.4921E-4
2.7 -0.25 0.0015
2.7 -0.2  4.9E-4
2.7 -0.15 7.9993E-4
2.7 -0.1  0.0083
2.7 -0.05 0.0209
2.7 0 0.0277
2.7 0.05  0.0213
2.7 0.1 0.0087
2.7 0.15  8.5977E-4
2.7 0.2 4.6907E-4
2.7 0.25  0.0016
2.7 0.3 8.0435E-4
2.7 0.4 5.4698E-4
2.7 0.45  7.8985E-4
2.7 0.5 1.7204E-4
2.7 0.55  1.5876E-4
2.7 0.6 8.8161E-4
2.7 0.65  7.1077E-4
2.7 0.7 1.8512E-5
2.7 0.75  0.0015
2.7 0.8 0.0054
2.7 0.85  0.0083
2.7 0.9 0.0072
2.7 0.95  0.0035
2.7 1 7.5654E-4
2.7 1.1 1.6596E-4
2.7 1.15  1.5462E-4
2.7 1.2 2.3118E-5
2.7 1.3 4.4095E-5
2.7 1.35  2.1046E-5
2.7 1.8 2.6766E-5
2.7 1.85  1.8671E-5
2.7 2.55  1.4661E-5
2.75  -1.8  1.8448E-5
2.75  -1.35 1.4972E-5
2.75  -1.3  3.2095E-5
2.75  -1.2  1.4381E-5
2.75  -1.15 1.1539E-4
2.75  -1.1  1.2579E-4
2.75  -1  5.2891E-4
2.75  -0.95 0.0027
2.75  -0.9  0.0055
2.75  -0.85 0.0065
2.75  -0.8  0.0044
2.75  -0.75 0.0013
2.75  -0.7  2.0743E-5
2.75  -0.65 5.6417E-4
2.75  -0.6  7.2042E-4
2.75  -0.55 1.4869E-4
2.75  -0.5  1.301E-4
2.75  -0.45 6.5353E-4
2.75  -0.4  4.6094E-4
2.75  -0.35 2.4911E-5
2.75  -0.3  6.4769E-4
2.75  -0.25 0.0014
2.75  -0.2  4.4248E-4
2.75  -0.15 6.6869E-4
2.75  -0.1  0.0071
2.75  -0.05 0.0182
2.75  0 0.024
2.75  0.05  0.0187
2.75  0.1 0.0076
2.75  0.15  8.2286E-4
2.75  0.2 4.2144E-4
2.75  0.25  0.0014
2.75  0.3 7.1479E-4
2.75  0.35  2.0996E-5
2.75  0.4 4.8055E-4
2.75  0.45  7.1591E-4
2.75  0.5 1.5554E-4
2.75  0.55  1.408E-4
2.75  0.6 7.8364E-4
2.75  0.65  6.3407E-4
2.75  0.7 3.5949E-5
2.75  0.75  0.0013
2.75  0.8 0.0047
2.75  0.85  0.0072
2.75  0.9 0.0062
2.75  0.95  0.0031
2.75  1 6.3368E-4
2.75  1.1 1.4203E-4
2.75  1.15  1.3679E-4
2.75  1.2 1.9515E-5
2.75  1.3 3.8487E-5
2.75  1.35  1.857E-5
2.75  1.8 2.3408E-5
2.75  1.85  1.6551E-5
2.8 -1.3  2.3844E-5
2.8 -1.15 8.2326E-5
2.8 -1.1  9.3606E-5
2.8 -1  3.9036E-4
2.8 -0.95 0.0019
2.8 -0.9  0.004
2.8 -0.85 0.0047
2.8 -0.8  0.0032
2.8 -0.75 8.8253E-4
2.8 -0.7  1.4986E-5
2.8 -0.65 4.043E-4
2.8 -0.6  5.3535E-4
2.8 -0.55 1.0201E-4
2.8 -0.5  9.6589E-5
2.8 -0.45 4.6801E-4
2.8 -0.4  3.429E-4
2.8 -0.3  4.6684E-4
2.8 -0.25 9.7152E-4
2.8 -0.2  3.1389E-4
2.8 -0.15 4.5313E-4
2.8 -0.1  0.0051
2.8 -0.05 0.0129
2.8 0 0.0172
2.8 0.05  0.0133
2.8 0.1 0.0054
2.8 0.15  5.2602E-4
2.8 0.2 3.0516E-4
2.8 0.25  0.001
2.8 0.3 5.2024E-4
2.8 0.4 3.4737E-4
2.8 0.45  5.0983E-4
2.8 0.5 1.1392E-4
2.8 0.55  9.7622E-5
2.8 0.6 5.619E-4
2.8 0.65  4.6383E-4
2.8 0.75  9.2925E-4
2.8 0.8 0.0034
2.8 0.85  0.0052
2.8 0.9 0.0045
2.8 0.95  0.0022
2.8 1 4.7703E-4
2.8 1.1 1.042E-4
2.8 1.15  9.8551E-5
2.8 1.2 1.496E-5
2.8 1.3 2.741E-5
2.8 1.8 1.7281E-5
2.85  -1.15 4.7114E-5
2.85  -1.1  5.3344E-5
2.85  -1  2.0746E-4
2.85  -0.95 0.0011
2.85  -0.9  0.0022
2.85  -0.85 0.0027
2.85  -0.8  0.0018
2.85  -0.75 5.0592E-4
2.85  -0.65 2.3516E-4
2.85  -0.6  3.0508E-4
2.85  -0.55 6.4719E-5
2.85  -0.5  5.1342E-5
2.85  -0.45 2.7201E-4
2.85  -0.4  1.9388E-4
2.85  -0.3  2.6288E-4
2.85  -0.25 5.5959E-4
2.85  -0.2  1.8726E-4
2.85  -0.15 2.6908E-4
2.85  -0.1  0.0028
2.85  -0.05 0.0073
2.85  0 0.0097
2.85  0.05  0.0075
2.85  0.1 0.003
2.85  0.15  3.2472E-4
2.85  0.2 1.6591E-4
2.85  0.25  5.8513E-4
2.85  0.3 2.9094E-4
2.85  0.4 1.9446E-4
2.85  0.45  2.933E-4
2.85  0.5 6.8575E-5
2.85  0.55  6.0275E-5
2.85  0.6 3.1987E-4
2.85  0.65  2.6314E-4
2.85  0.75  5.0408E-4
2.85  0.8 0.0019
2.85  0.85  0.0029
2.85  0.9 0.0025
2.85  0.95  0.0013
2.85  1 2.6403E-4
2.85  1.1 5.8962E-5
2.85  1.15  5.6979E-5
2.85  1.3 1.547E-5
2.9 -1.15 1.906E-5
2.9 -1.1  2.255E-5
2.9 -1  7.6082E-5
2.9 -0.95 4.14E-4
2.9 -0.9  8.7669E-4
2.9 -0.85 0.001
2.9 -0.8  7.012E-4
2.9 -0.75 1.982E-4
2.9 -0.65 9.3191E-5
2.9 -0.6  1.2264E-4
2.9 -0.55 2.5648E-5
2.9 -0.5  2.1391E-5
2.9 -0.45 1.0786E-4
2.9 -0.4  8.2248E-5
2.9 -0.3  1.0567E-4
2.9 -0.25 2.2796E-4
2.9 -0.2  8.0897E-5
2.9 -0.15 9.3005E-5
2.9 -0.1  0.0011
2.9 -0.05 0.0029
2.9 0 0.0039
2.9 0.05  0.003
2.9 0.1 0.0013
2.9 0.15  1.1681E-4
2.9 0.2 6.6645E-5
2.9 0.25  2.3086E-4
2.9 0.3 1.2403E-4
2.9 0.4 7.6764E-5
2.9 0.45  1.1647E-4
2.9 0.5 2.7168E-5
2.9 0.55  2.1041E-5
2.9 0.6 1.2551E-4
2.9 0.65  1.082E-4
2.9 0.75  1.8544E-4
2.9 0.8 7.3067E-4
2.9 0.85  0.0012
2.9 0.9 0.001
2.9 0.95  5.0569E-4
2.9 1 1.1219E-4
2.9 1.1 2.3862E-5
2.9 1.15  2.3006E-5
2.95  -0.95 7.3797E-5
2.95  -0.9  1.6456E-4
2.95  -0.85 2.0517E-4
2.95  -0.8  1.3804E-4
2.95  -0.75 4.069E-5
2.95  -0.65 1.8575E-5
2.95  -0.6  2.4613E-5
2.95  -0.45 2.1979E-5
2.95  -0.4  1.8017E-5
2.95  -0.3  2.0234E-5
2.95  -0.25 4.7778E-5
2.95  -0.2  2.0358E-5
2.95  -0.1  1.9636E-4
2.95  -0.05 5.383E-4
2.95  0 7.2343E-4
2.95  0.05  5.8508E-4
2.95  0.1 2.5381E-4
2.95  0.15  2.6474E-5
2.95  0.25  4.7852E-5
2.95  0.3 2.4457E-5
2.95  0.4 1.4974E-5
2.95  0.45  2.4659E-5
2.95  0.6 2.57E-5
2.95  0.65  2.3788E-5
2.95  0.75  2.9429E-5
2.95  0.8 1.3295E-4
2.95  0.85  2.1577E-4
2.95  0.9 1.9436E-4
2.95  0.95  9.8927E-5
2.95  1 2.1713E-5
3.05  -0.95 5.593E-5
3.05  -0.9  1.068E-4
3.05  -0.85 1.1911E-4
3.05  -0.8  7.4495E-5
3.05  -0.75 1.9914E-5
3.05  -0.25 2.0124E-5
3.05  -0.15 2.2824E-5
3.05  -0.1  1.5863E-4
3.05  -0.05 3.6127E-4
3.05  0 4.4616E-4
3.05  0.05  3.2841E-4
3.05  0.1 1.2535E-4
3.05  0.25  2.5317E-5
3.05  0.75  3.3052E-5
3.05  0.8 1.0063E-4
3.05  0.85  1.4135E-4
3.05  0.9 1.1557E-4
3.05  0.95  5.3999E-5
3.1 -1  2.4187E-5
3.1 -0.95 1.0435E-4
3.1 -0.9  2.0575E-4
3.1 -0.85 2.3272E-4
3.1 -0.8  1.5021E-4
3.1 -0.75 3.8985E-5
3.1 -0.65 2.1763E-5
3.1 -0.6  2.6334E-5
3.1 -0.45 2.2182E-5
3.1 -0.4  1.4695E-5
3.1 -0.3  2.4177E-5
3.1 -0.25 4.4303E-5
3.1 -0.15 3.746E-5
3.1 -0.1  2.9707E-4
3.1 -0.05 6.9839E-4
3.1 0 8.7806E-4
3.1 0.05  6.5262E-4
3.1 0.1 2.5103E-4
3.1 0.15  1.9502E-5
3.1 0.2 1.8249E-5
3.1 0.25  5.1273E-5
3.1 0.3 2.4655E-5
3.1 0.4 1.6894E-5
3.1 0.45  2.2906E-5
3.1 0.6 2.6918E-5
3.1 0.65  1.8668E-5
3.1 0.75  5.8808E-5
3.1 0.8 1.8873E-4
3.1 0.85  2.7549E-4
3.1 0.9 2.2846E-4
3.1 0.95  1.0844E-4
3.1 1 2.1399E-5
3.15  -1  2.1549E-5
3.15  -0.95 9.6184E-5
3.15  -0.9  1.8918E-4
3.15  -0.85 2.1566E-4
3.15  -0.8  1.3768E-4
3.15  -0.75 3.6258E-5
3.15  -0.65 2.1118E-5
3.15  -0.6  2.4675E-5
3.15  -0.45 2.0926E-5
3.15  -0.3  2.3163E-5
3.15  -0.25 4.256E-5
3.15  -0.15 3.1138E-5
3.15  -0.1  2.6767E-4
3.15  -0.05 6.3695E-4
3.15  0 8.113E-4
3.15  0.05  6.0625E-4
3.15  0.1 2.3235E-4
3.15  0.15  2.0661E-5
3.15  0.2 1.7657E-5
3.15  0.25  5.0503E-5
3.15  0.3 2.3699E-5
3.15  0.4 1.5932E-5
3.15  0.45  2.191E-5
3.15  0.6 2.6196E-5
3.15  0.65  1.8429E-5
3.15  0.75  5.0949E-5
3.15  0.8 1.7171E-4
3.15  0.85  2.5027E-4
3.15  0.9 2.0893E-4
3.15  0.95  9.8669E-5
3.15  1 1.9051E-5
3.2 -0.95 4.834E-5
3.2 -0.9  9.5819E-5
3.2 -0.85 1.0802E-4
3.2 -0.8  6.8674E-5
3.2 -0.75 1.7416E-5
3.2 -0.25 2.3074E-5
3.2 -0.15 1.6076E-5
3.2 -0.1  1.3358E-4
3.2 -0.05 3.2354E-4
3.2 0 4.1033E-4
3.2 0.05  3.0548E-4
3.2 0.1 1.1722E-4
3.2 0.25  2.6774E-5
3.2 0.75  2.4738E-5
3.2 0.8 8.6044E-5
3.2 0.85  1.2766E-4
3.2 0.9 1.059E-4
3.2 0.95  4.9608E-5
3.25  -0.9  2.0799E-5
3.25  -0.85 2.3837E-5
3.25  -0.8  1.5037E-5
3.25  -0.1  2.7975E-5
3.25  -0.05 7.134E-5
3.25  0 9.0227E-5
3.25  0.05  6.7627E-5
3.25  0.1 2.7642E-5
3.25  0.8 1.9628E-5
3.25  0.85  3.0109E-5
3.25  0.9 2.5856E-5
3.3 -0.9  1.9695E-5
3.3 -0.85 2.4441E-5
3.3 -0.8  1.7747E-5
3.3 -0.1  2.3537E-5
3.3 -0.05 6.3114E-5
3.3 0 8.5578E-5
3.3 0.05  7.0252E-5
3.3 0.1 3.2459E-5
3.3 0.8 1.6689E-5
3.3 0.85  2.6938E-5
3.3 0.9 2.4355E-5
3.35  -0.95 3.4954E-5
3.35  -0.9  7.1872E-5
3.35  -0.85 8.5091E-5
3.35  -0.8  5.8356E-5
3.35  -0.75 1.785E-5
3.35  -0.25 1.4597E-5
3.35  -0.1  9.1562E-5
3.35  -0.05 2.2884E-4
3.35  0 3.0426E-4
3.35  0.05  2.3868E-4
3.35  0.1 1.0197E-4
3.35  0.75  1.6808E-5
3.35  0.8 6.0307E-5
3.35  0.85  9.1113E-5
3.35  0.9 8.0281E-5
3.35  0.95  4.0578E-5
3.4 -0.95 5.7536E-5
3.4 -0.9  1.172E-4
3.4 -0.85 1.3683E-4
3.4 -0.8  9.2431E-5
3.4 -0.75 2.6919E-5
3.4 -0.25 2.4957E-5
3.4 -0.15 1.7089E-5
3.4 -0.1  1.5341E-4
3.4 -0.05 3.8022E-4
3.4 0 4.9522E-4
3.4 0.05  3.8303E-4
3.4 0.1 1.5674E-4
3.4 0.15  1.6976E-5
3.4 0.25  2.5587E-5
3.4 0.75  2.8398E-5
3.4 0.8 9.7724E-5
3.4 0.85  1.4867E-4
3.4 0.9 1.2798E-4
3.4 0.95  6.3797E-5
3.45  -0.95 5.7692E-5
3.45  -0.9  1.1702E-4
3.45  -0.85 1.3597E-4
3.45  -0.8  9.0281E-5
3.45  -0.75 2.5726E-5
3.45  -0.25 2.4838E-5
3.45  -0.15 1.5114E-5
3.45  -0.1  1.5146E-4
3.45  -0.05 3.7448E-4
3.45  0 4.893E-4
3.45  0.05  3.7509E-4
3.45  0.1 1.5233E-4
3.45  0.15  1.6332E-5
3.45  0.25  2.7062E-5
3.45  0.6 1.447E-5
3.45  0.75  2.7488E-5
3.45  0.8 9.724E-5
3.45  0.85  1.4554E-4
3.45  0.9 1.253E-4
3.45  0.95  6.1281E-5
3.5 -0.95 3.6694E-5
3.5 -0.9  7.4685E-5
3.5 -0.85 8.6153E-5
3.5 -0.8  5.7112E-5
3.5 -0.75 1.6079E-5
3.5 -0.25 1.668E-5
3.5 -0.1  9.7011E-5
3.5 -0.05 2.3852E-4
3.5 0 3.0825E-4
3.5 0.05  2.369E-4
3.5 0.1 9.4293E-5
3.5 0.25  1.7939E-5
3.5 0.75  1.7358E-5
3.5 0.8 6.1809E-5
3.5 0.85  9.3576E-5
3.5 0.9 7.9112E-5
3.5 0.95  3.8454E-5
3.55  -0.9  2.5842E-5
3.55  -0.85 2.9706E-5
3.55  -0.8  1.9466E-5
3.55  -0.1  3.3034E-5
3.55  -0.05 8.2273E-5
3.55  0 1.0685E-4
3.55  0.05  8.2206E-5
3.55  0.1 3.3151E-5
3.55  0.8 2.1255E-5
3.55  0.85  3.2187E-5
3.55  0.9 2.8038E-5
3.65  -0.05 1.8114E-5
3.65  0 2.3177E-5
3.65  0.05  1.6477E-5
3.7 -0.9  2.1839E-5
3.7 -0.85 2.4119E-5
3.7 -0.8  1.4759E-5
3.7 -0.1  2.8983E-5
3.7 -0.05 6.9685E-5
3.7 0 8.7333E-5
3.7 0.05  6.3107E-5
3.7 0.1 2.2183E-5
3.7 0.8 1.7662E-5
3.7 0.85  2.5877E-5
3.7 0.9 2.1096E-5
3.75  -0.95 1.5853E-5
3.75  -0.9  3.0947E-5
3.75  -0.85 3.356E-5
3.75  -0.8  1.9949E-5
3.75  -0.1  4.1285E-5
3.75  -0.05 9.7807E-5
3.75  0 1.2191E-4
3.75  0.05  8.5782E-5
3.75  0.1 2.9669E-5
3.75  0.8 2.5018E-5
3.75  0.85  3.6039E-5
3.75  0.9 2.9308E-5
3.8 -0.9  2.6437E-5
3.8 -0.85 2.8035E-5
3.8 -0.8  1.5857E-5
3.8 -0.1  3.6633E-5
3.8 -0.05 8.4667E-5
3.8 0 1.0169E-4
3.8 0.05  6.9651E-5
3.8 0.1 2.1676E-5
3.8 0.8 2.1683E-5
3.8 0.85  3.0653E-5
3.8 0.9 2.3954E-5
3.85  -0.9  1.5418E-5
3.85  -0.85 1.5192E-5
3.85  -0.1  2.3086E-5
3.85  -0.05 4.9609E-5
3.85  0 5.6917E-5
3.85  0.05  3.5798E-5
3.85  0.85  1.6989E-5
3.9 -0.05 2.1337E-5
3.9 0 2.1191E-5
4.9 -0.9  2.5772E-5
4.9 -0.85 2.7907E-5
4.9 -0.8  1.7466E-5
4.9 -0.1  4.0712E-5
4.9 -0.05 8.5256E-5
4.9 0 1.0253E-4
4.9 0.05  7.374E-5
4.9 0.1 2.7298E-5
4.9 0.8 2.4245E-5
4.9 0.85  3.1672E-5
4.9 0.9 2.5067E-5
4.95  -0.95 4.0848E-5
4.95  -0.9  7.673E-5
4.95  -0.85 8.5896E-5
4.95  -0.8  5.4963E-5
4.95  -0.75 1.5478E-5
4.95  -0.15 1.9676E-5
4.95  -0.1  1.1705E-4
4.95  -0.05 2.5441E-4
4.95  0 3.0924E-4
4.95  0.05  2.2929E-4
4.95  0.1 8.8335E-5
4.95  0.25  1.5816E-5
4.95  0.75  2.4841E-5
4.95  0.8 6.9181E-5
4.95  0.85  9.5721E-5
4.95  0.9 7.7188E-5
4.95  0.95  3.5885E-5
5 -1  2.1336E-5
5 -0.95 8.3711E-5
5 -0.9  1.585E-4
5 -0.85 1.7659E-4
5 -0.8  1.142E-4
5 -0.75 3.109E-5
5 -0.6  1.7297E-5
5 -0.25 2.1929E-5
5 -0.15 3.6199E-5
5 -0.1  2.3323E-4
5 -0.05 5.1239E-4
5 0 6.3639E-4
5 0.05  4.6957E-4
5 0.1 1.8437E-4
5 0.15  1.8789E-5
5 0.25  3.2143E-5
5 0.3 1.5798E-5
5 0.45  1.4323E-5
5 0.75  4.8736E-5
5 0.8 1.401E-4
5 0.85  1.942E-4
5 0.9 1.5986E-4
5 0.95  7.5089E-5
5 1 1.5675E-5
5.05  -1  3.1391E-5
5.05  -0.95 1.2915E-4
5.05  -0.9  2.4683E-4
5.05  -0.85 2.7783E-4
5.05  -0.8  1.8053E-4
5.05  -0.75 5.096E-5
5.05  -0.65 2.1445E-5
5.05  -0.6  2.7203E-5
5.05  -0.45 2.3337E-5
5.05  -0.4  1.5624E-5
5.05  -0.3  2.1173E-5
5.05  -0.25 3.7434E-5
5.05  -0.15 5.7305E-5
5.05  -0.1  3.5883E-4
5.05  -0.05 8.0038E-4
5.05  0 9.9102E-4
5.05  0.05  7.3846E-4
5.05  0.1 2.8917E-4
5.05  0.15  3.1308E-5
5.05  0.2 1.5227E-5
5.05  0.25  5.0245E-5
5.05  0.3 2.4634E-5
5.05  0.4 1.6225E-5
5.05  0.45  2.319E-5
5.05  0.6 2.2378E-5
5.05  0.75  7.5273E-5
5.05  0.8 2.1792E-4
5.05  0.85  3.0532E-4
5.05  0.9 2.5069E-4
5.05  0.95  1.2022E-4
5.05  1 2.3913E-5
5.1 -1  4.0493E-5
5.1 -0.95 1.6152E-4
5.1 -0.9  3.1259E-4
5.1 -0.85 3.5069E-4
5.1 -0.8  2.2734E-4
5.1 -0.75 6.3465E-5
5.1 -0.65 2.6774E-5
5.1 -0.6  3.4185E-5
5.1 -0.45 2.9281E-5
5.1 -0.4  2.0228E-5
5.1 -0.3  2.8071E-5
5.1 -0.25 4.8981E-5
5.1 -0.15 6.8058E-5
5.1 -0.1  4.523E-4
5.1 -0.05 0.001
5.1 0 0.0013
5.1 0.05  9.3769E-4
5.1 0.1 3.7284E-4
5.1 0.15  3.7878E-5
5.1 0.2 1.8992E-5
5.1 0.25  6.2791E-5
5.1 0.3 3.1235E-5
5.1 0.4 2.1385E-5
5.1 0.45  2.9253E-5
5.1 0.6 2.9522E-5
5.1 0.65  1.8347E-5
5.1 0.75  9.2809E-5
5.1 0.8 2.7315E-4
5.1 0.85  3.8253E-4
5.1 0.9 3.1767E-4
5.1 0.95  1.5119E-4
5.1 1 3.1843E-5
5.15  -1  4.0123E-5
5.15  -0.95 1.6789E-4
5.15  -0.9  3.2287E-4
5.15  -0.85 3.6491E-4
5.15  -0.8  2.3674E-4
5.15  -0.75 6.6062E-5
5.15  -0.65 2.8201E-5
5.15  -0.6  3.5322E-5
5.15  -0.45 3.1628E-5
5.15  -0.4  2.0895E-5
5.15  -0.3  3.0077E-5
5.15  -0.25 5.4238E-5
5.15  -0.15 7.2586E-5
5.15  -0.1  4.6361E-4
5.15  -0.05 0.001
5.15  0 0.0013
5.15  0.05  9.7527E-4
5.15  0.1 3.8152E-4
5.15  0.15  4.0406E-5
5.15  0.2 2.0176E-5
5.15  0.25  6.61E-5
5.15  0.3 3.1858E-5
5.15  0.4 2.2546E-5
5.15  0.45  3.1371E-5
5.15  0.6 3.1941E-5
5.15  0.65  2.0491E-5
5.15  0.75  9.6421E-5
5.15  0.8 2.822E-4
5.15  0.85  3.9688E-4
5.15  0.9 3.2714E-4
5.15  0.95  1.5673E-4
5.15  1 3.1143E-5
5.2 -1  3.4672E-5
5.2 -0.95 1.4192E-4
5.2 -0.9  2.7496E-4
5.2 -0.85 3.0777E-4
5.2 -0.8  1.9927E-4
5.2 -0.75 5.4609E-5
5.2 -0.65 2.3792E-5
5.2 -0.6  2.9774E-5
5.2 -0.45 2.6729E-5
5.2 -0.4  1.7948E-5
5.2 -0.3  2.6855E-5
5.2 -0.25 4.6958E-5
5.2 -0.15 5.9856E-5
5.2 -0.1  3.9732E-4
5.2 -0.05 8.8637E-4
5.2 0 0.0011
5.2 0.05  8.212E-4
5.2 0.1 3.25E-4
5.2 0.15  3.1441E-5
5.2 0.2 1.7593E-5
5.2 0.25  5.5228E-5
5.2 0.3 2.6786E-5
5.2 0.4 1.9916E-5
5.2 0.45  2.6251E-5
5.2 0.6 2.8117E-5
5.2 0.65  1.8345E-5
5.2 0.75  8.1575E-5
5.2 0.8 2.3928E-4
5.2 0.85  3.3522E-4
5.2 0.9 2.7772E-4
5.2 0.95  1.3126E-4
5.2 1 2.7332E-5
5.25  -1  2.3043E-5
5.25  -0.95 9.5192E-5
5.25  -0.9  1.8281E-4
5.25  -0.85 2.0565E-4
5.25  -0.8  1.321E-4
5.25  -0.75 3.6233E-5
5.25  -0.65 1.6571E-5
5.25  -0.6  2.0004E-5
5.25  -0.45 1.8557E-5
5.25  -0.3  1.8699E-5
5.25  -0.25 3.3351E-5
5.25  -0.15 4.3136E-5
5.25  -0.1  2.6349E-4
5.25  -0.05 5.9183E-4
5.25  0 7.3182E-4
5.25  0.05  5.419E-4
5.25  0.1 2.1025E-4
5.25  0.15  2.1187E-5
5.25  0.25  3.7921E-5
5.25  0.3 1.7504E-5
5.25  0.45  1.8197E-5
5.25  0.6 1.9773E-5
5.25  0.75  5.4994E-5
5.25  0.8 1.6147E-4
5.25  0.85  2.2493E-4
5.25  0.9 1.8419E-4
5.25  0.95  8.7689E-5
5.25  1 1.6775E-5
5.3 -0.95 4.5753E-5
5.3 -0.9  8.8217E-5
5.3 -0.85 9.7013E-5
5.3 -0.8  6.1929E-5
5.3 -0.75 1.5898E-5
5.3 -0.25 1.6948E-5
5.3 -0.15 2.2948E-5
5.3 -0.1  1.32E-4
5.3 -0.05 2.8619E-4
5.3 0 3.5289E-4
5.3 0.05  2.5433E-4
5.3 0.1 9.7098E-5
5.3 0.25  1.8295E-5
5.3 0.75  2.8028E-5
5.3 0.8 7.9484E-5
5.3 0.85  1.0856E-4
5.3 0.9 8.8131E-5
5.3 0.95  4.0279E-5
5.35  -0.9  2.2835E-5
5.35  -0.85 2.4502E-5
5.35  -0.8  1.4784E-5
5.35  -0.1  3.7301E-5
5.35  -0.05 7.7284E-5
5.35  0 9.0493E-5
5.35  0.05  6.3289E-5
5.35  0.1 2.272E-5
5.35  0.8 2.2209E-5
5.35  0.85  2.8702E-5
5.35  0.9 2.2986E-5
5.45  -0.05 2.3375E-5
5.45  0 3.7941E-5
5.45  0.05  3.5488E-5
5.45  0.1 1.9396E-5
5.5 -0.9  2.2876E-5
5.5 -0.85 2.9376E-5
5.5 -0.8  2.2445E-5
5.5 -0.1  2.3266E-5
5.5 -0.05 6.6037E-5
5.5 0 9.6968E-5
5.5 0.05  8.3854E-5
5.5 0.1 4.0793E-5
5.5 0.8 1.5578E-5
5.5 0.85  2.681E-5
5.5 0.9 2.6152E-5
5.5 0.95  1.4997E-5
5.55  -0.9  2.4966E-5
5.55  -0.85 3.2241E-5
5.55  -0.8  2.4276E-5
5.55  -0.1  2.5548E-5
5.55  -0.05 7.324E-5
5.55  0 1.0615E-4
5.55  0.05  9.1789E-5
5.55  0.1 4.465E-5
5.55  0.8 1.7489E-5
5.55  0.85  2.9703E-5
5.55  0.9 2.8677E-5
5.55  0.95  1.6437E-5
5.6 -0.85 1.8495E-5
5.6 -0.8  1.4563E-5
5.6 -0.05 4.1015E-5
5.6 0 6.1267E-5
5.6 0.05  5.4944E-5
5.6 0.1 2.787E-5
5.6 0.85  1.6996E-5
5.6 0.9 1.6966E-5
5.75  -0.85 1.4843E-5
5.75  -0.1  2.0346E-5
5.75  -0.05 4.4059E-5
5.75  0 5.2424E-5
5.75  0.05  3.6012E-5
5.75  0.85  1.5856E-5
5.8 -0.95 1.4432E-5
5.8 -0.9  2.7975E-5
5.8 -0.85 3.094E-5
5.8 -0.8  1.9221E-5
5.8 -0.1  3.7734E-5
5.8 -0.05 8.7529E-5
5.8 0 1.0797E-4
5.8 0.05  7.786E-5
5.8 0.1 2.827E-5
5.8 0.8 2.267E-5
5.8 0.85  3.2328E-5
5.8 0.9 2.6181E-5
5.85  -0.95 1.5861E-5
5.85  -0.9  3.1255E-5
5.85  -0.85 3.5282E-5
5.85  -0.8  2.2295E-5
5.85  -0.1  4.0459E-5
5.85  -0.05 9.6277E-5
5.85  0 1.2214E-4
5.85  0.05  9.0582E-5
5.85  0.1 3.4388E-5
5.85  0.8 2.4784E-5
5.85  0.85  3.5891E-5
5.85  0.9 2.99E-5
5.9 -0.9  2.0357E-5
5.9 -0.85 2.3142E-5
5.9 -0.8  1.4976E-5
5.9 -0.1  2.6074E-5
5.9 -0.05 6.3012E-5
5.9 0 8.0288E-5
5.9 0.05  6.0491E-5
5.9 0.1 2.3348E-5
5.9 0.8 1.5717E-5
5.9 0.85  2.355E-5
5.9 0.9 1.9732E-5
5.95  -0.05 1.5765E-5
5.95  0 2.0145E-5
5.95  0.05  1.5543E-5
6.05  -0.9  1.6208E-5
6.05  -0.85 1.8607E-5
6.05  -0.1  1.9853E-5
6.05  -0.05 4.9539E-5
6.05  0 6.4349E-5
6.05  0.05  4.8377E-5
6.05  0.1 1.8617E-5
6.05  0.85  1.8734E-5
6.05  0.9 1.5961E-5
6.1 -0.95 2.27E-5
6.1 -0.9  4.6574E-5
6.1 -0.85 5.3312E-5
6.1 -0.8  3.4812E-5
6.1 -0.1  5.62E-5
6.1 -0.05 1.4175E-4
6.1 0 1.8346E-4
6.1 0.05  1.3849E-4
6.1 0.1 5.408E-5
6.1 0.8 3.564E-5
6.1 0.85  5.4035E-5
6.1 0.9 4.5922E-5
6.1 0.95  2.2421E-5
6.15  -0.95 3.6879E-5
6.15  -0.9  7.5807E-5
6.15  -0.85 8.756E-5
6.15  -0.8  5.6846E-5
6.15  -0.75 1.5607E-5
6.15  -0.25 1.9391E-5
6.15  -0.1  9.2513E-5
6.15  -0.05 2.3164E-4
6.15  0 3.0196E-4
6.15  0.05  2.2896E-4
6.15  0.1 9.0549E-5
6.15  0.25  1.7339E-5
6.15  0.75  1.5318E-5
6.15  0.8 5.7765E-5
6.15  0.85  8.7319E-5
6.15  0.9 7.5072E-5
6.15  0.95  3.6234E-5
6.2 -0.95 4.3525E-5
6.2 -0.9  8.8966E-5
6.2 -0.85 1.0318E-4
6.2 -0.8  6.7632E-5
6.2 -0.75 1.8316E-5
6.2 -0.25 2.2915E-5
6.2 -0.1  1.0764E-4
6.2 -0.05 2.7189E-4
6.2 0 3.5375E-4
6.2 0.05  2.6979E-4
6.2 0.1 1.0608E-4
6.2 0.25  2.0072E-5
6.2 0.75  1.8544E-5
6.2 0.8 6.7732E-5
6.2 0.85  1.0319E-4
6.2 0.9 8.796E-5
6.2 0.95  4.2825E-5
6.25  -0.95 3.965E-5
6.25  -0.9  8.1724E-5
6.25  -0.85 9.4032E-5
6.25  -0.8  6.1474E-5
6.25  -0.75 1.6914E-5
6.25  -0.25 1.9875E-5
6.25  -0.1  9.9436E-5
6.25  -0.05 2.4692E-4
6.25  0 3.2333E-4
6.25  0.05  2.4558E-4
6.25  0.1 9.792E-5
6.25  0.25  1.7869E-5
6.25  0.75  1.6609E-5
6.25  0.8 6.1772E-5
6.25  0.85  9.3585E-5
6.25  0.9 8.0418E-5
6.25  0.95  3.9013E-5
6.3 -0.95 2.8989E-5
6.3 -0.9  5.886E-5
6.3 -0.85 6.8372E-5
6.3 -0.8  4.4745E-5
6.3 -0.1  7.2048E-5
6.3 -0.05 1.7995E-4
6.3 0 2.3301E-4
6.3 0.05  1.774E-4
6.3 0.1 6.98E-5
6.3 0.8 4.5167E-5
6.3 0.85  6.831E-5
6.3 0.9 5.8326E-5
6.3 0.95  2.8465E-5
6.35  -0.95 1.7023E-5
6.35  -0.9  3.4688E-5
6.35  -0.85 3.9738E-5
6.35  -0.8  2.6261E-5
6.35  -0.1  4.362E-5
6.35  -0.05 1.0557E-4
6.35  0 1.3772E-4
6.35  0.05  1.036E-4
6.35  0.1 4.1119E-5
6.35  0.8 2.6817E-5
6.35  0.85  3.9872E-5
6.35  0.9 3.4138E-5
6.35  0.95  1.6559E-5
6.4 -0.9  1.6989E-5
6.4 -0.85 1.9704E-5
6.4 -0.1  2.1397E-5
6.4 -0.05 5.2499E-5
6.4 0 6.7852E-5
6.4 0.05  5.1659E-5
6.4 0.1 2.0539E-5
6.4 0.85  1.9799E-5
6.4 0.9 1.6805E-5
6.45  -0.05 2.3911E-5
6.45  0 3.2231E-5
6.45  0.05  2.4888E-5
6.5 0 1.4435E-5
6.7 -0.05 2.9351E-5
6.7 0 3.5693E-5
6.7 0.05  2.5301E-5
6.75  -0.1  1.6477E-5
6.75  -0.05 3.9777E-5
6.75  0 5.0083E-5
6.75  0.05  3.6251E-5
6.75  0.85  1.4892E-5
6.8 -0.05 3.2289E-5
6.8 0 4.1272E-5
6.8 0.05  3.0385E-5
6.85  -0.05 1.5206E-5
6.85  0 1.9332E-5
6.9 0 1.6303E-5
6.95  -0.9  1.4993E-5
6.95  -0.85 1.6874E-5
6.95  -0.1  2.0794E-5
6.95  -0.05 4.791E-5
6.95  0 6E-5
6.95  0.05  4.446E-5
6.95  0.1 1.8056E-5
6.95  0.85  1.787E-5
6.95  0.9 1.4866E-5
7 -0.95 1.7244E-5
7 -0.9  3.4073E-5
7 -0.85 3.9221E-5
7 -0.8  2.5856E-5
7 -0.1  4.4413E-5
7 -0.05 1.0634E-4
7 0 1.3675E-4
7 0.05  1.0421E-4
7 0.1 4.2315E-5
7 0.8 2.7592E-5
7 0.85  4.0375E-5
7 0.9 3.4175E-5
7 0.95  1.6583E-5
