-9	0.0057813
-8.975	0.0057194
-8.9499	0.0057317
-8.9249	0.0056079
-8.8999	0.0056787
-8.8748	0.0056734
-8.8498	0.0058033
-8.8248	0.0057845
-8.7997	0.0057256
-8.7747	0.0056184
-8.7497	0.0056906
-8.7246	0.0056878
-8.6996	0.0057759
-8.6745	0.0057812
-8.6495	0.0057266
-8.6245	0.0056511
-8.5994	0.005679
-8.5744	0.0057569
-8.5494	0.00571
-8.5243	0.0057723
-8.4993	0.0057149
-8.4743	0.0056366
-8.4492	0.005619
-8.4242	0.0056843
-8.3992	0.0057064
-8.3741	0.0057737
-8.3491	0.005786
-8.3241	0.0056453
-8.299	0.0056587
-8.274	0.0056847
-8.249	0.0057021
-8.2239	0.0057694
-8.1989	0.0057836
-8.1739	0.0056589
-8.1488	0.0056413
-8.1238	0.0056799
-8.0987	0.0056993
-8.0737	0.0056936
-8.0487	0.0057767
-8.0236	0.0056869
-7.9986	0.0056356
-7.9736	0.0056815
-7.9485	0.0056805
-7.9235	0.0057143
-7.8985	0.0057704
-7.8734	0.0057156
-7.8484	0.005636
-7.8234	0.0057073
-7.7983	0.0056824
-7.7733	0.0057078
-7.7483	0.0056985
-7.7232	0.0057818
-7.6982	0.0056447
-7.6732	0.0056993
-7.6481	0.0056632
-7.6231	0.0057082
-7.5981	0.0056936
-7.573	0.0057803
-7.548	0.0056999
-7.5229	0.0056971
-7.4979	0.0056904
-7.4729	0.0057457
-7.4478	0.005735
-7.4228	0.0058307
-7.3978	0.0057961
-7.3727	0.0058161
-7.3477	0.005842
-7.3227	0.0058648
-7.2976	0.0058688
-7.2726	0.0058745
-7.2476	0.0058731
-7.2225	0.005815
-7.1975	0.0059642
-7.1725	0.0061106
-7.1474	0.0063219
-7.1224	0.0064247
-7.0974	0.0063631
-7.0723	0.0060559
-7.0473	0.0047279
-7.0223	0.0026564
-6.9972	0.00096777
-6.9722	0.00044214
-6.9471	0.0010641
-6.9221	0.0026175
-6.8971	0.0044212
-6.872	0.0055893
-6.847	0.0055305
-6.822	0.0042492
-6.7969	0.0022825
-6.7719	0.00059999
-6.7469	0.0003004
-6.7218	0.0017948
-6.6968	0.0050413
-6.6718	0.0089121
-6.6467	0.011772
-6.6217	0.012561
-6.5967	0.010601
-6.5716	0.0067564
-6.5466	0.0027546
-6.5216	0.0015262
-6.4965	0.0059569
-6.4715	0.018293
-6.4465	0.039233
-6.4214	0.064771
-6.3964	0.094268
-6.3713	0.12181
-6.3463	0.14121
-6.3213	0.15092
-6.2962	0.14886
-6.2712	0.136
-6.2462	0.11433
-6.2211	0.087188
-6.1961	0.061467
-6.1711	0.037963
-6.146	0.020051
-6.121	0.0086369
-6.096	0.0024455
-6.0709	0.00018343
-6.0459	0.00037634
-6.0209	0.001373
-5.9958	0.0022885
-5.9708	0.0026037
-5.9458	0.0023266
-5.9207	0.0017018
-5.8957	0.0010614
-5.8707	0.00056008
-5.8456	0.00024723
-5.8206	0.00013054
-5.7955	0.00011536
-5.7705	0.00013974
-5.7455	0.00015831
-5.7204	0.00016124
-5.6954	0.00015054
-5.6704	0.00013174
-5.6453	0.00010857
-5.6203	8.0432e-05
-5.5953	5.938e-05
-5.5702	5.4898e-05
-5.5452	7.8647e-05
-5.5202	0.00012968
-5.4951	0.00019673
-5.4701	0.00026383
-5.4451	0.00031098
-5.42	0.00032725
-5.395	0.00032088
-5.37	0.00030634
-5.3449	0.00029859
-5.3199	0.00030038
-5.2949	0.00030037
-5.2698	0.00028132
-5.2448	0.00022663
-5.2197	0.00014626
-5.1947	6.9149e-05
-5.1697	2.5239e-05
-5.1446	4.934e-05
-5.1196	0.00013724
-5.0946	0.00025876
-5.0695	0.00036958
-5.0445	0.00041005
-5.0195	0.00036986
-4.9944	0.00027396
-4.9694	0.00019202
-4.9444	0.00018294
-4.9193	0.00028621
-4.8943	0.00046677
-4.8693	0.00065988
-4.8442	0.00077182
-4.8192	0.00072477
-4.7942	0.00052872
-4.7691	0.00025627
-4.7441	7.3806e-05
-4.7191	8.159e-05
-4.694	0.00034986
-4.669	0.0007819
-4.6439	0.0012509
-4.6189	0.0015613
-4.5939	0.001571
-4.5688	0.0012857
-4.5438	0.00080778
-4.5188	0.00040502
-4.4937	0.00024626
-4.4687	0.00043967
-4.4437	0.00090413
-4.4186	0.0014283
-4.3936	0.0017796
-4.3686	0.0017398
-4.3435	0.001324
-4.3185	0.00067924
-4.2935	0.00018132
-4.2684	6.5495e-05
-4.2434	0.00045393
-4.2184	0.0012373
-4.1933	0.0020595
-4.1683	0.0026151
-4.1433	0.0025875
-4.1182	0.0020172
-4.0932	0.0010992
-4.0682	0.00034604
-4.0431	7.1777e-05
-4.0181	0.00043464
-3.993	0.0013003
-3.968	0.0022098
-3.943	0.0028091
-3.9179	0.0027631
-3.8929	0.0021349
-3.8679	0.001219
-3.8428	0.00041139
-3.8178	0.00010085
-3.7928	0.00025516
-3.7677	0.00067539
-3.7427	0.0010963
-3.7177	0.0016386
-3.6926	0.0029734
-3.6676	0.0061336
-3.6426	0.012392
-3.6175	0.023141
-3.5925	0.036352
-3.5675	0.050887
-3.5424	0.063685
-3.5174	0.069533
-3.4924	0.066611
-3.4673	0.054282
-3.4423	0.036662
-3.4172	0.018002
-3.3922	0.003844
-3.3672	0.00041624
-3.3421	0.0079534
-3.3171	0.025033
-3.2921	0.042602
-3.267	0.054607
-3.242	0.05517
-3.217	0.043529
-3.1919	0.02451
-3.1669	0.0059698
-3.1419	0.00046369
-3.1168	0.013039
-3.0918	0.045471
-3.0668	0.084683
-3.0417	0.11658
-3.0167	0.12664
-2.9917	0.10605
-2.9666	0.062019
-2.9416	0.013739
-2.9166	0.004281
-2.8915	0.070573
-2.8665	0.26141
-2.8414	0.57189
-2.8164	0.98415
-2.7914	1.4824
-2.7663	1.9935
-2.7413	2.392
-2.7163	2.6441
-2.6912	2.6929
-2.6662	2.5265
-2.6412	2.1664
-2.6161	1.7014
-2.5911	1.2129
-2.5661	0.74757
-2.541	0.37521
-2.516	0.14231
-2.491	0.022568
-2.4659	0.0030082
-2.4409	0.037801
-2.4159	0.089251
-2.3908	0.12478
-2.3658	0.1304
-2.3408	0.10891
-2.3157	0.069046
-2.2907	0.032174
-2.2656	0.0074107
-2.2406	0.00061652
-2.2156	0.0096112
-2.1905	0.025937
-2.1655	0.04165
-2.1405	0.047481
-2.1154	0.042581
-2.0904	0.028874
-2.0654	0.014254
-2.0403	0.0032587
-2.0153	0.00042968
-1.9903	0.0065796
-1.9652	0.018856
-1.9402	0.034005
-1.9152	0.045126
-1.8901	0.050285
-1.8651	0.048833
-1.8401	0.042284
-1.815	0.032369
-1.79	0.021753
-1.765	0.013541
-1.7399	0.0072052
-1.7149	0.0035983
-1.6898	0.0023443
-1.6648	0.002444
-1.6398	0.0012882
-1.6147	0.00048742
-1.5897	0.00035738
-1.5647	0.00023192
-1.5396	0.00077675
-1.5146	0.0022854
-1.4896	0.0028571
-1.4645	0.0035499
-1.4395	0.004029
-1.4145	0.00041618
-1.3894	0.00027886
-1.3644	0.0001789
-1.3394	2.7886e-05
-1.3143	1.4903e-05
-1.2893	6.1479e-05
-1.2643	0.00029326
-1.2392	4.5455e-05
-1.2142	3.0265e-05
-1.1892	2.8795e-05
-1.1641	2.6323e-05
-1.1391	4.0139e-05
-1.114	0.0001331
-1.089	0.015753
-1.064	0.0077001
-1.0389	0.00043732
-1.0139	0.0013005
-0.98887	0.00080071
-0.96384	7.5607e-05
-0.9388	3.5045e-05
-0.91377	1.3795e-05
-0.88873	2.0908e-05
-0.8637	2.8528e-05
-0.83866	0.00013255
-0.81363	0.00048909
-0.7886	0.00032605
-0.76356	0.00013803
-0.73853	3.5641e-05
-0.71349	1.1299e-05
-0.68846	8.8067e-05
-0.66342	1.3434e-05
-0.63839	1.362e-05
-0.61335	1.6374e-05
-0.58832	1.6848e-05
-0.56328	0.00057473
-0.53825	5.5261e-05
-0.51321	8.5572e-06
-0.48818	3.7531e-05
-0.46314	1.9759e-06
-0.43811	4.7956e-06
-0.41307	1.3338e-05
-0.38804	1.7745e-05
-0.363	0.00081015
-0.33797	1.546e-05
-0.31293	7.6272e-06
-0.2879	2.8794e-06
-0.26287	0.00011569
-0.23783	5.2833e-06
-0.2128	5.2528e-06
-0.18776	6.1884e-06
-0.16273	5.7012e-06
-0.13769	4.0446e-06
-0.11266	3.7509e-06
-0.087622	1.0488e-05
-0.062587	2.8607e-05
-0.037552	8.7078e-05
-0.012517	0.00014268
0.012517	0.00013069
0.037552	0.0001713
0.062587	0.00020339
0.087622	0.0019572
0.11266	0.00018964
0.13769	0.00012583
0.16273	0.0076749
0.18776	3.131e-05
0.2128	8.6088e-06
0.23783	1.2699e-05
0.26287	0.00012357
0.2879	0.00011204
0.31293	0.01498
0.33797	0.00015076
0.363	0.00012725
0.38804	0.010653
0.41307	2.2251e-05
0.43811	1.8543e-05
0.46314	0.00014598
0.48818	0.00041963
0.51321	0.00028024
0.53825	0.0008941
0.56328	0.00057405
0.58832	0.00033734
0.61335	0.00021767
0.63839	9.2883e-05
0.66342	9.5805e-05
0.68846	0.011781
0.71349	0.00049213
0.73853	0.021106
0.76356	0.0022183
0.7886	0.0048037
0.81363	0.0093539
0.83866	0.0088863
0.8637	0.0051626
0.88873	0.0048452
0.91377	0.0050216
0.9388	0.0059206
0.96384	0.0042034
0.98887	0.0052745
1.0139	0.0049913
1.0389	0.014584
1.064	0.0034854
1.089	0.002281
1.114	0.005531
1.1391	0.010153
1.1641	0.0063901
1.1892	0.0061927
1.2142	0.001498
1.2392	0.002566
1.2643	0.011931
1.2893	0.00056891
1.3143	0.00025644
1.3394	0.0033933
1.3644	0.0033589
1.3894	0.0031764
1.4145	0.0069484
1.4395	0.077449
1.4645	0.010735
1.4896	0.0048382
1.5146	0.0095474
1.5396	0.0019027
1.5647	0.00045615
1.5897	0.0029929
1.6147	0.0092125
1.6398	0.017081
1.6648	0.022443
1.6898	0.028842
1.7149	0.029037
1.7399	0.028476
1.765	0.024772
1.79	0.019327
1.815	0.013971
1.8401	0.0098811
1.8651	0.0072362
1.8901	0.0055595
1.9152	0.0044473
1.9402	0.0033114
1.9652	0.001998
1.9903	0.00091726
2.0153	0.00035007
2.0403	0.00056347
2.0654	0.0014879
2.0904	0.0026837
2.1154	0.0037049
2.1405	0.0039477
2.1655	0.0033811
2.1905	0.0022443
2.2156	0.0012997
2.2406	0.001017
2.2656	0.0017058
2.2907	0.0031224
2.3157	0.0046672
2.3408	0.0057194
2.3658	0.0056194
2.3908	0.0044712
2.4159	0.0026464
2.4409	0.00098525
2.4659	0.0003
2.491	0.00088176
2.516	0.0026077
2.541	0.0046415
2.5661	0.0062876
2.5911	0.0067637
2.6161	0.0059274
2.6412	0.0041707
2.6662	0.0022609
2.6912	0.0011215
2.7163	0.0011145
2.7413	0.0022437
2.7663	0.0037625
2.7914	0.0050149
2.8164	0.0052611
2.8414	0.0043841
2.8665	0.0027486
2.8915	0.0010321
2.9166	0.0001946
2.9416	0.00051233
2.9666	0.0019605
2.9917	0.003729
3.0167	0.0051176
3.0417	0.0054544
3.0668	0.0045799
3.0918	0.0029097
3.1168	0.0011277
3.1419	0.00020817
3.1669	0.00039853
3.1919	0.0016601
3.217	0.0032152
3.242	0.0043886
3.267	0.004659
3.2921	0.003891
3.3171	0.0025198
3.3421	0.0010535
3.3672	0.00026162
3.3922	0.0001962
3.4172	0.0006428
3.4423	0.0011591
3.4673	0.0016109
3.4924	0.0024765
3.5174	0.0047586
3.5424	0.0096005
3.5675	0.01863
3.5925	0.030636
3.6175	0.043886
3.6426	0.056515
3.6676	0.063589
3.6926	0.063107
3.7177	0.054211
3.7427	0.039146
3.7677	0.022423
3.7928	0.007662
3.8178	0.00053262
3.8428	0.0022185
3.8679	0.011742
3.8929	0.023876
3.9179	0.033437
3.943	0.036459
3.968	0.030883
3.993	0.019703
4.0181	0.0071181
4.0431	0.00032198
4.0682	0.0036003
4.0932	0.01723
4.1182	0.038397
4.1433	0.056965
4.1683	0.066481
4.1933	0.060476
4.2184	0.041262
4.2434	0.016018
4.2684	0.00069221
4.2935	0.011975
4.3185	0.063214
4.3435	0.16758
4.3686	0.30611
4.3936	0.4692
4.4186	0.64366
4.4437	0.77739
4.4687	0.86084
4.4937	0.88027
4.5188	0.83001
4.5438	0.72255
4.5688	0.57009
4.5939	0.41498
4.6189	0.26844
4.6439	0.14535
4.669	0.064185
4.694	0.018966
4.7191	0.0013307
4.7441	0.0029469
4.7691	0.011737
4.7942	0.020427
4.8192	0.023698
4.8442	0.021504
4.8693	0.015232
4.8943	0.0084352
4.9193	0.0032218
4.9444	0.00050862
4.9694	0.00048231
4.9944	0.0019777
5.0195	0.003839
5.0445	0.0048733
5.0695	0.004763
5.0946	0.0036266
5.1196	0.0021532
5.1446	0.0008585
5.1697	0.00013194
5.1947	0.00014393
5.2197	0.00065231
5.2448	0.0013888
5.2698	0.0019932
5.2949	0.0022504
5.3199	0.0021416
5.3449	0.0017606
5.37	0.0012699
5.395	0.00078435
5.42	0.00040208
5.4451	0.00017808
5.4701	6.6953e-05
5.4951	3.4989e-05
5.5202	3.737e-05
5.5452	4.4814e-05
5.5702	4.4597e-05
5.5953	3.6042e-05
5.6203	2.3687e-05
5.6453	1.3512e-05
5.6704	1.084e-05
5.6954	1.6656e-05
5.7204	3.0765e-05
5.7455	4.7547e-05
5.7705	6.2225e-05
5.7955	6.9709e-05
5.8206	6.676e-05
5.8456	5.5479e-05
5.8707	3.9701e-05
5.8957	2.7351e-05
5.9207	2.0471e-05
5.9458	1.8833e-05
5.9708	1.8492e-05
5.9958	1.5432e-05
6.0209	9.4674e-06
6.0459	6.694e-06
6.0709	1.4927e-05
6.096	4.2678e-05
6.121	8.5651e-05
6.146	0.00013387
6.1711	0.00017192
6.1961	0.00018156
6.2211	0.00015709
6.2462	0.00010557
6.2712	5.5148e-05
6.2962	3.0948e-05
6.3213	4.9462e-05
6.3463	0.00010928
6.3713	0.00018294
6.3964	0.00024135
6.4214	0.00025135
6.4465	0.00020487
6.4715	0.00011674
6.4965	3.5331e-05
6.5216	5.3688e-06
6.5466	5.1999e-05
6.5716	0.00016567
6.5967	0.0003001
6.6217	0.0004062
6.6467	0.00043214
6.6718	0.00036545
6.6968	0.00023034
6.7218	9.0854e-05
6.7469	1.6893e-05
6.7719	3.584e-05
6.7969	0.00014364
6.822	0.0002824
6.847	0.00038635
6.872	0.00040829
6.8971	0.00033686
6.9221	0.00020858
6.9471	8.2233e-05
6.9722	2.0135e-05
6.9972	2.8199e-05
7.0223	8.5038e-05
7.0473	0.00014476
7.0723	0.00020927
7.0974	0.00036372
7.1224	0.00073801
7.1474	0.0015313
7.1725	0.0029614
7.1975	0.0047967
7.2225	0.0068596
7.2476	0.0088489
7.2726	0.0099994
7.2976	0.010036
7.3227	0.0085175
7.3477	0.0061462
7.3727	0.0034616
7.3978	0.0011545
7.4228	0.00021463
7.4478	0.0007856
7.4729	0.0027587
7.4979	0.005197
7.5229	0.0071304
7.548	0.0077647
7.573	0.006672
7.5981	0.0043569
7.6231	0.0017093
7.6481	0.0001689
7.6732	0.00075709
7.6982	0.0037267
7.7232	0.0082174
7.7483	0.012338
7.7733	0.01451
7.7983	0.013167
7.8234	0.0087838
7.8484	0.0029564
7.8734	0.0001676
7.8985	0.0044904
7.9235	0.02062
7.9485	0.050938
7.9736	0.091789
7.9986	0.14374
8.0236	0.19679
8.0487	0.24015
8.0737	0.26949
8.0987	0.27947
8.1238	0.26695
8.1488	0.23622
8.1739	0.18689
8.1989	0.13627
8.2239	0.086757
8.249	0.045888
8.274	0.01933
8.299	0.0047578
8.3241	0.0004407
8.3491	0.0028512
8.3741	0.007571
8.3992	0.011588
8.4242	0.012714
8.4492	0.011119
8.4743	0.007459
8.4993	0.0038185
8.5243	0.0011197
8.5494	4.6867e-05
8.5744	0.00058854
8.5994	0.0019886
8.6245	0.0035091
8.6495	0.0041963
8.6745	0.0039514
8.6996	0.0028729
8.7246	0.001521
8.7497	0.00044555
8.7747	1.3423e-05
8.7997	0.00041252
8.8248	0.0013836
8.8498	0.002673
8.8748	0.0037096
8.8999	0.004267
8.9249	0.004237
8.9499	0.0037575
8.975	0.0030726
9	0.0023089
