-6.9846	0.0066161
-6.9607	0.0059457
-6.9369	0.0047086
-6.9131	0.0032905
-6.8893	0.0021773
-6.8655	0.0017758
-6.8416	0.0022494
-6.8178	0.0034376
-6.7939	0.0048964
-6.7701	0.0060555
-6.7464	0.0064398
-6.7226	0.0058751
-6.6988	0.0045947
-6.6749	0.0031901
-6.651	0.0024121
-6.6273	0.0028901
-6.6034	0.0048775
-6.5796	0.0081305
-6.5558	0.011979
-6.5319	0.01558
-6.5082	0.018279
-6.4844	0.01995
-6.4605	0.02119
-6.4367	0.023264
-6.4129	0.027788
-6.389	0.036225
-6.3653	0.049353
-6.3415	0.066878
-6.3177	0.087333
-6.2938	0.10828
-6.2699	0.1268
-6.2462	0.14009
-6.2224	0.14614
-6.1986	0.14412
-6.1748	0.1346
-6.1509	0.11932
-6.1271	0.10073
-6.1033	0.081387
-6.0794	0.063417
-6.0556	0.048146
-6.0319	0.036035
-6.008	0.026827
-5.9842	0.019849
-5.9604	0.01434
-5.9366	0.0097034
-5.9127	0.0056417
-5.8889	0.0021396
-5.8651	-0.00064688
-5.8412	-0.0025407
-5.8175	-0.0034686
-5.7937	-0.0035187
-5.7698	-0.0029249
-5.746	-0.0019973
-5.7222	-0.001035
-5.6983	-0.00025471
-5.6745	0.00024272
-5.6507	0.00046244
-5.627	0.00047656
-5.6031	0.00037715
-5.5793	0.00024171
-5.5555	0.00011972
-5.5316	3.7215e-05
-5.5078	8.6686e-06
-5.4841	4.5579e-05
-5.4602	0.00015617
-5.4364	0.0003377
-5.4126	0.000568
-5.3887	0.00080405
-5.365	0.00099146
-5.3411	0.0010822
-5.3172	0.0010528
-5.2934	0.0009143
-5.2697	0.00070864
-5.2458	0.00049362
-5.2221	0.00032158
-5.1982	0.00022141
-5.1744	0.00019083
-5.1505	0.00020195
-5.1267	0.00021681
-5.103	0.00020537
-5.0792	0.00015759
-5.0553	8.4839e-05
-5.0315	1.1764e-05
-5.0076	-3.6448e-05
-4.9839	-4.4783e-05
-4.9601	-1.2636e-05
-4.9362	4.9187e-05
-4.9123	0.00012576
-4.8886	0.00020483
-4.8647	0.00027931
-4.841	0.0003449
-4.8171	0.00039592
-4.7933	0.00042364
-4.7694	0.00041953
-4.7456	0.0003825
-4.7219	0.00032568
-4.6981	0.00027705
-4.6743	0.000271
-4.6504	0.00033235
-4.6265	0.00046028
-4.6028	0.00062176
-4.579	0.00076102
-4.5551	0.00082371
-4.5313	0.000786
-4.5075	0.0006748
-4.4836	0.0005669
-4.4599	0.0005631
-4.436	0.00074384
-4.4123	0.0011242
-4.3884	0.0016307
-4.3645	0.0021159
-4.3408	0.0024119
-4.317	0.0024012
-4.2932	0.002076
-4.2694	0.0015563
-4.2454	0.0010555
-4.2217	0.00080216
-4.1979	0.00094482
-4.174	0.0014786
-4.1503	0.0022302
-4.1264	0.0029172
-4.1025	0.0032623
-4.0788	0.0031161
-4.0549	0.0025308
-4.0312	0.0017504
-4.0074	0.0011156
-3.9835	0.00092218
-3.9596	0.0012872
-3.9359	0.0020836
-3.9121	0.0029795
-3.8883	0.0035792
-3.8644	0.0036097
-3.8405	0.0030659
-3.8168	0.0022407
-3.793	0.0016177
-3.7691	0.0016675
-3.7454	0.0026358
-3.7215	0.0044158
-3.6977	0.0065744
-3.6738	0.0085433
-3.65	0.009911
-3.6263	0.010683
-3.6025	0.011367
-3.5786	0.012804
-3.5548	0.015794
-3.531	0.020654
-3.5072	0.0269
-3.4833	0.03322
-3.4595	0.037796
-3.4357	0.038952
-3.4119	0.035902
-3.388	0.029279
-3.3643	0.021157
-3.3405	0.014435
-3.3166	0.011816
-3.2927	0.014744
-3.2689	0.022719
-3.2452	0.033269
-3.2214	0.042675
-3.1976	0.047323
-3.1737	0.045285
-3.1499	0.037481
-3.1261	0.027821
-3.1022	0.022099
-3.0784	0.025989
-3.0547	0.042953
-3.0308	0.072825
-3.0069	0.11166
-2.9832	0.15309
-2.9594	0.19101
-2.9356	0.22306
-2.9117	0.25338
-2.8878	0.29349
-2.8641	0.36032
-2.8403	0.47182
-2.8165	0.64151
-2.7927	0.87307
-2.7688	1.1563
-2.745	1.4655
-2.7211	1.7618
-2.6973	2.0007
-2.6736	2.1434
-2.6498	2.1677
-2.6258	2.0734
-2.6021	1.8802
-2.5783	1.6211
-2.5545	1.333
-2.5307	1.0506
-2.5069	0.80155
-2.483	0.60342
-2.4592	0.46169
-2.4353	0.37004
-2.4116	0.31351
-2.3878	0.27449
-2.3639	0.23857
-2.34	0.19789
-2.3163	0.15174
-2.2925	0.10496
-2.2687	0.06504
-2.2449	0.03816
-2.221	0.026548
-2.1972	0.02794
-2.1734	0.036816
-2.1496	0.046684
-2.1258	0.052263
-2.1019	0.050876
-2.0781	0.042892
-2.0542	0.031285
-2.0305	0.020347
-2.0067	0.013864
-1.9829	0.013592
-1.959	0.018851
-1.9351	0.027313
-1.9114	0.036227
-1.8875	0.043025
-1.8638	0.045005
-1.8399	0.040144
-1.8161	0.031556
-1.7922	0.031072
-1.7685	0.037227
-1.7446	0.0041324
-1.7208	0.012042
-1.697	0.012288
-1.6732	0.0095973
-1.6493	0.060778
-1.6256	0.0065395
-1.6018	0.0097987
-1.578	0.001838
-1.5541	0.002286
-1.5303	0.0005741
-1.5064	0.00017515
-1.4827	0.00017025
-1.4588	0.00015046
-1.435	0.00013451
-1.4111	0.00011265
-1.3874	8.7252e-05
-1.3635	6.2955e-05
-1.3397	4.3832e-05
-1.3159	3.2631e-05
-1.2921	3.1183e-05
-1.2682	4.2638e-05
-1.2445	8.3798e-05
-1.2206	0.00053587
-1.1968	0.0046895
-1.173	0.0010332
-1.1492	0.00087827
-1.1253	0.009693
-1.1016	0.0084627
-1.0777	0.015335
-1.0539	0.0027631
-1.0301	0.00063318
-1.0063	7.5985e-05
-0.98247	0.0007025
-0.95866	0.00048822
-0.93484	9.3166e-05
-0.91102	3.1788e-05
-0.88721	3.9698e-05
-0.86338	3.6432e-05
-0.83957	0.0005261
-0.81576	6.2129e-05
-0.79193	0.00012376
-0.76811	6.9003e-05
-0.7443	2.7992e-05
-0.72048	0.000126
-0.69667	8.2782e-05
-0.67285	4.9351e-05
-0.64903	4.6605e-05
-0.62522	5.3072e-05
-0.60139	0.00018611
-0.57757	4.0211e-05
-0.55376	6.0418e-05
-0.52994	3.4757e-05
-0.50612	3.226e-05
-0.48231	9.211e-05
-0.45849	7.9111e-05
-0.43467	0.00015951
-0.41086	0.00087682
-0.38704	8.17e-05
-0.36322	0.00038697
-0.33941	5.0802e-05
-0.31559	1.8365e-05
-0.29176	6.1018e-05
-0.26794	1.3818e-05
-0.24413	5.4913e-05
-0.22032	0.0014439
-0.19649	5.8772e-05
-0.17267	4.8454e-05
-0.14886	6.3485e-05
-0.12505	0.00017443
-0.10123	0.00040139
-0.077408	5.3462e-05
-0.053589	5.5937e-05
-0.029772	6.7732e-05
-0.0059545	8.447e-05
0.017863	9.7282e-05
0.04168	0.00011395
0.065499	0.00012534
0.089316	0.00013465
0.11314	0.0002215
0.13695	9.9498e-05
0.16076	7.0309e-05
0.18458	5.1735e-05
0.2084	9.3624e-05
0.23223	0.0010016
0.25604	7.8247e-05
0.27985	0.00013325
0.30368	0.0017973
0.32749	0.00012719
0.35131	0.00015242
0.37512	9.6475e-05
0.39894	0.00081245
0.42277	0.00014406
0.44658	0.00089165
0.4704	0.00059065
0.49422	0.0012044
0.51804	0.0012358
0.54186	0.001552
0.56567	0.00048446
0.58949	0.00047721
0.6133	0.0022243
0.63712	0.0016875
0.66094	0.002227
0.68476	0.0031198
0.70857	0.0065932
0.7324	0.0086972
0.75621	0.0023074
0.78002	0.0030062
0.80385	0.0042068
0.82767	0.013064
0.85148	0.0051866
0.8753	0.0058262
0.89912	0.032766
0.92294	0.023106
0.94676	0.025001
0.97056	0.051698
0.99436	0.0078588
1.0182	0.025432
1.0421	0.013916
1.0659	0.010386
1.0897	0.0066849
1.1134	0.012942
1.1373	0.0045246
1.1612	0.02662
1.185	0.20194
1.2087	0.019242
1.2326	0.0013295
1.2563	0.00047895
1.2802	0.00026266
1.3041	0.00019657
1.3279	0.00018361
1.3516	0.00019223
1.3755	0.00021045
1.3992	0.0002351
1.4231	0.00027181
1.447	0.00037626
1.4708	0.0008603
1.4945	0.0031417
1.5184	0.014491
1.5421	0.0030821
1.566	0.017972
1.5899	0.0060239
1.6137	0.018981
1.6374	0.015891
1.6613	0.021537
1.6851	0.056263
1.709	0.0054771
1.7327	0.0050741
1.7566	0.041785
1.7803	0.019266
1.8042	0.015436
1.828	0.014557
1.8518	0.011522
1.8756	0.0084385
1.8995	0.0060775
1.9232	0.0044445
1.9471	0.0034017
1.971	0.0027824
1.9948	0.0024199
2.0185	0.0021706
2.0423	0.0019266
2.0661	0.0016276
2.09	0.0012745
2.1138	0.00092854
2.1376	0.00068636
2.1615	0.0006427
2.1852	0.00085352
2.209	0.0013043
2.2329	0.0018918
2.2568	0.0024394
2.2805	0.0027594
2.3043	0.002738
2.3281	0.002391
2.3519	0.0018599
2.3758	0.0013595
2.3996	0.0011025
2.4234	0.0012197
2.4472	0.0016953
2.471	0.0023539
2.4949	0.0029245
2.5187	0.0031664
2.5426	0.0029822
2.5663	0.0024731
2.5901	0.0019074
2.6139	0.0016205
2.6378	0.0018797
2.6616	0.0027558
2.6854	0.0040586
2.7092	0.005382
2.7331	0.0062587
2.7569	0.0063571
2.7807	0.0056276
2.8045	0.0043316
2.8283	0.0029496
2.8521	0.0020064
2.876	0.0018715
2.8998	0.0026031
2.9237	0.0039057
2.9474	0.0052374
2.9712	0.0060348
2.995	0.0059554
3.0188	0.0050223
3.0427	0.0036101
3.0665	0.0022893
3.0903	0.0015924
3.1142	0.0017927
3.138	0.0027802
3.1618	0.0040971
3.1856	0.0051341
3.2094	0.0054096
3.2332	0.0047983
3.2571	0.0035995
3.2809	0.0024148
3.3047	0.0018928
3.3285	0.0024499
3.3523	0.0040815
3.3761	0.0063487
3.3999	0.0085685
3.4238	0.010141
3.4476	0.010868
3.4714	0.011101
3.4953	0.011622
3.5191	0.013302
3.5429	0.016662
3.5667	0.021527
3.5905	0.026934
3.6143	0.031358
3.6381	0.033248
3.662	0.031666
3.6858	0.026786
3.7096	0.01997
3.7334	0.013377
3.7572	0.0092154
3.781	0.0089303
3.8049	0.012623
3.8287	0.018928
3.8525	0.025425
3.8764	0.029525
3.9002	0.029508
3.924	0.02534
3.9478	0.018872
3.9715	0.013285
3.9954	0.011975
4.0192	0.017286
4.0431	0.029587
4.0669	0.047034
4.0906	0.066189
4.1144	0.083379
4.1383	0.096398
4.1621	0.10591
4.186	0.116
4.2097	0.1334
4.2335	0.16569
4.2574	0.21887
4.2812	0.29503
4.305	0.39087
4.3289	0.4974
4.3526	0.60124
4.3765	0.6872
4.4003	0.74176
4.4242	0.75627
4.448	0.72899
4.4717	0.66523
4.4955	0.57569
4.5193	0.47377
4.5432	0.37256
4.5671	0.28247
4.5908	0.20971
4.6146	0.15601
4.6385	0.1193
4.6623	0.09517
4.6861	0.078535
4.71	0.065172
4.7337	0.052552
4.7576	0.039961
4.7813	0.028026
4.8053	0.017936
4.8291	0.010709
4.8528	0.0067008
4.8766	0.005479
4.9004	0.0060244
4.9242	0.0071257
4.9482	0.0077893
4.9719	0.0075065
4.9957	0.0063017
5.0196	0.0045861
5.0433	0.002911
5.0672	0.0017295
5.0911	0.0012465
5.1148	0.0013905
5.1387	0.0018915
5.1624	0.0024168
5.1862	0.0027034
5.2102	0.0026376
5.2339	0.0022614
5.2577	0.0017196
5.2815	0.001181
5.3053	0.00077094
5.3292	0.00053763
5.353	0.00045559
5.3769	0.00045633
5.4007	0.00046757
5.4244	0.00044345
5.4482	0.00037575
5.4721	0.00028601
5.4959	0.00020686
5.5198	0.00016356
5.5435	0.00016374
5.5674	0.00019759
5.5912	0.00024551
5.6151	0.00028783
5.6389	0.00031197
5.6626	0.00031445
5.6864	0.00029867
5.7103	0.00027073
5.734	0.00023602
5.7579	0.00019819
5.7818	0.00015985
5.8055	0.00012392
5.8294	9.4029e-05
5.8531	7.352e-05
5.877	6.3878e-05
5.9009	6.3587e-05
5.9246	6.8463e-05
5.9484	7.3448e-05
5.9723	7.4896e-05
5.996	7.2056e-05
6.0199	6.6908e-05
6.0437	6.2576e-05
6.0675	6.1387e-05
6.0914	6.384e-05
6.1151	6.9136e-05
6.1389	7.6867e-05
6.1629	8.8575e-05
6.1866	0.00010777
6.2104	0.00013783
6.2342	0.00017866
6.258	0.00022412
6.2819	0.00026226
6.3057	0.0002793
6.3296	0.00026618
6.3534	0.00022471
6.3771	0.00017012
6.4009	0.00012732
6.4248	0.0001215
6.4486	0.00016632
6.4725	0.00025535
6.4962	0.00036154
6.5201	0.00044636
6.5438	0.00047555
6.5677	0.00043488
6.5916	0.00033875
6.6153	0.00022677
6.6391	0.00014838
6.663	0.00014134
6.6868	0.00021325
6.7106	0.00033564
6.7345	0.00045483
6.7582	0.00051631
6.782	0.00049189
6.8058	0.00039696
6.8297	0.00028848
6.8536	0.00024309
6.8773	0.00032346
6.9011	0.00054774
6.9249	0.00087767
6.9487	0.0012339
6.9726	0.0015353
6.9964	0.0017446
7.0202	0.0018994
7.0441	0.0021081
7.0678	0.0025063
7.0917	0.0031888
7.1156	0.0041429
7.1393	0.0052162
7.1631	0.006141
7.1869	0.0066188
7.2107	0.0064385
7.2346	0.0055838
7.2584	0.0042792
7.2823	0.0029437
7.306	0.0020583
7.3298	0.0019891
7.3537	0.002832
7.3775	0.0043424
7.4013	0.0059922
7.4252	0.007149
7.4489	0.0073264
7.4728	0.0064141
7.4966	0.0047883
7.5204	0.0032422
7.5442	0.002741
7.568	0.0040841
7.5918	0.0075983
7.6157	0.012991
7.6395	0.019444
7.6633	0.025949
7.6871	0.031803
7.7109	0.037084
7.7348	0.042927
7.7585	0.051434
7.7824	0.065183
7.8063	0.086451
7.83	0.11634
7.8538	0.15412
7.8777	0.1969
7.9015	0.23994
7.9253	0.27742
7.9491	0.30367
7.9729	0.31441
7.9968	0.30782
8.0206	0.285
8.0444	0.24965
8.0682	0.20722
8.0921	0.16366
8.1159	0.12411
8.1396	0.092033
8.1635	0.068759
8.1874	0.053629
8.2111	0.044576
8.2349	0.038961
8.2587	0.034405
8.2826	0.029384
8.3064	0.023448
8.3302	0.017062
8.3541	0.011178
8.3779	0.0067425
8.4017	0.0042948
8.4254	0.0037876
8.4493	0.0046416
8.4732	0.0059891
8.497	0.0069949
8.5207	0.0071304
8.5446	0.0063085
8.5684	0.0048452
8.5922	0.0032835
8.616	0.0021632
8.6399	0.0018233
8.6637	0.0023028
8.6875	0.0033597
8.7113	0.0045842
8.7352	0.0055573
8.759	0.0059908
8.7828	0.0058042
8.8065	0.0051159
8.8304	0.0041681
8.8542	0.0032204
8.878	0.0024599
8.9018	0.0019554
8.9257	0.0016654
8.9494	0.0014857
8.9733	0.0013102
