-7.5	0
-7.4687	0
-7.4374	0
-7.4061	0
-7.3747	2.5886e-09
-7.3434	5.6556e-08
-7.3121	9.2186e-07
-7.2808	4.3771e-05
-7.2495	0.00017416
-7.2182	0.00028273
-7.1868	0.00050536
-7.1555	0.00080466
-7.1242	0.0012267
-7.0929	0.004338
-7.0616	0.004424
-7.0303	0.0022812
-6.999	0.00048279
-6.9676	8.3875e-05
-6.9363	0.0013511
-6.905	0.0038619
-6.8737	0.0056213
-6.8424	0.005468
-6.8111	0.0034368
-6.7797	0.00095568
-6.7484	5.6333e-05
-6.7171	0.0020208
-6.6858	0.0063178
-6.6545	0.010603
-6.6232	0.01202
-6.5919	0.0091546
-6.5605	0.0036209
-6.5292	0.00011516
-6.4979	0.0046996
-6.4666	0.021877
-6.4353	0.051954
-6.404	0.089959
-6.3727	0.12703
-6.3413	0.15341
-6.31	0.16189
-6.2787	0.15071
-6.2474	0.12371
-6.2161	0.088674
-6.1848	0.054303
-6.1534	0.027142
-6.1221	0.0099818
-6.0908	0.0020535
-6.0595	0.00035394
-6.0282	0.0014423
-5.9969	0.0027586
-5.9656	0.003147
-5.9342	0.002599
-5.9029	0.0016486
-5.8716	0.00080208
-5.8403	0.00029174
-5.809	0.00010137
-5.7777	0.00010852
-5.7463	0.0001981
-5.715	0.00029143
-5.6837	0.0003335
-5.6524	0.0002899
-5.6211	0.00017157
-5.5898	5.1472e-05
-5.5585	4.0465e-05
-5.5271	0.00021811
-5.4958	0.00056539
-5.4645	0.00095384
-5.4332	0.0012099
-5.4019	0.0012166
-5.3706	0.00097702
-5.3392	0.00061096
-5.3079	0.00027564
-5.2766	7.7517e-05
-5.2453	2.5743e-05
-5.214	5.3984e-05
-5.1827	8.2475e-05
-5.1514	7.2285e-05
-5.12	3.6471e-05
-5.0887	1.1793e-05
-5.0574	2.3342e-05
-5.0261	7.1272e-05
-4.9948	0.00014234
-4.9635	0.00022626
-4.9322	0.00031615
-4.9008	0.00039463
-4.8695	0.00042766
-4.8382	0.00038388
-4.8069	0.00027123
-4.7756	0.00015675
-4.7443	0.00013607
-4.7129	0.00026229
-4.6816	0.00048282
-4.6503	0.00065105
-4.619	0.00062609
-4.5877	0.000403
-4.5564	0.00016493
-4.5251	0.00019681
-4.4937	0.00068223
-4.4624	0.0015222
-4.4311	0.0023205
-4.3998	0.0026
-4.3685	0.0021326
-4.3372	0.0011484
-4.3058	0.00025638
-4.2745	8.3787e-05
-4.2432	0.00084919
-4.2119	0.0021548
-4.1806	0.003193
-4.1493	0.003274
-4.118	0.0023261
-4.0866	0.00098415
-4.0553	0.00018516
-4.024	0.00052354
-3.9927	0.0017954
-3.9614	0.0030949
-3.9301	0.0034521
-3.8987	0.0025742
-3.8674	0.0011145
-3.8361	0.00022057
-3.8048	0.00066037
-3.7735	0.002202
-3.7422	0.0037727
-3.7109	0.0044446
-3.6795	0.0045473
-3.6482	0.0059391
-3.6169	0.010918
-3.5856	0.020293
-3.5543	0.031904
-3.523	0.040906
-3.4916	0.042089
-3.4603	0.033427
-3.429	0.018299
-3.3977	0.0045383
-3.3664	0.00024539
-3.3351	0.0085453
-3.3038	0.024932
-3.2724	0.039055
-3.2411	0.040871
-3.2098	0.027953
-3.1785	0.0090572
-3.1472	5.5556e-05
-3.1159	0.013899
-3.0846	0.050225
-3.0532	0.091876
-3.0219	0.11224
-2.9906	0.092422
-2.9593	0.040556
-2.928	0.00082254
-2.8967	0.042755
-2.8653	0.23301
-2.834	0.60208
-2.8027	1.1197
-2.7714	1.6885
-2.7401	2.1659
-2.7088	2.4156
-2.6775	2.366
-2.6461	2.0366
-2.6148	1.5256
-2.5835	0.96569
-2.5522	0.48241
-2.5209	0.1592
-2.4896	0.015806
-2.4582	0.010012
-2.4269	0.066601
-2.3956	0.1181
-2.3643	0.12875
-2.333	0.097915
-2.3017	0.049085
-2.2704	0.011176
-2.239	0.00034626
-2.2077	0.013196
-2.1764	0.033821
-2.1451	0.046196
-2.1138	0.042222
-2.0825	0.025718
-2.0511	0.0078841
-2.0198	0.00056512
-1.9885	0.0075012
-1.9572	0.020864
-1.9259	0.039179
-1.8946	0.04487
-1.8633	0.063898
-1.8319	0.049291
-1.8006	0.028297
-1.7693	0.0041334
-1.738	0.003558
-1.7067	0.0044833
-1.6754	0.0011054
-1.6441	0.0027939
-1.6127	0.005371
-1.5814	0.00047049
-1.5501	0.00058047
-1.5188	0.0014268
-1.4875	0.00126
-1.4562	0.00075128
-1.4248	0.00030793
-1.3935	0.0010329
-1.3622	0.00024019
-1.3309	1.2121e-05
-1.2996	1.5426e-06
-1.2683	1.287e-05
-1.237	3.3175e-05
-1.2056	6.3476e-05
-1.1743	0.00013877
-1.143	0.00082083
-1.1117	0.025515
-1.0804	0.0039648
-1.0491	0.0017059
-1.0177	0.00091463
-0.98643	5.0769e-05
-0.95511	3.4428e-05
-0.9238	0.00013425
-0.89248	0.00011545
-0.86117	7.9053e-05
-0.82985	0.00028636
-0.79854	7.6707e-05
-0.76722	4.4026e-05
-0.73591	3.8781e-05
-0.70459	3.103e-05
-0.67328	2.4791e-05
-0.64196	0.00016621
-0.61065	0.00015824
-0.57933	3.0137e-05
-0.54802	7.3628e-05
-0.5167	0.00023849
-0.48539	2.2824e-06
-0.45407	1.1865e-05
-0.42276	5.6725e-05
-0.39144	0.0024296
-0.36013	3.3021e-05
-0.32881	4.6914e-05
-0.29749	0.00017775
-0.26618	1.5245e-05
-0.23486	4.2e-06
-0.20355	1.2965e-05
-0.17223	2.428e-05
-0.14092	2.9059e-05
-0.1096	2.9175e-05
-0.078288	0.00013894
-0.046973	4.2141e-05
-0.015658	6.6128e-05
0.015658	0.00015328
0.046973	0.00069329
0.078288	0.00017825
0.1096	0.00011794
0.14092	8.2083e-05
0.17223	7.0716e-05
0.20355	3.147e-05
0.23486	0.0016443
0.26618	0.00018336
0.29749	0.00024326
0.32881	0.00085945
0.36013	0.0012005
0.39144	0.0010597
0.42276	0.00022702
0.45407	0.0025453
0.48539	0.00084797
0.5167	0.00094396
0.54802	0.0049762
0.57933	0.0061925
0.61065	0.00081644
0.64196	0.00011297
0.67328	0.00070399
0.70459	0.023993
0.73591	0.0015996
0.76722	0.0018065
0.79854	0.028998
0.82985	0.0055842
0.86117	0.023101
0.89248	0.011837
0.9238	0.0087609
0.95511	0.011587
0.98643	0.014841
1.0177	0.0042918
1.0491	0.0035603
1.0804	0.0042593
1.1117	0.0016455
1.143	0.0033917
1.1743	0.018955
1.2056	0.014787
1.237	0.0038278
1.2683	0.0077088
1.2996	0.0011523
1.3309	0.0019255
1.3622	0.0044278
1.3935	0.058285
1.4248	0.002587
1.4562	0.0091579
1.4875	0.0027468
1.5188	0.0010421
1.5501	0.0011606
1.5814	0.0056183
1.6127	0.0061315
1.6441	0.0046587
1.6754	0.0089422
1.7067	0.061391
1.738	0.012565
1.7693	0.016183
1.8006	0.033008
1.8319	0.020581
1.8633	0.012098
1.8946	0.0059861
1.9259	0.0028097
1.9572	0.00084456
1.9885	0.00027436
2.0198	0.00043186
2.0511	0.00077249
2.0825	0.00092368
2.1138	0.00072935
2.1451	0.00034687
2.1764	9.4229e-05
2.2077	0.00027841
2.239	0.0010085
2.2704	0.0020583
2.3017	0.0029137
2.333	0.0030821
2.3643	0.0024637
2.3956	0.0014407
2.4269	0.00065887
2.4582	0.00063724
2.4896	0.0014023
2.5209	0.0023998
2.5522	0.0028563
2.5835	0.0023769
2.6148	0.0012866
2.6461	0.00049019
2.6775	0.00089346
2.7088	0.002734
2.7401	0.0052536
2.7714	0.0070673
2.8027	0.0070437
2.834	0.0051148
2.8653	0.0023736
2.8967	0.00045314
2.928	0.00052933
2.9593	0.0025295
2.9906	0.0051209
3.0219	0.0065789
3.0532	0.005951
3.0846	0.0036871
3.1159	0.0013161
3.1472	0.00040207
3.1785	0.0014794
3.2098	0.0036662
3.2411	0.0052995
3.2724	0.0051413
3.3038	0.0033023
3.3351	0.0011449
3.3664	0.00026865
3.3977	0.0013175
3.429	0.0035072
3.4603	0.0052764
3.4916	0.0057214
3.523	0.0056514
3.5543	0.0073434
3.5856	0.012906
3.6169	0.022316
3.6482	0.032525
3.6795	0.038621
3.7109	0.036628
3.7422	0.026414
3.7735	0.012561
3.8048	0.0021544
3.8361	0.00074116
3.8674	0.0087411
3.8987	0.020827
3.9301	0.028816
3.9614	0.026903
3.9927	0.015955
4.024	0.0037636
4.0553	0.00050275
4.0866	0.011859
4.118	0.034161
4.1493	0.055033
4.1806	0.060196
4.2119	0.043539
4.2432	0.014985
4.2745	0.00019374
4.3058	0.030974
4.3372	0.13027
4.3685	0.29873
4.3998	0.50933
4.4311	0.71306
4.4624	0.85571
4.4937	0.89719
4.5251	0.82861
4.5564	0.67209
4.5877	0.4721
4.619	0.27817
4.6503	0.12797
4.6816	0.037971
4.7129	0.0030205
4.7443	0.0036076
4.7756	0.017031
4.8069	0.026774
4.8382	0.02645
4.8695	0.018276
4.9008	0.0083317
4.9322	0.0017899
4.9635	0.0003498
4.9948	0.002407
5.0261	0.0050019
5.0574	0.0059247
5.0887	0.0047519
5.12	0.0025394
5.1514	0.00074829
5.1827	0.00024337
5.214	0.0009258
5.2453	0.0020287
5.2766	0.0027356
5.3079	0.0026623
5.3392	0.0019538
5.3706	0.0010531
5.4019	0.00036466
5.4332	5.0853e-05
5.4645	3.0774e-05
5.4958	0.00011841
5.5271	0.0001704
5.5585	0.00015253
5.5898	0.00011184
5.6211	0.00010714
5.6524	0.00015896
5.6837	0.00024378
5.715	0.00031988
5.7463	0.00035546
5.7777	0.00034098
5.809	0.00028499
5.8403	0.0002059
5.8716	0.0001236
5.9029	5.7197e-05
5.9342	2.0121e-05
5.9656	1.5215e-05
5.9969	3.2453e-05
6.0282	5.4094e-05
6.0595	6.5033e-05
6.0908	6.0853e-05
6.1221	4.7514e-05
6.1534	3.4102e-05
6.1848	2.6245e-05
6.2161	2.6398e-05
6.2474	3.9405e-05
6.2787	7.4823e-05
6.31	0.00013897
6.3413	0.00022149
6.3727	0.00028901
6.404	0.00029964
6.4353	0.00023308
6.4666	0.00011682
6.4979	2.3626e-05
6.5292	3.0366e-05
6.5605	0.00016218
6.5919	0.00036147
6.6232	0.00051361
6.6545	0.0005189
6.6858	0.00036679
6.7171	0.00015358
6.7484	2.5079e-05
6.7797	7.503e-05
6.8111	0.00027238
6.8424	0.00047564
6.8737	0.00053324
6.905	0.00040009
6.9363	0.00017859
6.9676	4.6057e-05
6.999	0.00011558
7.0303	0.000343
7.0616	0.00056615
7.0929	0.00067349
7.1242	0.00077211
7.1555	0.0011999
7.1868	0.0023121
7.2182	0.0041494
7.2495	0.0062219
7.2808	0.0076297
7.3121	0.0075201
7.3434	0.0056977
7.3747	0.0029157
7.4061	0.00060993
7.4374	0.00011505
7.4687	0.0017899
7.5	0.0046547
