-8.9852	0.0010624
-8.9613	0.001193
-8.9375	0.0010836
-8.9138	0.00078289
-8.8899	0.00042479
-8.8661	0.00016428
-8.8422	0.00010561
-8.8185	0.00025624
-8.7946	0.00052772
-8.7708	0.0007814
-8.747	0.00089547
-8.7233	0.0008206
-8.6993	0.00059888
-8.6756	0.00033896
-8.6517	0.00016135
-8.628	0.00014157
-8.6041	0.00027925
-8.5803	0.00050756
-8.5564	0.00073581
-8.5327	0.00090031
-8.5088	0.00099504
-8.4851	0.0010661
-8.4612	0.0011754
-8.4374	0.0013571
-8.4136	0.0015954
-8.3897	0.0018412
-8.3659	0.0020629
-8.3422	0.0023013
-8.3183	0.0026922
-8.2944	0.0034274
-8.2706	0.0046598
-8.2469	0.0063907
-8.2231	0.0083953
-8.1992	0.010238
-8.1754	0.011387
-8.1516	0.011412
-8.1277	0.010169
-8.1039	0.0079117
-8.0801	0.0052475
-8.0564	0.0029424
-8.0324	0.0016409
-8.0086	0.0016159
-7.9848	0.0026555
-7.9611	0.0041438
-7.9373	0.0053072
-7.9135	0.0055319
-7.8896	0.0046231
-7.8658	0.0028913
-7.842	0.001021
-7.8182	-0.00023148
-7.7943	-0.00037996
-7.7705	0.00056476
-7.7466	0.0020934
-7.7228	0.0034298
-7.6991	0.0038991
-7.6753	0.0032736
-7.6515	0.0019377
-7.6276	0.00078346
-7.6037	0.00085444
-7.58	0.0028724
-7.5561	0.006851
-7.5323	0.011985
-7.5086	0.016899
-7.4846	0.02018
-7.4609	0.021009
-7.4371	0.019624
-7.4132	0.017436
-7.3895	0.016694
-7.3656	0.019781
-7.3417	0.02835
-7.318	0.042614
-7.2941	0.061061
-7.2704	0.080723
-7.2466	0.097933
-7.2226	0.10931
-7.1989	0.11267
-7.1751	0.10757
-7.1512	0.095343
-7.1275	0.078668
-7.1037	0.060791
-7.0798	0.044648
-7.056	0.03218
-7.0321	0.024021
-7.0084	0.01961
-6.9846	0.017642
-6.9607	0.016632
-6.9369	0.01541
-6.9131	0.013395
-6.8893	0.010605
-6.8655	0.0074745
-6.8416	0.0045732
-6.8178	0.0023525
-6.7939	0.0010014
-6.7701	0.00043882
-6.7464	0.00040644
-6.7226	0.00060123
-6.6988	0.0007846
-6.6749	0.00083486
-6.651	0.00074123
-6.6273	0.00056082
-6.6034	0.00036736
-6.5796	0.00021437
-6.5558	0.00012191
-6.5319	8.2708e-05
-6.5082	7.7004e-05
-6.4844	8.5604e-05
-6.4605	9.6413e-05
-6.4367	0.00010488
-6.4129	0.00011149
-6.389	0.00011897
-6.3653	0.00013004
-6.3415	0.00014557
-6.3177	0.00016323
-6.2938	0.00017758
-6.2699	0.00018288
-6.2462	0.00017847
-6.2224	0.00017398
-6.1986	0.00019053
-6.1748	0.00025461
-6.1509	0.00038526
-6.1271	0.0005793
-6.1033	0.00080294
-6.0794	0.00099652
-6.0556	0.0010943
-6.0319	0.0010525
-6.008	0.00087277
-5.9842	0.0006085
-5.9604	0.0003482
-5.9366	0.00018153
-5.9127	0.00016197
-5.8889	0.0002829
-5.8651	0.00047908
-5.8412	0.0006545
-5.8175	0.00072531
-5.7937	0.00065781
-5.7698	0.00048292
-5.746	0.00027963
-5.7222	0.00013581
-5.6983	0.00010621
-5.6745	0.00018815
-5.6507	0.00032628
-5.627	0.0004432
-5.6031	0.00047994
-5.5793	0.00042554
-5.5555	0.00032003
-5.5316	0.0002296
-5.5078	0.00020826
-5.4841	0.00026826
-5.4602	0.0003761
-5.4364	0.00047581
-5.4126	0.00052547
-5.3887	0.00052478
-5.365	0.00051637
-5.3411	0.0005576
-5.3172	0.00067857
-5.2934	0.00085334
-5.2697	0.0010073
-5.2458	0.0010642
-5.2221	0.0010097
-5.1982	0.0009356
-5.1744	0.0010292
-5.1505	0.0015012
-5.1267	0.0024734
-5.103	0.0038769
-5.0792	0.0054193
-5.0553	0.0066558
-5.0315	0.0071525
-5.0076	0.0066755
-4.9839	0.0053207
-4.9601	0.003512
-4.9362	0.0018597
-4.9123	0.00092769
-4.8886	0.0010028
-4.8647	0.001966
-4.841	0.0033309
-4.8171	0.0044457
-4.7933	0.0047798
-4.7694	0.0041636
-4.7456	0.002866
-4.7219	0.0014702
-4.6981	0.00060553
-4.6743	0.00065948
-4.6504	0.0015993
-4.6265	0.0029846
-4.6028	0.0041691
-4.579	0.0046029
-4.5551	0.0040945
-4.5313	0.002901
-4.5075	0.0016013
-4.4836	0.0008199
-4.4599	0.00094241
-4.436	0.0019623
-4.4123	0.0035251
-4.3884	0.0051357
-4.3645	0.0064181
-4.3408	0.0072909
-4.317	0.0079667
-4.2932	0.0087843
-4.2694	0.0099872
-4.2454	0.011607
-4.2217	0.013541
-4.1979	0.015807
-4.174	0.018794
-4.1503	0.023336
-4.1264	0.030445
-4.1025	0.040731
-4.0788	0.053726
-4.0549	0.067502
-4.0312	0.078896
-4.0074	0.084421
-3.9835	0.081586
-3.9596	0.07009
-3.9359	0.052379
-3.9121	0.033202
-3.8883	0.018175
-3.8644	0.011744
-3.8405	0.015308
-3.8168	0.026398
-3.793	0.039465
-3.7691	0.048133
-3.7454	0.047968
-3.7215	0.038553
-3.6977	0.023913
-3.6738	0.011018
-3.65	0.0068138
-3.6263	0.014906
-3.6025	0.033365
-3.5786	0.054943
-3.5548	0.070015
-3.531	0.071177
-3.5072	0.0574
-3.4833	0.035759
-3.4595	0.019706
-3.4357	0.024282
-3.4119	0.059754
-3.388	0.12607
-3.3643	0.21079
-3.3405	0.29244
-3.3166	0.34882
-3.2927	0.36743
-3.2689	0.35343
-3.2452	0.33162
-3.2214	0.34132
-3.1976	0.42503
-3.1737	0.6138
-3.1499	0.91336
-3.1261	1.2962
-3.1022	1.7042
-3.0784	2.0627
-3.0547	2.3016
-3.0308	2.3746
-3.0069	2.2707
-2.9832	2.0148
-2.9594	1.6598
-2.9356	1.2729
-2.9117	0.91953
-2.8878	0.64765
-2.8641	0.4775
-2.8403	0.39982
-2.8165	0.38365
-2.7927	0.39002
-2.7688	0.3856
-2.745	0.35171
-2.7211	0.28698
-2.6973	0.20412
-2.6736	0.12268
-2.6498	0.060281
-2.6258	0.026035
-2.6021	0.018419
-2.5783	0.027945
-2.5545	0.042355
-2.5307	0.051555
-2.5069	0.050576
-2.483	0.04012
-2.4592	0.025015
-2.4353	0.011419
-2.4116	0.0037961
-2.3878	0.0032063
-2.3639	0.0075755
-2.34	0.013318
-2.3163	0.017164
-2.2925	0.017401
-2.2687	0.014276
-2.2449	0.0096115
-2.221	0.0056746
-2.1972	0.003954
-2.1734	0.0046335
-2.1496	0.0068736
-2.1258	0.0095186
-2.1019	0.011757
-2.0781	0.013462
-2.0542	0.015102
-2.0305	0.017265
-2.0067	0.020042
-1.9829	0.022775
-1.959	0.02442
-1.9351	0.024241
-1.9114	0.022117
-1.8875	0.01819
-1.8638	0.01277
-1.8399	0.0076738
-1.8161	0.0071572
-1.7922	0.0065071
-1.7685	0.0034901
-1.7446	0.0083143
-1.7208	0.0044594
-1.697	0.019813
-1.6732	0.023496
-1.6493	0.0056836
-1.6256	0.0026792
-1.6018	0.0033899
-1.578	0.0013479
-1.5541	0.00068508
-1.5303	0.00063818
-1.5064	0.00044589
-1.4827	0.00030516
-1.4588	0.00023923
-1.435	0.00015229
-1.4111	8.5744e-05
-1.3874	3.9385e-05
-1.3635	1.5684e-05
-1.3397	1.2143e-05
-1.3159	2.2382e-05
-1.2921	3.9042e-05
-1.2682	5.3691e-05
-1.2445	6.6573e-05
-1.2206	9.1682e-05
-1.1968	0.00078597
-1.173	0.0061366
-1.1492	0.001439
-1.1253	0.0022937
-1.1016	0.010939
-1.0777	0.014429
-1.0539	0.0057646
-1.0301	0.00036262
-1.0063	0.00029637
-0.98247	0.00098313
-0.95866	7.4044e-05
-0.93484	7.6958e-05
-0.91102	0.00010183
-0.88721	9.2323e-05
-0.86338	0.00017116
-0.83957	2.6745e-05
-0.81576	0.00028209
-0.79193	6.0467e-05
-0.76811	9.1062e-05
-0.7443	4.1662e-05
-0.72048	2.1025e-05
-0.69667	4.2506e-05
-0.67285	8.1963e-05
-0.64903	9.3056e-05
-0.62522	5.1321e-05
-0.60139	2.8902e-05
-0.57757	0.00018513
-0.55376	1.4215e-05
-0.52994	1.0145e-05
-0.50612	4.3374e-05
-0.48231	5.4254e-05
-0.45849	1.0249e-05
-0.43467	1.3048e-05
-0.41086	5.511e-06
-0.38704	2.0804e-05
-0.36322	2.3117e-06
-0.33941	3.7235e-05
-0.31559	4.0958e-06
-0.29176	7.3976e-05
-0.26794	9.289e-06
-0.24413	7.9649e-06
-0.22032	1.1884e-05
-0.19649	1.4904e-05
-0.17267	1.2607e-05
-0.14886	1.5693e-05
-0.12505	1.9182e-05
-0.10123	2.2101e-05
-0.077408	2.396e-05
-0.053589	2.5579e-05
-0.029772	2.8829e-05
-0.0059545	3.6893e-05
0.017863	5.1953e-05
0.04168	7.635e-05
0.065499	0.00011322
0.089316	0.00013601
0.11314	0.0001592
0.13695	0.00016917
0.16076	0.00016118
0.18458	0.00013674
0.2084	0.00011536
0.23223	6.3885e-05
0.25604	3.5567e-05
0.27985	0.00019885
0.30368	3.2508e-05
0.32749	5.116e-05
0.35131	0.0001994
0.37512	7.4536e-05
0.39894	0.00023016
0.42277	5.3594e-05
0.44658	3.3009e-05
0.4704	8.6501e-05
0.49422	1.1961e-05
0.51804	7.7109e-05
0.54186	4.4595e-05
0.56567	9.697e-05
0.58949	7.7064e-05
0.6133	7.4809e-05
0.63712	6.1273e-05
0.66094	4.25e-05
0.68476	3.6419e-05
0.70857	5.977e-05
0.7324	0.00053266
0.75621	0.00011099
0.78002	0.00015547
0.80385	0.00036689
0.82767	0.00022936
0.85148	0.0003133
0.8753	0.00017339
0.89912	0.00018447
0.92294	0.0002346
0.94676	0.00052691
0.97056	0.0018678
0.99436	0.01036
1.0182	0.0082872
1.0421	0.018085
1.0659	0.0063777
1.0897	0.014282
1.1134	0.011076
1.1373	0.032075
1.1612	0.27495
1.185	0.064533
1.2087	0.0031092
1.2326	0.0014958
1.2563	0.0010317
1.2802	0.00075808
1.3041	0.00056903
1.3279	0.00043906
1.3516	0.00035786
1.3755	0.00031806
1.3992	0.00031279
1.4231	0.00033717
1.447	0.00042839
1.4708	0.00061751
1.4945	0.0020653
1.5184	0.0014192
1.5421	0.0023588
1.566	0.024945
1.5899	0.0059849
1.6137	0.0043395
1.6374	0.019461
1.6613	0.0049656
1.6851	0.012929
1.709	0.0020763
1.7327	0.0012257
1.7566	0.0027587
1.7803	0.004261
1.8042	0.0037353
1.828	0.0045265
1.8518	0.0045417
1.8756	0.0040019
1.8995	0.003443
1.9232	0.0032076
1.9471	0.0035164
1.971	0.0043992
1.9948	0.0056026
2.0185	0.006682
2.0423	0.0073065
2.0661	0.0075598
2.09	0.0079516
2.1138	0.009129
2.1376	0.011517
2.1615	0.015054
2.1852	0.019065
2.209	0.022381
2.2329	0.023757
2.2568	0.022476
2.2805	0.018749
2.3043	0.013637
2.3281	0.0086034
2.3519	0.0049762
2.3758	0.0035325
2.3996	0.0042561
2.4234	0.0063438
2.4472	0.008528
2.471	0.009638
2.4949	0.0091174
2.5187	0.0071949
2.5426	0.0046624
2.5663	0.0024707
2.5901	0.0013253
2.6139	0.0014174
2.6378	0.0023858
2.6616	0.0035273
2.6854	0.0041643
2.7092	0.0039754
2.7331	0.0031075
2.7569	0.0020355
2.7807	0.0012817
2.8045	0.0011527
2.8283	0.0016118
2.8521	0.0023322
2.876	0.0028969
2.8998	0.0030395
2.9237	0.0027847
2.9474	0.0024042
2.9712	0.0022251
2.995	0.0024149
3.0188	0.0028763
3.0427	0.0033105
3.0665	0.0034229
3.0903	0.0031643
3.1142	0.0028674
3.138	0.0031634
3.1618	0.0046819
3.1856	0.0076752
3.2094	0.011769
3.2332	0.015985
3.2571	0.019042
3.2809	0.019841
3.3047	0.017942
3.3285	0.013834
3.3523	0.0088237
3.3761	0.0045576
3.3999	0.0023546
3.4238	0.0026678
3.4476	0.0049311
3.4714	0.0078443
3.4953	0.0099463
3.5191	0.010228
3.5429	0.0085385
3.5667	0.0056168
3.5905	0.0027348
3.6143	0.0010975
3.6381	0.0012898
3.662	0.0030377
3.6858	0.0053856
3.7096	0.0071746
3.7334	0.0075776
3.7572	0.0064487
3.781	0.0043506
3.8049	0.0022629
3.8287	0.0011135
3.8525	0.0013622
3.8764	0.0028386
3.9002	0.0049029
3.924	0.0068177
3.9478	0.0081161
3.9715	0.0087777
3.9954	0.0091497
4.0192	0.0096888
4.0431	0.010691
4.0669	0.012182
4.0906	0.014041
4.1144	0.0163
4.1383	0.019384
4.1621	0.024109
4.186	0.031322
4.2097	0.041318
4.2335	0.053283
4.2574	0.065115
4.2812	0.073809
4.305	0.076422
4.3289	0.071287
4.3526	0.05895
4.3765	0.04232
4.4003	0.025847
4.4242	0.013993
4.448	0.0095948
4.4717	0.012774
4.4955	0.02086
4.5193	0.029412
4.5432	0.034015
4.5671	0.032154
4.5908	0.024351
4.6146	0.013982
4.6385	0.0057854
4.6623	0.0037031
4.6861	0.0090251
4.71	0.019674
4.7337	0.030981
4.7576	0.037705
4.7813	0.036501
4.8053	0.027792
4.8291	0.016085
4.8528	0.0084127
4.8766	0.01142
4.9004	0.028313
4.9242	0.057043
4.9482	0.090602
4.9719	0.11948
4.9957	0.13547
5.0196	0.13551
5.0433	0.12398
5.0672	0.11231
5.0911	0.11567
5.1148	0.14785
5.1387	0.2159
5.1624	0.31679
5.1862	0.43709
5.2102	0.55595
5.2339	0.65035
5.2577	0.70122
5.2815	0.69857
5.3053	0.64409
5.3292	0.55036
5.353	0.43693
5.3769	0.32468
5.4007	0.23034
5.4244	0.16301
5.4482	0.1234
5.4721	0.10551
5.4959	0.099881
5.5198	0.097089
5.5435	0.090524
5.5674	0.077667
5.5912	0.059777
5.6151	0.040396
5.6389	0.023425
5.6626	0.011548
5.6864	0.0055011
5.7103	0.0042222
5.734	0.0056168
5.7579	0.0075047
5.7818	0.0083713
5.8055	0.0076966
5.8294	0.005838
5.8531	0.003614
5.877	0.0018226
5.9009	0.00090307
5.9246	0.00084117
5.9484	0.001291
5.9723	0.0018032
5.996	0.0020371
6.0199	0.0018723
6.0437	0.0014009
6.0675	0.00083212
6.0914	0.00037194
6.1151	0.00013581
6.1389	0.00012435
6.1629	0.00025555
6.1866	0.00042317
6.2104	0.0005474
6.2342	0.00059753
6.258	0.00058514
6.2819	0.00054062
6.3057	0.00048972
6.3296	0.00044192
6.3534	0.00039297
6.3771	0.00033558
6.4009	0.00026923
6.4248	0.00020289
6.4486	0.00015022
6.4725	0.00012152
6.4962	0.00011772
6.5201	0.00012989
6.5438	0.00014396
6.5677	0.00014759
6.5916	0.00013545
6.6153	0.00011037
6.6391	8.0622e-05
6.663	5.5511e-05
6.6868	4.1689e-05
6.7106	4.1649e-05
6.7345	5.4148e-05
6.7582	7.5452e-05
6.782	0.00010038
6.8058	0.00012298
6.8297	0.00013722
6.8536	0.0001384
6.8773	0.00012498
6.9011	9.9867e-05
6.9249	7.0211e-05
6.9487	4.5023e-05
6.9726	3.1619e-05
6.9964	3.2538e-05
7.0202	4.471e-05
7.0441	6.1528e-05
7.0678	7.6798e-05
7.0917	8.8258e-05
7.1156	9.8372e-05
7.1393	0.00011177
7.1631	0.00013099
7.1869	0.00015361
7.2107	0.00017345
7.2346	0.00018595
7.2584	0.00019504
7.2823	0.00021675
7.306	0.00027548
7.3298	0.00039253
7.3537	0.00057118
7.3775	0.0007861
7.4013	0.00098474
7.4252	0.0011032
7.4489	0.0010915
7.4728	0.00093848
7.4966	0.00068318
7.5204	0.00040625
7.5442	0.00020144
7.568	0.00013776
7.5918	0.00022863
7.6157	0.00042348
7.6395	0.00062772
7.6633	0.00074369
7.6871	0.00071423
7.7109	0.00054896
7.7348	0.00032043
7.7585	0.00013152
7.7824	6.8095e-05
7.8063	0.00015855
7.83	0.00035956
7.8538	0.00057571
7.8777	0.00070458
7.9015	0.00068544
7.9253	0.00052803
7.9491	0.00030742
7.9729	0.00012828
7.9968	7.6507e-05
8.0206	0.00018157
8.0444	0.00040745
8.0682	0.00067564
8.0921	0.00090758
8.1159	0.0010637
8.1396	0.0011587
8.1635	0.0012455
8.1874	0.0013805
8.2111	0.0015917
8.2349	0.0018723
8.2587	0.0022043
8.2826	0.0025996
8.3064	0.0031298
8.3302	0.0039163
8.3541	0.0050719
8.3779	0.0066116
8.4017	0.0083777
8.4254	0.010027
8.4493	0.011107
8.4732	0.011211
8.497	0.010153
8.5207	0.0080907
8.5446	0.005533
8.5684	0.0031958
8.5922	0.0017537
8.616	0.0015731
8.6399	0.0025465
8.6637	0.0041145
8.6875	0.0054842
8.7113	0.0059615
8.7352	0.00526
8.759	0.003647
8.7828	0.0018513
8.8065	0.00075329
8.8304	0.00097622
8.8542	0.0025597
8.878	0.0048801
8.9018	0.0068874
8.9257	0.0075819
8.9494	0.0065333
8.9733	0.0042012
8.9971	0.0018881
9.0209	0.0012968
9.0448	0.0038345
9.0686	0.0099322
9.0923	0.018685
9.1162	0.028032
9.1401	0.035483
9.1639	0.039171
9.1876	0.038821
9.2114	0.036226
9.2353	0.03497
9.2591	0.039413
9.2829	0.053227
9.3068	0.077933
9.3306	0.11196
9.3544	0.15064
9.3781	0.18717
9.4021	0.2144
9.4259	0.22679
9.4497	0.2219
9.4734	0.20104
9.4973	0.16875
9.5211	0.1315
9.545	0.095933
9.5687	0.067189
9.5926	0.047855
9.6164	0.03771
9.6402	0.034317
9.664	0.034176
9.6879	0.034002
9.7116	0.031684
9.7355	0.026685
9.7592	0.019821
9.7831	0.012651
9.807	0.0067317
9.8308	0.0030321
9.8545	0.0016769
9.8784	0.0020507
9.9021	0.0031602
9.926	0.0040696
9.9498	0.0042267
9.9736	0.0035727
9.9973	0.0024364
10.021	0.0013001
10.045	0.00055755
10.069	0.00036296
10.093	0.0006129
10.117	0.0010427
10.14	0.0013739
10.164	0.0014401
10.188	0.0012366
10.212	0.00088861
10.236	0.0005654
10.259	0.00039285
10.283	0.00040448
10.307	0.00054701
10.331	0.0007275
10.355	0.00087144
10.378	0.00096034
10.402	0.0010313
10.426	0.0011431
10.45	0.00133
10.474	0.0015712
10.498	0.0017921
10.521	0.0018968
10.545	0.0018149
10.569	0.0015395
10.593	0.0011366
10.617	0.00072138
10.64	0.00041235
10.664	0.0002826
10.688	0.00033219
10.712	0.00049288
10.736	0.00066156
10.76	0.0007459
10.783	0.00070142
10.807	0.00054482
10.831	0.00034002
10.855	0.00016543
10.879	7.8169e-05
10.902	9.12e-05
10.926	0.00017268
10.95	0.0002656
10.974	0.00031669
