-5.9782	1.0477	0.0038473
-5.9782	1.1019	0.0033158
-5.7996	0.99354	0.0026365
-5.7996	1.0477	0.0027685
-5.7639	0.99354	0.0039111
-5.7639	1.0477	0.0038412
-5.7281	0.99354	0.0044569
-5.7281	1.0477	0.0041597
-5.6924	0.99354	0.0037277
-5.6924	1.0477	0.0034162
-5.5138	0.93935	0.0032877
-5.5138	0.99354	0.0032468
-5.4781	0.93935	0.0034292
-5.4781	0.99354	0.0035158
-5.4423	0.99354	0.0025074
-5.3709	0.88516	0.0029712
-5.3709	0.93935	0.0040141
-5.3709	0.99354	0.0026529
-5.3351	0.88516	0.0056342
-5.3351	0.93935	0.0074799
-5.3351	0.99354	0.004796
-5.2994	0.88516	0.007353
-5.2994	0.93935	0.0098149
-5.2994	0.99354	0.0063125
-5.2637	0.88516	0.0064862
-5.2637	0.93935	0.0088293
-5.2637	0.99354	0.0057453
-5.228	0.88516	0.0037031
-5.228	0.93935	0.0052688
-5.228	0.99354	0.0035445
-5.1565	0.88516	0.0031268
-5.1565	0.93935	0.0025888
-5.1208	0.83097	0.0040659
-5.1208	0.88516	0.0067557
-5.1208	0.93935	0.0053395
-5.0851	0.83097	0.0054438
-5.0851	0.88516	0.0092183
-5.0851	0.93935	0.0074559
-5.0851	0.99354	0.0026228
-5.0493	0.83097	0.004525
-5.0493	0.88516	0.0079209
-5.0493	0.93935	0.0066205
-5.0136	0.88516	0.004089
-5.0136	0.93935	0.0036301
-4.9422	0.83097	0.0035033
-4.9422	0.88516	0.0032352
-4.9064	0.77677	0.0032789
-4.9064	0.83097	0.0071603
-4.9064	0.88516	0.0069525
-4.9064	0.93935	0.0031545
-4.8707	0.77677	0.0037507
-4.8707	0.83097	0.0084408
-4.8707	0.88516	0.0086106
-4.8707	0.93935	0.004007
-4.835	0.83097	0.0055978
-4.835	0.88516	0.0061471
-4.835	0.93935	0.0029455
-4.7278	0.77677	0.0054015
-4.7278	0.83097	0.0064158
-4.7278	0.88516	0.003657
-4.6921	0.72258	0.0033531
-4.6921	0.77677	0.010268
-4.6921	0.83097	0.013048
-4.6921	0.88516	0.0080507
-4.6563	0.72258	0.0037342
-4.6563	0.77677	0.011368
-4.6563	0.83097	0.014991
-4.6563	0.88516	0.0095606
-4.6206	0.77677	0.0075225
-4.6206	0.83097	0.010478
-4.6206	0.88516	0.0069434
-4.5849	0.77677	0.002828
-4.5849	0.83097	0.0041731
-4.5849	0.88516	0.0029535
-4.5492	0.77677	0.0028224
-4.5134	0.72258	0.0051625
-4.5134	0.77677	0.0082872
-4.5134	0.83097	0.0062159
-4.4777	0.72258	0.0081806
-4.4777	0.77677	0.013706
-4.4777	0.83097	0.010892
-4.4777	0.88516	0.0037732
-4.442	0.72258	0.0073634
-4.442	0.77677	0.012959
-4.442	0.83097	0.010838
-4.442	0.88516	0.0037818
-4.4063	0.72258	0.0031781
-4.4063	0.77677	0.006411
-4.4063	0.83097	0.0059378
-4.3705	-0.57806	0.0039233
-4.3705	-0.52387	0.0034776
-4.3348	-0.63226	0.0043481
-4.3348	-0.57806	0.0089482
-4.3348	-0.52387	0.0086152
-4.3348	-0.46968	0.0037329
-4.3348	0.72258	0.0027401
-4.2991	-0.63226	0.0061618
-4.2991	-0.57806	0.012845
-4.2991	-0.52387	0.012747
-4.2991	-0.46968	0.0055756
-4.2991	0.66839	0.0032235
-4.2991	0.72258	0.0075567
-4.2991	0.77677	0.0076445
-4.2991	0.83097	0.003545
-4.2634	-0.63226	0.005762
-4.2634	-0.57806	0.012303
-4.2634	-0.52387	0.012543
-4.2634	-0.46968	0.0054316
-4.2634	0.66839	0.0030809
-4.2634	0.72258	0.0080402
-4.2634	0.77677	0.0092475
-4.2634	0.83097	0.0048099
-4.2276	-0.63226	0.0030627
-4.2276	-0.57806	0.0071761
-4.2276	-0.52387	0.00785
-4.2276	-0.46968	0.0034358
-4.2276	0.72258	0.002938
-4.2276	0.77677	0.0042598
-4.2276	0.83097	0.002631
-4.1919	0.66839	0.0032
-4.1919	0.72258	0.0027217
-4.1562	0.50581	0.0030675
-4.1562	0.61419	0.0056046
-4.1562	0.66839	0.018748
-4.1562	0.72258	0.021879
-4.1562	0.77677	0.011682
-4.1562	0.83097	0.0025215
-4.1204	-0.63226	0.0059678
-4.1204	-0.57806	0.0062558
-4.1204	-0.52387	0.0029234
-4.1204	0.45161	0.0032065
-4.1204	0.50581	0.0043448
-4.1204	0.61419	0.014469
-4.1204	0.66839	0.048109
-4.1204	0.72258	0.06147
-4.1204	0.77677	0.03767
-4.1204	0.83097	0.0095631
-4.0847	-0.68645	0.0043909
-4.0847	-0.63226	0.011338
-4.0847	-0.57806	0.013194
-4.0847	-0.52387	0.007031
-4.0847	0.45161	0.0033891
-4.0847	0.50581	0.0040412
-4.0847	0.61419	0.023621
-4.0847	0.66839	0.076021
-4.0847	0.72258	0.10009
-4.0847	0.77677	0.063897
-4.0847	0.83097	0.016311
-4.049	-0.68645	0.0045526
-4.049	-0.63226	0.012208
-4.049	-0.57806	0.015073
-4.049	-0.52387	0.0084142
-4.049	0.61419	0.025361
-4.049	0.66839	0.08012
-4.049	0.72258	0.10803
-4.049	0.77677	0.070368
-4.049	0.83097	0.017295
-4.049	0.93935	0.0044966
-4.049	0.99354	0.0027237
-4.0133	-0.63226	0.0071742
-4.0133	-0.57806	0.0098208
-4.0133	-0.52387	0.0058252
-4.0133	0.61419	0.016
-4.0133	0.66839	0.052783
-4.0133	0.72258	0.075574
-4.0133	0.77677	0.051185
-4.0133	0.83097	0.012067
-4.0133	0.93935	0.0052892
-4.0133	0.99354	0.0028092
-3.9775	-0.57806	0.0024977
-3.9775	0.61419	0.0033529
-3.9775	0.66839	0.014965
-3.9775	0.72258	0.026849
-3.9775	0.77677	0.021017
-3.9775	0.83097	0.0050396
-3.9775	0.93935	0.003976
-3.9418	0.61419	0.0039057
-3.9418	0.66839	0.003746
-3.9418	0.72258	0.0025922
-3.9061	-0.68645	0.0082189
-3.9061	-0.63226	0.011062
-3.9061	-0.57806	0.0067512
-3.9061	0.45161	0.0045889
-3.9061	0.56	0.0057213
-3.9061	0.61419	0.026861
-3.9061	0.66839	0.037665
-3.9061	0.72258	0.023275
-3.9061	0.77677	0.0058681
-3.9061	1.9148	0.0038769
-3.9061	1.969	0.0073271
-3.9061	2.0232	0.0058994
-3.8704	-0.74065	0.0040392
-3.8704	-0.68645	0.014481
-3.8704	-0.63226	0.021353
-3.8704	-0.57806	0.01471
-3.8704	-0.52387	0.0036278
-3.8704	0.45161	0.0053049
-3.8704	0.56	0.012955
-3.8704	0.61419	0.05929
-3.8704	0.66839	0.09263
-3.8704	0.72258	0.067968
-3.8704	0.77677	0.021421
-3.8704	1.9148	0.0069646
-3.8704	1.969	0.013216
-3.8704	2.0232	0.011176
-3.8704	2.0774	0.0044657
-3.8346	-0.74065	0.0038081
-3.8346	-0.68645	0.014242
-3.8346	-0.63226	0.022564
-3.8346	-0.57806	0.016558
-3.8346	-0.52387	0.0040685
-3.8346	0.45161	0.0033844
-3.8346	0.56	0.016197
-3.8346	0.61419	0.07162
-3.8346	0.66839	0.11758
-3.8346	0.72258	0.092219
-3.8346	0.77677	0.030507
-3.8346	0.88516	0.0033689
-3.8346	0.93935	0.0032798
-3.8346	1.9148	0.0083283
-3.8346	1.969	0.015782
-3.8346	2.0232	0.013687
-3.8346	2.0774	0.005546
-3.7989	-0.68645	0.0063827
-3.7989	-0.63226	0.012113
-3.7989	-0.57806	0.010029
-3.7989	-0.41548	0.002502
-3.7989	0.56	0.010774
-3.7989	0.61419	0.049329
-3.7989	0.66839	0.087762
-3.7989	0.72258	0.073889
-3.7989	0.77677	0.024997
-3.7989	0.88516	0.0049651
-3.7989	0.93935	0.0044757
-3.7989	1.9148	0.0061655
-3.7989	1.969	0.012037
-3.7989	2.0232	0.010858
-3.7989	2.0774	0.0044594
-3.7632	0.61419	0.011651
-3.7632	0.66839	0.028025
-3.7632	0.72258	0.0291
-3.7632	0.77677	0.010917
-3.7632	0.88516	0.0041225
-3.7632	0.93935	0.0035122
-3.7632	1.969	0.0051293
-3.7632	2.0232	0.0052412
-3.7275	-2.0413	0.0040128
-3.7275	-1.9871	0.0040993
-3.7275	-0.74065	0.0075043
-3.7275	-0.68645	0.011645
-3.7275	-0.63226	0.0076739
-3.7275	0.23484	0.0026344
-3.7275	0.39742	0.0033424
-3.7275	0.56	0.0057556
-3.7275	0.61419	0.0077912
-3.7275	0.66839	0.0039436
-3.6917	-2.0955	0.0046555
-3.6917	-2.0413	0.012377
-3.6917	-1.9871	0.013498
-3.6917	-1.9329	0.0069164
-3.6917	-0.79484	0.0040763
-3.6917	-0.74065	0.021936
-3.6917	-0.68645	0.039227
-3.6917	-0.63226	0.032455
-3.6917	-0.57806	0.011434
-3.6917	0.23484	0.0033082
-3.6917	0.39742	0.0072814
-3.6917	0.45161	0.0043062
-3.6917	0.50581	0.0036523
-3.6917	0.56	0.034027
-3.6917	0.61419	0.065318
-3.6917	0.66839	0.05232
-3.6917	0.72258	0.018035
-3.6917	1.9148	0.0037328
-3.6917	1.969	0.0029545
-3.656	-2.0955	0.011674
-3.656	-2.0413	0.029586
-3.656	-1.9871	0.03228
-3.656	-1.9329	0.016643
-3.656	-1.8787	0.0030129
-3.656	-0.79484	0.0074459
-3.656	-0.74065	0.038346
-3.656	-0.68645	0.071586
-3.656	-0.63226	0.063134
-3.656	-0.57806	0.023352
-3.656	-0.46968	0.0029326
-3.656	-0.41548	0.0030641
-3.656	0.39742	0.0074779
-3.656	0.45161	0.0037739
-3.656	0.50581	0.0077488
-3.656	0.56	0.064035
-3.656	0.61419	0.13261
-3.656	0.66839	0.12282
-3.656	0.72258	0.051688
-3.656	0.77677	0.0061229
-3.656	1.8606	0.0046407
-3.656	1.9148	0.011402
-3.656	1.969	0.01106
-3.656	2.0232	0.0049864
-3.6203	-2.0955	0.017538
-3.6203	-2.0413	0.042279
-3.6203	-1.9871	0.045428
-3.6203	-1.9329	0.022947
-3.6203	-1.8787	0.0037716
-3.6203	-0.79484	0.0077892
-3.6203	-0.74065	0.041008
-3.6203	-0.68645	0.081905
-3.6203	-0.63226	0.076771
-3.6203	-0.57806	0.028774
-3.6203	-0.46968	0.0067539
-3.6203	-0.41548	0.0064969
-3.6203	-0.3071	0.002536
-3.6203	-0.2529	0.002816
-3.6203	0.39742	0.0045751
-3.6203	0.50581	0.010168
-3.6203	0.56	0.076459
-3.6203	0.61419	0.16494
-3.6203	0.66839	0.16293
-3.6203	0.72258	0.072432
-3.6203	0.77677	0.008188
-3.6203	0.83097	0.0033769
-3.6203	0.88516	0.0062574
-3.6203	1.8606	0.0058579
-3.6203	1.9148	0.014508
-3.6203	1.969	0.015067
-3.6203	2.0232	0.0074049
-3.5846	-2.0955	0.019556
-3.5846	-2.0413	0.04414
-3.5846	-1.9871	0.04562
-3.5846	-1.9329	0.021886
-3.5846	-1.8787	0.0030872
-3.5846	-0.74065	0.0137
-3.5846	-0.68645	0.034277
-3.5846	-0.63226	0.037544
-3.5846	-0.57806	0.014944
-3.5846	-0.46968	0.006712
-3.5846	-0.41548	0.0059233
-3.5846	-0.3071	0.0039969
-3.5846	-0.2529	0.0041136
-3.5846	-0.14452	0.0026006
-3.5846	-0.090324	0.0028482
-3.5846	0.50581	0.0054461
-3.5846	0.56	0.044513
-3.5846	0.61419	0.11026
-3.5846	0.66839	0.12261
-3.5846	0.72258	0.058602
-3.5846	0.77677	0.006086
-3.5846	0.83097	0.005501
-3.5846	0.88516	0.0091036
-3.5846	1.0477	0.0032279
-3.5846	1.8606	0.0049753
-3.5846	1.9148	0.012638
-3.5846	1.969	0.013871
-3.5846	2.0232	0.0071296
-3.5488	-2.1497	0.0031668
-3.5488	-2.0955	0.022299
-3.5488	-2.0413	0.047504
-3.5488	-1.9871	0.047212
-3.5488	-1.9329	0.021338
-3.5488	-1.8787	0.0024938
-3.5488	-0.79484	0.0031768
-3.5488	-0.74065	0.0042566
-3.5488	-0.68645	0.003356
-3.5488	-0.63226	0.0044261
-3.5488	-0.57806	0.0025782
-3.5488	-0.46968	0.0032588
-3.5488	-0.41548	0.002834
-3.5488	-0.3071	0.0035084
-3.5488	-0.2529	0.0032945
-3.5488	-0.14452	0.0035323
-3.5488	-0.090324	0.0035211
-3.5488	0.018065	0.0034265
-3.5488	0.072258	0.0036427
-3.5488	0.18065	0.0028395
-3.5488	0.23484	0.0031913
-3.5488	0.56	0.0041573
-3.5488	0.61419	0.015598
-3.5488	0.66839	0.026357
-3.5488	0.72258	0.016242
-3.5488	0.83097	0.0036486
-3.5488	0.88516	0.0056477
-3.5488	1.0477	0.0032946
-3.5488	1.9148	0.0054575
-3.5488	1.969	0.007132
-3.5488	2.0232	0.0041391
-3.5131	-2.1497	0.0030092
-3.5131	-2.0955	0.018486
-3.5131	-2.0413	0.037871
-3.5131	-1.9871	0.036645
-3.5131	-1.9329	0.015701
-3.5131	-0.95742	0.0059008
-3.5131	-0.90323	0.0037475
-3.5131	-0.84903	0.0037343
-3.5131	-0.79484	0.036833
-3.5131	-0.74065	0.075352
-3.5131	-0.68645	0.06395
-3.5131	-0.63226	0.023283
-3.5131	-0.14452	0.0035469
-3.5131	-0.090324	0.0032826
-3.5131	0.018065	0.0052854
-3.5131	0.072258	0.0050892
-3.5131	0.18065	0.0070033
-3.5131	0.23484	0.0073037
-3.5131	0.34323	0.0095126
-3.5131	0.39742	0.011438
-3.5131	0.50581	0.020811
-3.5131	0.56	0.050743
-3.5131	0.61419	0.041726
-3.5131	0.66839	0.013867
-3.4774	-2.0955	0.01266
-3.4774	-2.0413	0.024937
-3.4774	-1.9871	0.023318
-3.4774	-1.9329	0.0093055
-3.4774	-1.12	0.0027074
-3.4774	-0.95742	0.011629
-3.4774	-0.90323	0.0060709
-3.4774	-0.84903	0.013425
-3.4774	-0.79484	0.11654
-3.4774	-0.74065	0.25533
-3.4774	-0.68645	0.25157
-3.4774	-0.63226	0.11394
-3.4774	-0.57806	0.015292
-3.4774	-0.46968	0.004916
-3.4774	0.018065	0.0041688
-3.4774	0.072258	0.0038354
-3.4774	0.18065	0.009493
-3.4774	0.23484	0.0090436
-3.4774	0.34323	0.021069
-3.4774	0.39742	0.023561
-3.4774	0.45161	0.0050626
-3.4774	0.50581	0.091762
-3.4774	0.56	0.25577
-3.4774	0.61419	0.27957
-3.4774	0.66839	0.14201
-3.4774	0.72258	0.027188
-3.4774	1.8606	0.0053832
-3.4774	1.9148	0.005721
-3.4774	1.969	0.0025285
-3.4416	-2.0955	0.008778
-3.4416	-2.0413	0.017322
-3.4416	-1.9871	0.01608
-3.4416	-1.9329	0.0060406
-3.4416	-1.12	0.0040974
-3.4416	-1.0116	0.0054602
-3.4416	-0.95742	0.020388
-3.4416	-0.90323	0.0080365
-3.4416	-0.84903	0.03749
-3.4416	-0.79484	0.27209
-3.4416	-0.74065	0.57789
-3.4416	-0.68645	0.57271
-3.4416	-0.63226	0.26134
-3.4416	-0.57806	0.032165
-3.4416	-0.52387	0.010648
-3.4416	-0.46968	0.02236
-3.4416	-0.41548	0.0049736
-3.4416	-0.3071	0.0043489
-3.4416	0.18065	0.0049786
-3.4416	0.23484	0.004492
-3.4416	0.34323	0.019205
-3.4416	0.39742	0.019394
-3.4416	0.45161	0.008367
-3.4416	0.50581	0.1425
-3.4416	0.56	0.40718
-3.4416	0.61419	0.48635
-3.4416	0.66839	0.27649
-3.4416	0.72258	0.058177
-3.4416	0.83097	0.010218
-3.4416	0.88516	0.0045475
-3.4416	1.6981	0.0032684
-3.4416	1.8065	0.0047961
-3.4416	1.8606	0.01817
-3.4416	1.9148	0.02264
-3.4416	1.969	0.012913
-3.4416	2.0232	0.0030634
-3.4059	-2.0955	0.0030001
-3.4059	-2.0413	0.0067782
-3.4059	-1.9871	0.0068936
-3.4059	-1.9329	0.0026124
-3.4059	-1.1742	0.0025855
-3.4059	-1.12	0.0067025
-3.4059	-1.0116	0.013093
-3.4059	-0.95742	0.039225
-3.4059	-0.90323	0.011538
-3.4059	-0.84903	0.11076
-3.4059	-0.79484	0.68495
-3.4059	-0.74065	1.3869
-3.4059	-0.68645	1.337
-3.4059	-0.63226	0.58257
-3.4059	-0.57806	0.059459
-3.4059	-0.52387	0.041639
-3.4059	-0.46968	0.070932
-3.4059	-0.41548	0.013192
-3.4059	-0.36129	0.0106
-3.4059	-0.3071	0.022223
-3.4059	-0.2529	0.0048454
-3.4059	-0.19871	0.0032574
-3.4059	-0.14452	0.007161
-3.4059	0.34323	0.00944
-3.4059	0.39742	0.0089703
-3.4059	0.45161	0.009144
-3.4059	0.50581	0.13293
-3.4059	0.56	0.3824
-3.4059	0.61419	0.47542
-3.4059	0.66839	0.27945
-3.4059	0.72258	0.056793
-3.4059	0.77677	0.0041507
-3.4059	0.83097	0.018722
-3.4059	0.88516	0.0079948
-3.4059	0.99354	0.0039859
-3.4059	1.8065	0.0056842
-3.4059	1.8606	0.02142
-3.4059	1.9148	0.02897
-3.4059	1.969	0.018335
-3.4059	2.0232	0.0047821
-3.3702	-1.1742	0.0028852
-3.3702	-1.12	0.0063085
-3.3702	-1.0116	0.018651
-3.3702	-0.95742	0.04718
-3.3702	-0.90323	0.011378
-3.3702	-0.84903	0.20981
-3.3702	-0.79484	1.17
-3.3702	-0.74065	2.3254
-3.3702	-0.68645	2.226
-3.3702	-0.63226	0.93592
-3.3702	-0.57806	0.078274
-3.3702	-0.52387	0.11287
-3.3702	-0.46968	0.15965
-3.3702	-0.41548	0.023803
-3.3702	-0.36129	0.03916
-3.3702	-0.3071	0.069082
-3.3702	-0.2529	0.012536
-3.3702	-0.19871	0.017808
-3.3702	-0.14452	0.035054
-3.3702	-0.090324	0.0069103
-3.3702	-0.036129	0.008734
-3.3702	0.018065	0.018
-3.3702	0.072258	0.003864
-3.3702	0.12645	0.0029886
-3.3702	0.18065	0.0060106
-3.3702	0.45161	0.0051858
-3.3702	0.50581	0.079828
-3.3702	0.56	0.26493
-3.3702	0.61419	0.36984
-3.3702	0.66839	0.23259
-3.3702	0.72258	0.045089
-3.3702	0.77677	0.0070463
-3.3702	0.83097	0.026455
-3.3702	0.88516	0.009949
-3.3702	0.99354	0.0084648
-3.3702	1.0477	0.003733
-3.3702	1.1561	0.0029396
-3.3702	1.8065	0.0029266
-3.3702	1.8606	0.011485
-3.3702	1.9148	0.016873
-3.3702	1.969	0.011491
-3.3702	2.0232	0.0030738
-3.3345	-1.12	0.0028746
-3.3345	-1.0116	0.012624
-3.3345	-0.95742	0.026686
-3.3345	-0.90323	0.0064536
-3.3345	-0.84903	0.18346
-3.3345	-0.79484	0.92978
-3.3345	-0.74065	1.8041
-3.3345	-0.68645	1.7001
-3.3345	-0.63226	0.67975
-3.3345	-0.57806	0.046167
-3.3345	-0.52387	0.13284
-3.3345	-0.46968	0.15813
-3.3345	-0.41548	0.018695
-3.3345	-0.36129	0.060872
-3.3345	-0.3071	0.090951
-3.3345	-0.2529	0.013278
-3.3345	-0.19871	0.037836
-3.3345	-0.14452	0.064341
-3.3345	-0.090324	0.010586
-3.3345	-0.036129	0.027312
-3.3345	0.018065	0.051175
-3.3345	0.072258	0.0097953
-3.3345	0.12645	0.018171
-3.3345	0.18065	0.037987
-3.3345	0.23484	0.0081277
-3.3345	0.28903	0.011349
-3.3345	0.34323	0.025256
-3.3345	0.39742	0.0057012
-3.3345	0.45161	0.0056209
-3.3345	0.50581	0.017836
-3.3345	0.56	0.043195
-3.3345	0.61419	0.096841
-3.3345	0.66839	0.088149
-3.3345	0.72258	0.019468
-3.3345	0.77677	0.0077307
-3.3345	0.83097	0.025604
-3.3345	0.88516	0.0088659
-3.3345	0.93935	0.0034422
-3.3345	0.99354	0.013447
-3.3345	1.0477	0.0052892
-3.3345	1.1561	0.0071442
-3.3345	1.2103	0.003012
-3.3345	1.3187	0.0037092
-3.3345	1.8606	0.0026008
-3.3345	1.9148	0.0053062
-3.3345	1.969	0.004472
-3.2987	-1.0116	0.0073778
-3.2987	-0.95742	0.012767
-3.2987	-0.90323	0.0044217
-3.2987	-0.84903	0.13289
-3.2987	-0.79484	0.60583
-3.2987	-0.74065	1.1204
-3.2987	-0.68645	1.0083
-3.2987	-0.63226	0.36721
-3.2987	-0.57806	0.021197
-3.2987	-0.52387	0.10885
-3.2987	-0.46968	0.10571
-3.2987	-0.41548	0.010064
-3.2987	-0.36129	0.059326
-3.2987	-0.3071	0.072385
-3.2987	-0.2529	0.0082889
-3.2987	-0.19871	0.044341
-3.2987	-0.14452	0.062126
-3.2987	-0.090324	0.008035
-3.2987	-0.036129	0.040044
-3.2987	0.018065	0.06316
-3.2987	0.072258	0.0095679
-3.2987	0.12645	0.037342
-3.2987	0.18065	0.068083
-3.2987	0.23484	0.012251
-3.2987	0.28903	0.039835
-3.2987	0.34323	0.087102
-3.2987	0.39742	0.019709
-3.2987	0.45161	0.069754
-3.2987	0.50581	0.27519
-3.2987	0.56	0.30498
-3.2987	0.61419	0.13869
-3.2987	0.66839	0.024125
-3.2987	0.83097	0.0057516
-3.2987	0.99354	0.008369
-3.2987	1.0477	0.0031483
-3.2987	1.1561	0.0080221
-3.2987	1.2103	0.003107
-3.2987	1.3187	0.00675
-3.2987	1.3729	0.0028169
-3.2987	1.4813	0.0050466
-3.2987	1.6439	0.003714
-3.2987	1.8065	0.0039581
-3.2987	1.8606	0.0044911
-3.263	-2.0955	0.002804
-3.263	-2.0413	0.0029446
-3.263	-1.0116	0.0046906
-3.263	-0.95742	0.006738
-3.263	-0.90323	0.0044588
-3.263	-0.84903	0.11118
-3.263	-0.79484	0.46568
-3.263	-0.74065	0.82625
-3.263	-0.68645	0.70936
-3.263	-0.63226	0.23154
-3.263	-0.57806	0.014857
-3.263	-0.52387	0.10244
-3.263	-0.46968	0.080671
-3.263	-0.41548	0.0076835
-3.263	-0.36129	0.064274
-3.263	-0.3071	0.063234
-3.263	-0.2529	0.0065302
-3.263	-0.19871	0.054544
-3.263	-0.14452	0.061575
-3.263	-0.090324	0.0068315
-3.263	-0.036129	0.056531
-3.263	0.018065	0.072296
-3.263	0.072258	0.0087414
-3.263	0.12645	0.063677
-3.263	0.18065	0.095147
-3.263	0.23484	0.013418
-3.263	0.28903	0.08761
-3.263	0.34323	0.16281
-3.263	0.39742	0.029808
-3.263	0.45161	0.24458
-3.263	0.50581	0.9639
-3.263	0.56	1.2735
-3.263	0.61419	0.78604
-3.263	0.66839	0.20831
-3.263	0.72258	0.011191
-3.263	0.77677	0.0056398
-3.263	0.83097	0.0040072
-3.263	1.1561	0.0029344
-3.263	1.3187	0.0044052
-3.263	1.4813	0.0054396
-3.263	1.6439	0.0069713
-3.263	1.6981	0.0033809
-3.263	1.7523	0.0025139
-3.263	1.8065	0.019078
-3.263	1.8606	0.030255
-3.263	1.9148	0.020146
-3.263	1.969	0.0058749
-3.2273	-0.95742	0.0027453
-3.2273	-0.90323	0.0040318
-3.2273	-0.84903	0.083767
-3.2273	-0.79484	0.34436
-3.2273	-0.74065	0.61513
-3.2273	-0.68645	0.52284
-3.2273	-0.63226	0.15571
-3.2273	-0.57806	0.016283
-3.2273	-0.52387	0.10811
-3.2273	-0.46968	0.070461
-3.2273	-0.41548	0.0097577
-3.2273	-0.36129	0.082458
-3.2273	-0.3071	0.066214
-3.2273	-0.2529	0.0086541
-3.2273	-0.19871	0.081591
-3.2273	-0.14452	0.07456
-3.2273	-0.090324	0.009602
-3.2273	-0.036129	0.096819
-3.2273	0.018065	0.10005
-3.2273	0.072258	0.012196
-3.2273	0.12645	0.12713
-3.2273	0.18065	0.15377
-3.2273	0.23484	0.019479
-3.2273	0.28903	0.20744
-3.2273	0.34323	0.31659
-3.2273	0.39742	0.050065
-3.2273	0.45161	0.75667
-3.2273	0.50581	2.7146
-3.2273	0.56	3.6046
-3.2273	0.61419	2.3101
-3.2273	0.66839	0.63482
-3.2273	0.72258	0.031027
-3.2273	0.77677	0.041894
-3.2273	0.83097	0.034193
-3.2273	0.88516	0.0026727
-3.2273	0.93935	0.0035875
-3.2273	0.99354	0.0028957
-3.2273	1.4813	0.0031964
-3.2273	1.6439	0.0063405
-3.2273	1.6981	0.0025933
-3.2273	1.7523	0.0044264
-3.2273	1.8065	0.029635
-3.2273	1.8606	0.050022
-3.2273	1.9148	0.037829
-3.2273	1.969	0.013086
-3.1916	-0.84903	0.024546
-3.1916	-0.79484	0.1104
-3.1916	-0.74065	0.21535
-3.1916	-0.68645	0.1933
-3.1916	-0.63226	0.054719
-3.1916	-0.57806	0.011885
-3.1916	-0.52387	0.066272
-3.1916	-0.46968	0.037408
-3.1916	-0.41548	0.0099164
-3.1916	-0.36129	0.070741
-3.1916	-0.3071	0.048509
-3.1916	-0.2529	0.011145
-3.1916	-0.19871	0.093164
-3.1916	-0.14452	0.072058
-3.1916	-0.090324	0.015206
-3.1916	-0.036129	0.14183
-3.1916	0.018065	0.12317
-3.1916	0.072258	0.022314
-3.1916	0.12645	0.23783
-3.1916	0.18065	0.24038
-3.1916	0.23484	0.039031
-3.1916	0.28903	0.4885
-3.1916	0.34323	0.62321
-3.1916	0.39742	0.11714
-3.1916	0.45161	2.346
-3.1916	0.50581	7.7065
-3.1916	0.56	10.033
-3.1916	0.61419	6.3643
-3.1916	0.66839	1.6704
-3.1916	0.72258	0.068541
-3.1916	0.77677	0.19135
-3.1916	0.83097	0.13848
-3.1916	0.88516	0.009455
-3.1916	0.93935	0.028707
-3.1916	0.99354	0.024509
-3.1916	1.1019	0.0045949
-3.1916	1.1561	0.003729
-3.1916	1.6439	0.0044304
-3.1916	1.7523	0.0059569
-3.1916	1.8065	0.035177
-3.1916	1.8606	0.059904
-3.1916	1.9148	0.046832
-3.1916	1.969	0.016573
-3.1558	-0.79484	0.0093687
-3.1558	-0.74065	0.025101
-3.1558	-0.68645	0.027085
-3.1558	-0.63226	0.00756
-3.1558	-0.57806	0.0040273
-3.1558	-0.52387	0.018019
-3.1558	-0.46968	0.0085941
-3.1558	-0.41548	0.0049405
-3.1558	-0.36129	0.027276
-3.1558	-0.3071	0.01552
-3.1558	-0.2529	0.0072491
-3.1558	-0.19871	0.047381
-3.1558	-0.14452	0.030597
-3.1558	-0.090324	0.01236
-3.1558	-0.036129	0.09283
-3.1558	0.018065	0.068044
-3.1558	0.072258	0.023037
-3.1558	0.12645	0.2056
-3.1558	0.18065	0.17769
-3.1558	0.23484	0.050163
-3.1558	0.28903	0.56913
-3.1558	0.34323	0.62896
-3.1558	0.39742	0.19955
-3.1558	0.45161	3.9402
-3.1558	0.50581	12.482
-3.1558	0.56	16.509
-3.1558	0.61419	10.655
-3.1558	0.66839	2.7083
-3.1558	0.72258	0.11351
-3.1558	0.77677	0.52941
-3.1558	0.83097	0.33912
-3.1558	0.88516	0.022303
-3.1558	0.93935	0.11935
-3.1558	0.99354	0.0927
-3.1558	1.0477	0.0067761
-3.1558	1.1019	0.032907
-3.1558	1.1561	0.027307
-3.1558	1.2645	0.0090651
-3.1558	1.3187	0.007424
-3.1558	1.7523	0.0055609
-3.1558	1.8065	0.033064
-3.1558	1.8606	0.060632
-3.1558	1.9148	0.050397
-3.1558	1.969	0.018168
-3.1201	-0.84903	0.008199
-3.1201	-0.79484	0.011115
-3.1201	-0.74065	0.0060752
-3.1201	-0.52387	0.0027031
-3.1201	-0.36129	0.0077996
-3.1201	-0.3071	0.0035721
-3.1201	-0.2529	0.0037135
-3.1201	-0.19871	0.01808
-3.1201	-0.14452	0.0092242
-3.1201	-0.090324	0.0074608
-3.1201	-0.036129	0.041656
-3.1201	0.018065	0.024126
-3.1201	0.072258	0.016096
-3.1201	0.12645	0.10678
-3.1201	0.18065	0.073841
-3.1201	0.23484	0.040042
-3.1201	0.28903	0.34641
-3.1201	0.34323	0.312
-3.1201	0.39742	0.19197
-3.1201	0.45161	3.059
-3.1201	0.50581	9.0767
-3.1201	0.56	11.788
-3.1201	0.61419	7.4831
-3.1201	0.66839	1.7674
-3.1201	0.72258	0.10175
-3.1201	0.77677	0.55824
-3.1201	0.83097	0.31184
-3.1201	0.88516	0.025898
-3.1201	0.93935	0.17691
-3.1201	0.99354	0.12253
-3.1201	1.0477	0.010376
-3.1201	1.1019	0.073674
-3.1201	1.1561	0.05671
-3.1201	1.2103	0.0048456
-3.1201	1.2645	0.034644
-3.1201	1.3187	0.028741
-3.1201	1.4271	0.013909
-3.1201	1.4813	0.012099
-3.1201	1.5897	0.0042064
-3.1201	1.6439	0.0033517
-3.1201	1.8065	0.0089565
-3.1201	1.8606	0.025791
-3.1201	1.9148	0.02945
-3.1201	1.969	0.012689
-3.0844	-2.1497	0.0031528
-3.0844	-2.0955	0.0039927
-3.0844	-1.0116	0.0025946
-3.0844	-0.90323	0.0084217
-3.0844	-0.84903	0.043786
-3.0844	-0.79484	0.076527
-3.0844	-0.74065	0.062023
-3.0844	-0.68645	0.02166
-3.0844	-0.19871	0.0062427
-3.0844	-0.14452	0.0025547
-3.0844	-0.090324	0.0045601
-3.0844	-0.036129	0.01947
-3.0844	0.018065	0.0087655
-3.0844	0.072258	0.011942
-3.0844	0.12645	0.058902
-3.0844	0.18065	0.031583
-3.0844	0.23484	0.033718
-3.0844	0.28903	0.21442
-3.0844	0.34323	0.15047
-3.0844	0.39742	0.1841
-3.0844	0.45161	2.2252
-3.0844	0.50581	5.9925
-3.0844	0.56	7.3162
-3.0844	0.61419	4.3343
-3.0844	0.66839	0.88397
-3.0844	0.72258	0.088409
-3.0844	0.77677	0.40624
-3.0844	0.83097	0.18414
-3.0844	0.88516	0.024652
-3.0844	0.93935	0.14946
-3.0844	0.99354	0.085221
-3.0844	1.0477	0.010709
-3.0844	1.1019	0.075439
-3.0844	1.1561	0.049108
-3.0844	1.2103	0.005956
-3.0844	1.2645	0.046102
-3.0844	1.3187	0.033818
-3.0844	1.3729	0.0035108
-3.0844	1.4271	0.028729
-3.0844	1.4813	0.023859
-3.0844	1.5897	0.019295
-3.0844	1.6439	0.018516
-3.0844	1.7523	0.019063
-3.0844	1.8065	0.033973
-3.0844	1.8606	0.019148
-3.0844	1.9148	0.0048222
-3.0487	-2.0955	0.0029151
-3.0487	-1.0116	0.0037806
-3.0487	-0.90323	0.023239
-3.0487	-0.84903	0.11896
-3.0487	-0.79484	0.22382
-3.0487	-0.74065	0.20074
-3.0487	-0.68645	0.077195
-3.0487	-0.63226	0.0056504
-3.0487	-0.57806	0.0076294
-3.0487	-0.52387	0.0089166
-3.0487	-0.036129	0.0076881
-3.0487	0.018065	0.0028139
-3.0487	0.072258	0.0087747
-3.0487	0.12645	0.034239
-3.0487	0.18065	0.014291
-3.0487	0.23484	0.031287
-3.0487	0.28903	0.15189
-3.0487	0.34323	0.08205
-3.0487	0.39742	0.2029
-3.0487	0.45161	1.9172
-3.0487	0.50581	4.7269
-3.0487	0.56	5.4168
-3.0487	0.61419	2.9667
-3.0487	0.66839	0.50621
-3.0487	0.72258	0.098034
-3.0487	0.77677	0.33279
-3.0487	0.83097	0.1188
-3.0487	0.88516	0.029391
-3.0487	0.93935	0.13325
-3.0487	0.99354	0.060084
-3.0487	1.0477	0.013432
-3.0487	1.1019	0.073548
-3.0487	1.1561	0.038281
-3.0487	1.2103	0.007969
-3.0487	1.2645	0.050116
-3.0487	1.3187	0.029977
-3.0487	1.3729	0.0050579
-3.0487	1.4271	0.037576
-3.0487	1.4813	0.026228
-3.0487	1.5355	0.003856
-3.0487	1.5897	0.034219
-3.0487	1.6439	0.029512
-3.0487	1.6981	0.0047392
-3.0487	1.7523	0.065583
-3.0487	1.8065	0.14078
-3.0487	1.8606	0.11707
-3.0487	1.9148	0.044512
-3.0487	1.969	0.0062466
-3.0129	-0.90323	0.018647
-3.0129	-0.84903	0.10022
-3.0129	-0.79484	0.21012
-3.0129	-0.74065	0.21072
-3.0129	-0.68645	0.087146
-3.0129	-0.63226	0.0058907
-3.0129	-0.57806	0.018961
-3.0129	-0.52387	0.021423
-3.0129	-0.41548	0.007021
-3.0129	-0.36129	0.0092062
-3.0129	0.072258	0.0039352
-3.0129	0.12645	0.014461
-3.0129	0.18065	0.0051534
-3.0129	0.23484	0.026291
-3.0129	0.28903	0.10637
-3.0129	0.34323	0.045165
-3.0129	0.39742	0.23694
-3.0129	0.45161	1.8637
-3.0129	0.50581	4.3297
-3.0129	0.56	4.7372
-3.0129	0.61419	2.4158
-3.0129	0.66839	0.33783
-3.0129	0.72258	0.1308
-3.0129	0.77677	0.32616
-3.0129	0.83097	0.08996
-3.0129	0.88516	0.042938
-3.0129	0.93935	0.14146
-3.0129	0.99354	0.049314
-3.0129	1.0477	0.020943
-3.0129	1.1019	0.083453
-3.0129	1.1561	0.033819
-3.0129	1.2103	0.013131
-3.0129	1.2645	0.060842
-3.0129	1.3187	0.028685
-3.0129	1.3729	0.0090177
-3.0129	1.4271	0.050649
-3.0129	1.4813	0.028349
-3.0129	1.5355	0.007542
-3.0129	1.5897	0.053743
-3.0129	1.6439	0.038245
-3.0129	1.6981	0.01134
-3.0129	1.7523	0.13968
-3.0129	1.8065	0.29142
-3.0129	1.8606	0.2549
-3.0129	1.9148	0.10636
-3.0129	1.969	0.016524
-2.9772	-0.90323	0.003848
-2.9772	-0.84903	0.022356
-2.9772	-0.79484	0.052518
-2.9772	-0.74065	0.058178
-2.9772	-0.68645	0.025059
-2.9772	-0.57806	0.010795
-2.9772	-0.52387	0.011349
-2.9772	-0.41548	0.0076401
-2.9772	-0.36129	0.0095103
-2.9772	-0.2529	0.0056646
-2.9772	-0.19871	0.0073
-2.9772	-0.090324	0.0035132
-2.9772	-0.036129	0.0039142
-2.9772	0.23484	0.0082365
-2.9772	0.28903	0.036125
-2.9772	0.34323	0.014374
-2.9772	0.39742	0.18631
-2.9772	0.45161	1.4174
-2.9772	0.50581	3.4304
-2.9772	0.56	3.8691
-2.9772	0.61419	1.9429
-2.9772	0.66839	0.22625
-2.9772	0.72258	0.18392
-2.9772	0.77677	0.35483
-2.9772	0.83097	0.075408
-2.9772	0.88516	0.07187
-2.9772	0.93935	0.1771
-2.9772	0.99354	0.046986
-2.9772	1.0477	0.038879
-2.9772	1.1019	0.11377
-2.9772	1.1561	0.035092
-2.9772	1.2103	0.025997
-2.9772	1.2645	0.088073
-2.9772	1.3187	0.031833
-2.9772	1.3729	0.019296
-2.9772	1.4271	0.078871
-2.9772	1.4813	0.03433
-2.9772	1.5355	0.017501
-2.9772	1.5897	0.092012
-2.9772	1.6439	0.051906
-2.9772	1.6981	0.03042
-2.9772	1.7523	0.29133
-2.9772	1.8065	0.56343
-2.9772	1.8606	0.47947
-2.9772	1.9148	0.19584
-2.9772	1.969	0.028168
-2.9772	2.0774	0.004167
-2.9415	-0.79484	0.0051463
-2.9415	-0.74065	0.007014
-2.9415	-0.68645	0.0033378
-2.9415	-0.57806	0.0028577
-2.9415	-0.52387	0.0027271
-2.9415	-0.41548	0.003266
-2.9415	-0.36129	0.0035434
-2.9415	-0.2529	0.0039426
-2.9415	-0.19871	0.0045177
-2.9415	-0.090324	0.0048121
-2.9415	-0.036129	0.0055672
-2.9415	0.072258	0.0047987
-2.9415	0.12645	0.0053168
-2.9415	0.23484	0.0026475
-2.9415	0.28903	0.0025276
-2.9415	0.39742	0.023225
-2.9415	0.45161	0.24071
-2.9415	0.50581	0.78073
-2.9415	0.56	1.1003
-2.9415	0.61419	0.633
-2.9415	0.66839	0.068368
-2.9415	0.72258	0.1322
-2.9415	0.77677	0.22593
-2.9415	0.83097	0.039933
-2.9415	0.88516	0.083825
-2.9415	0.93935	0.17242
-2.9415	0.99354	0.036588
-2.9415	1.0477	0.063564
-2.9415	1.1019	0.14838
-2.9415	1.1561	0.035707
-2.9415	1.2103	0.053057
-2.9415	1.2645	0.13888
-2.9415	1.3187	0.038506
-2.9415	1.3729	0.046383
-2.9415	1.4271	0.14225
-2.9415	1.4813	0.047442
-2.9415	1.5355	0.047171
-2.9415	1.5897	0.18394
-2.9415	1.6439	0.080078
-2.9415	1.6981	0.093439
-2.9415	1.7523	0.68873
-2.9415	1.8065	1.2188
-2.9415	1.8606	0.98211
-2.9415	1.9148	0.37741
-2.9415	1.969	0.047
-2.9415	2.0232	0.0040687
-2.9415	2.0774	0.010656
-2.9415	2.1316	0.0027039
-2.9058	-0.84903	0.0040395
-2.9058	-0.79484	0.0036211
-2.9058	-0.090324	0.0032799
-2.9058	-0.036129	0.0032758
-2.9058	0.072258	0.0056369
-2.9058	0.12645	0.006092
-2.9058	0.23484	0.0090618
-2.9058	0.28903	0.010914
-2.9058	0.39742	0.018823
-2.9058	0.45161	0.038569
-2.9058	0.50581	0.030586
-2.9058	0.56	0.032112
-2.9058	0.61419	0.027282
-2.9058	0.66839	0.0034282
-2.9058	0.72258	0.020728
-2.9058	0.77677	0.03464
-2.9058	0.83097	0.005394
-2.9058	0.88516	0.028103
-2.9058	0.93935	0.052089
-2.9058	0.99354	0.0092522
-2.9058	1.0477	0.036794
-2.9058	1.1019	0.075667
-2.9058	1.1561	0.015149
-2.9058	1.2103	0.04877
-2.9058	1.2645	0.11082
-2.9058	1.3187	0.025282
-2.9058	1.3729	0.06542
-2.9058	1.4271	0.1693
-2.9058	1.4813	0.046009
-2.9058	1.5355	0.095783
-2.9058	1.5897	0.30572
-2.9058	1.6439	0.10684
-2.9058	1.6981	0.26151
-2.9058	1.7523	1.6034
-2.9058	1.8065	2.7097
-2.9058	1.8606	2.1224
-2.9058	1.9148	0.77628
-2.9058	1.969	0.082156
-2.9058	2.0232	0.014475
-2.9058	2.0774	0.028253
-2.9058	2.1316	0.0057674
-2.9058	2.24	0.002707
-2.87	-0.90323	0.0056145
-2.87	-0.84903	0.013389
-2.87	-0.79484	0.014378
-2.87	-0.74065	0.0071932
-2.87	0.072258	0.0043185
-2.87	0.12645	0.0040065
-2.87	0.23484	0.011137
-2.87	0.28903	0.012637
-2.87	0.34323	0.0029722
-2.87	0.39742	0.05564
-2.87	0.45161	0.15858
-2.87	0.50581	0.17577
-2.87	0.56	0.088933
-2.87	0.61419	0.016914
-2.87	0.88516	0.0031364
-2.87	0.93935	0.0055057
-2.87	1.0477	0.0081023
-2.87	1.1019	0.014318
-2.87	1.2103	0.015795
-2.87	1.2645	0.030495
-2.87	1.3187	0.0055143
-2.87	1.3729	0.030522
-2.87	1.4271	0.067467
-2.87	1.4813	0.014751
-2.87	1.5355	0.065648
-2.87	1.5897	0.18145
-2.87	1.6439	0.05219
-2.87	1.6981	0.27975
-2.87	1.7523	1.5778
-2.87	1.8065	2.7568
-2.87	1.8606	2.2705
-2.87	1.9148	0.85354
-2.87	1.969	0.081303
-2.87	2.0232	0.030987
-2.87	2.0774	0.049564
-2.87	2.1316	0.0085658
-2.87	2.1858	0.0035046
-2.87	2.24	0.0066517
-2.8343	-0.90323	0.012277
-2.8343	-0.84903	0.02912
-2.8343	-0.79484	0.032324
-2.8343	-0.74065	0.016745
-2.8343	-0.68645	0.0025137
-2.8343	0.23484	0.0097448
-2.8343	0.28903	0.0095341
-2.8343	0.34323	0.0046106
-2.8343	0.39742	0.078334
-2.8343	0.45161	0.22961
-2.8343	0.50581	0.2849
-2.8343	0.56	0.17029
-2.8343	0.61419	0.039071
-2.8343	0.72258	0.0055772
-2.8343	0.77677	0.0028391
-2.8343	1.2103	0.0034465
-2.8343	1.2645	0.0057413
-2.8343	1.3729	0.0094428
-2.8343	1.4271	0.017211
-2.8343	1.4813	0.0029439
-2.8343	1.5355	0.025503
-2.8343	1.5897	0.057569
-2.8343	1.6439	0.012713
-2.8343	1.6981	0.13823
-2.8343	1.7523	0.68282
-2.8343	1.8065	1.1588
-2.8343	1.8606	0.9457
-2.8343	1.9148	0.34553
-2.8343	1.969	0.027548
-2.8343	2.0232	0.022256
-2.8343	2.0774	0.029579
-2.8343	2.1316	0.0042344
-2.8343	2.1858	0.0036335
-2.8343	2.24	0.0057841
-2.7986	-0.95742	0.0025794
-2.7986	-0.90323	0.019568
-2.7986	-0.84903	0.048394
-2.7986	-0.79484	0.056475
-2.7986	-0.74065	0.02986
-2.7986	-0.68645	0.003956
-2.7986	-0.57806	0.0049703
-2.7986	0.23484	0.0063803
-2.7986	0.28903	0.0053309
-2.7986	0.34323	0.0059892
-2.7986	0.39742	0.083141
-2.7986	0.45161	0.24079
-2.7986	0.50581	0.30828
-2.7986	0.56	0.19042
-2.7986	0.61419	0.042559
-2.7986	0.66839	0.0025298
-2.7986	0.72258	0.012666
-2.7986	0.77677	0.0063252
-2.7986	1.4271	0.0036397
-2.7986	1.5355	0.0090236
-2.7986	1.5897	0.017104
-2.7986	1.6439	0.0033148
-2.7986	1.6981	0.063594
-2.7986	1.7523	0.27636
-2.7986	1.8065	0.44427
-2.7986	1.8606	0.345
-2.7986	1.9148	0.11556
-2.7986	1.969	0.0070602
-2.7986	2.0232	0.011362
-2.7986	2.0774	0.011873
-2.7986	2.24	0.0026464
-2.7628	-0.90323	0.0091564
-2.7628	-0.84903	0.025278
-2.7628	-0.79484	0.033382
-2.7628	-0.74065	0.019439
-2.7628	-0.63226	0.0032479
-2.7628	-0.57806	0.0065544
-2.7628	-0.41548	0.0047583
-2.7628	-0.2529	0.0030781
-2.7628	0.34323	0.0055541
-2.7628	0.39742	0.066479
-2.7628	0.45161	0.19837
-2.7628	0.50581	0.26594
-2.7628	0.56	0.16822
-2.7628	0.61419	0.035093
-2.7628	0.66839	0.0042088
-2.7628	0.72258	0.018229
-2.7628	0.77677	0.0079095
-2.7628	0.88516	0.0059668
-2.7628	0.93935	0.0030895
-2.7628	1.5897	0.0038959
-2.7628	1.6981	0.026298
-2.7628	1.7523	0.10738
-2.7628	1.8065	0.17005
-2.7628	1.8606	0.12892
-2.7628	1.9148	0.039967
-2.7628	2.0232	0.0060157
-2.7628	2.0774	0.0050239
-2.7271	-0.84903	0.0049095
-2.7271	-0.79484	0.0069542
-2.7271	-0.74065	0.00413
-2.7271	-0.41548	0.0029189
-2.7271	-0.2529	0.0037923
-2.7271	-0.090324	0.0050208
-2.7271	0.072258	0.0053889
-2.7271	0.23484	0.0034475
-2.7271	0.34323	0.0027671
-2.7271	0.39742	0.025689
-2.7271	0.45161	0.090634
-2.7271	0.50581	0.14773
-2.7271	0.56	0.10649
-2.7271	0.61419	0.021894
-2.7271	0.66839	0.0059156
-2.7271	0.72258	0.020758
-2.7271	0.77677	0.0077446
-2.7271	0.88516	0.009935
-2.7271	0.93935	0.0043272
-2.7271	1.0477	0.0051029
-2.7271	1.2103	0.0026385
-2.7271	1.6981	0.0061478
-2.7271	1.7523	0.028475
-2.7271	1.8065	0.050163
-2.7271	1.8606	0.040282
-2.7271	1.9148	0.012109
-2.7271	2.0232	0.0030239
-2.6914	-2.2039	0.0024965
-2.6914	-0.090324	0.0030448
-2.6914	0.018065	0.0029016
-2.6914	0.072258	0.0066561
-2.6914	0.18065	0.0053731
-2.6914	0.23484	0.014097
-2.6914	0.28903	0.0037392
-2.6914	0.34323	0.015043
-2.6914	0.39742	0.065015
-2.6914	0.45161	0.082487
-2.6914	0.50581	0.055663
-2.6914	0.56	0.028074
-2.6914	0.61419	0.0061082
-2.6914	0.66839	0.0036252
-2.6914	0.72258	0.013004
-2.6914	0.77677	0.0048884
-2.6914	0.83097	0.0035427
-2.6914	0.88516	0.01221
-2.6914	0.93935	0.0045899
-2.6914	0.99354	0.00272
-2.6914	1.0477	0.0096771
-2.6914	1.1019	0.0036496
-2.6914	1.2103	0.0072864
-2.6914	1.2645	0.0028189
-2.6914	1.3729	0.0051754
-2.6914	1.5355	0.0031966
-2.6914	1.7523	0.0026501
-2.6914	1.8065	0.0046195
-2.6914	1.8606	0.0054767
-2.6557	-2.2039	0.0026162
-2.6557	-2.1497	0.0029665
-2.6557	0.072258	0.0035036
-2.6557	0.18065	0.0051027
-2.6557	0.23484	0.011669
-2.6557	0.28903	0.0026174
-2.6557	0.34323	0.026876
-2.6557	0.39742	0.12837
-2.6557	0.45161	0.20456
-2.6557	0.50581	0.15182
-2.6557	0.56	0.049554
-2.6557	0.61419	0.0040563
-2.6557	0.88516	0.0040606
-2.6557	0.99354	0.0027758
-2.6557	1.0477	0.008812
-2.6557	1.1019	0.0030145
-2.6557	1.1561	0.0040865
-2.6557	1.2103	0.012665
-2.6557	1.2645	0.0041268
-2.6557	1.3187	0.0045442
-2.6557	1.3729	0.014933
-2.6557	1.4271	0.0053276
-2.6557	1.4813	0.0041102
-2.6557	1.5355	0.016247
-2.6557	1.5897	0.0070148
-2.6557	1.6439	0.0052868
-2.6557	1.6981	0.035306
-2.6557	1.7523	0.049728
-2.6557	1.8065	0.028844
-2.6557	1.8606	0.0071185
-2.6199	-0.90323	0.0050408
-2.6199	-0.84903	0.0062723
-2.6199	-0.79484	0.0037021
-2.6199	0.18065	0.0036748
-2.6199	0.23484	0.0068806
-2.6199	0.34323	0.026107
-2.6199	0.39742	0.116
-2.6199	0.45161	0.19148
-2.6199	0.50581	0.15343
-2.6199	0.56	0.05396
-2.6199	0.61419	0.0038052
-2.6199	0.66839	0.0040819
-2.6199	0.72258	0.00475
-2.6199	1.2103	0.0048795
-2.6199	1.3187	0.0046413
-2.6199	1.3729	0.014314
-2.6199	1.4271	0.0046698
-2.6199	1.4813	0.009345
-2.6199	1.5355	0.033695
-2.6199	1.5897	0.013378
-2.6199	1.6439	0.025269
-2.6199	1.6981	0.16233
-2.6199	1.7523	0.2651
-2.6199	1.8065	0.19286
-2.6199	1.8606	0.064232
-2.6199	1.9148	0.006583
-2.5842	-0.95742	0.0031032
-2.5842	-0.90323	0.0090209
-2.5842	-0.84903	0.011757
-2.5842	-0.79484	0.0072787
-2.5842	0.23484	0.0033984
-2.5842	0.34323	0.020768
-2.5842	0.39742	0.084467
-2.5842	0.45161	0.13713
-2.5842	0.50581	0.10945
-2.5842	0.56	0.03717
-2.5842	0.66839	0.0052761
-2.5842	0.72258	0.0053534
-2.5842	1.4813	0.0039381
-2.5842	1.5355	0.013362
-2.5842	1.5897	0.0048456
-2.5842	1.6439	0.023844
-2.5842	1.6981	0.15754
-2.5842	1.7523	0.30446
-2.5842	1.8065	0.27018
-2.5842	1.8606	0.10895
-2.5842	1.9148	0.01218
-2.5842	2.0232	0.0045087
-2.5485	-0.95742	0.0032098
-2.5485	-0.90323	0.0098212
-2.5485	-0.84903	0.013899
-2.5485	-0.79484	0.0090709
-2.5485	0.34323	0.013037
-2.5485	0.39742	0.049937
-2.5485	0.45161	0.08028
-2.5485	0.50581	0.063349
-2.5485	0.56	0.020246
-2.5485	0.66839	0.0046942
-2.5485	0.72258	0.0040153
-2.5485	1.6439	0.0066636
-2.5485	1.6981	0.041612
-2.5485	1.7523	0.085675
-2.5485	1.8065	0.083207
-2.5485	1.8606	0.036399
-2.5485	1.9148	0.0039023
-2.5485	2.0232	0.0033828
-2.5128	-0.95742	0.0062352
-2.5128	-0.90323	0.011318
-2.5128	-0.84903	0.011216
-2.5128	-0.79484	0.0064921
-2.5128	0.34323	0.0050822
-2.5128	0.39742	0.02012
-2.5128	0.45161	0.034052
-2.5128	0.50581	0.027608
-2.5128	0.56	0.0084184
-2.5128	0.66839	0.0031657
-2.5128	1.6981	0.005947
-2.5128	1.7523	0.013731
-2.5128	1.8065	0.014599
-2.5128	1.8606	0.0066035
-2.477	-0.95742	0.011851
-2.477	-0.90323	0.0235
-2.477	-0.84903	0.021695
-2.477	-0.79484	0.0088444
-2.477	0.39742	0.0028681
-2.477	0.45161	0.0064716
-2.477	0.50581	0.0064883
-2.4413	-0.95742	0.011998
-2.4413	-0.90323	0.023914
-2.4413	-0.84903	0.023143
-2.4413	-0.79484	0.0098812
-2.4413	0.18065	0.0026151
-2.4413	0.34323	0.0067976
-2.4413	0.39742	0.0090137
-2.4413	0.45161	0.0049479
-2.4413	1.6981	0.0044746
-2.4413	1.7523	0.0039434
-2.4056	-0.95742	0.0099269
-2.4056	-0.90323	0.019043
-2.4056	-0.84903	0.017985
-2.4056	-0.79484	0.0073044
-2.4056	0.018065	0.003712
-2.4056	0.12645	0.0030659
-2.4056	0.18065	0.0084634
-2.4056	0.23484	0.0025309
-2.4056	0.28903	0.0076881
-2.4056	0.34323	0.040794
-2.4056	0.39742	0.062281
-2.4056	0.45161	0.043989
-2.4056	0.50581	0.014295
-2.4056	1.6439	0.0036492
-2.4056	1.6981	0.0085339
-2.4056	1.7523	0.0083662
-2.4056	1.8065	0.0039356
-2.3699	-0.95742	0.0069875
-2.3699	-0.90323	0.01285
-2.3699	-0.84903	0.011687
-2.3699	-0.79484	0.0043914
-2.3699	0.12645	0.0027994
-2.3699	0.18065	0.0085716
-2.3699	0.23484	0.0025083
-2.3699	0.28903	0.023682
-2.3699	0.34323	0.12802
-2.3699	0.39742	0.21569
-2.3699	0.45161	0.16647
-2.3699	0.50581	0.057697
-2.3699	0.56	0.0051394
-2.3699	1.6439	0.0044786
-2.3699	1.6981	0.010129
-2.3699	1.7523	0.010097
-2.3699	1.8065	0.0048649
-2.3341	-0.95742	0.004126
-2.3341	-0.90323	0.0072951
-2.3341	-0.84903	0.0063665
-2.3341	0.28903	0.009188
-2.3341	0.34323	0.065078
-2.3341	0.39742	0.16016
-2.3341	0.45161	0.178
-2.3341	0.50581	0.082608
-2.3341	0.56	0.0080348
-2.3341	0.61419	0.0064265
-2.3341	0.66839	0.0093255
-2.3341	1.6439	0.0040727
-2.3341	1.6981	0.0088836
-2.3341	1.7523	0.0088274
-2.3341	1.8065	0.0042081
-2.2984	-0.90323	0.003388
-2.2984	-0.84903	0.0028298
-2.2984	0.34323	0.0088362
-2.2984	0.39742	0.017342
-2.2984	0.45161	0.021493
-2.2984	0.50581	0.012831
-2.2984	0.61419	0.0036299
-2.2984	0.66839	0.0064637
-2.2984	0.83097	0.0036239
-2.2984	1.6439	0.0026236
-2.2984	1.6981	0.0057253
-2.2984	1.7523	0.0057777
-2.2984	1.8065	0.0027356
-2.2627	0.28903	0.0057994
-2.2627	0.34323	0.016401
-2.2627	0.39742	0.018367
-2.2627	0.45161	0.010076
-2.2269	0.28903	0.0098804
-2.2269	0.34323	0.027538
-2.2269	0.39742	0.032445
-2.2269	0.45161	0.018632
-2.2269	0.50581	0.0042204
-2.1912	0.28903	0.011842
-2.1912	0.34323	0.031486
-2.1912	0.39742	0.037223
-2.1912	0.45161	0.021618
-2.1912	0.50581	0.0047246
-2.1912	1.5897	0.004238
-2.1912	1.6439	0.01417
-2.1912	1.6981	0.015995
-2.1912	1.7523	0.0078996
-2.1555	0.28903	0.011008
-2.1555	0.34323	0.02774
-2.1555	0.39742	0.032219
-2.1555	0.45161	0.018325
-2.1555	0.50581	0.0036679
-2.1555	1.6439	0.0085127
-2.1555	1.6981	0.013257
-2.1555	1.7523	0.0097824
-2.1555	1.8065	0.0029218
-2.1198	0.28903	0.0081464
-2.1198	0.34323	0.019549
-2.1198	0.39742	0.022177
-2.1198	0.45161	0.012184
-2.1198	1.6981	0.0033124
-2.1198	1.7523	0.0026076
-2.084	0.28903	0.0047524
-2.084	0.34323	0.010976
-2.084	0.39742	0.012167
-2.084	0.45161	0.0064103
-2.0483	0.34323	0.0047708
-2.0483	0.39742	0.0051653
-2.0483	0.45161	0.0025842
-1.9411	1.6439	0.002568
-1.2981	0.18065	0.0034149
-1.2981	0.23484	0.0063257
-1.2981	0.28903	0.005567
-1.2623	0.12645	0.01158
-1.2623	0.18065	0.095242
-1.2623	0.23484	0.14124
-1.2623	0.28903	0.079987
-1.2623	0.34323	0.023786
-1.2623	0.45161	0.0093805
-1.2623	0.50581	0.0052819
-1.2623	0.61419	0.0032005
-1.2623	0.66839	0.0025411
-1.2266	-0.036129	0.0033735
-1.2266	0.018065	0.0033546
-1.2266	0.072258	0.0039181
-1.2266	0.12645	0.039176
-1.2266	0.18065	0.036773
-1.2266	0.23484	0.022601
-1.2266	0.28903	0.0092687
-1.1909	0.18065	0.0038662
-1.1909	0.23484	0.0035764
-1.1194	1.4271	0.0032667
-1.0837	1.4271	0.0076574
-1.0837	1.4813	0.017673
-1.0837	1.5355	0.009099
-1.048	1.4813	0.0025392
-1.048	1.5355	0.0087263
-1.048	1.5897	0.005543
0.38108	-1.0116	0.002834
0.48826	-0.95742	0.0040302
0.52399	-0.95742	0.0067764
0.55971	-0.95742	0.0038592
0.63117	-0.90323	0.014465
0.66689	-0.84903	0.013761
0.70262	-0.84903	0.018586
0.73835	-0.84903	0.0087044
0.73835	-0.79484	0.029798
0.77407	-0.84903	0.0026788
0.77407	-0.79484	0.066955
0.8098	-0.79484	0.0062109
0.8098	-0.74065	0.0063771
0.84553	-0.74065	0.0099104
0.84553	-0.68645	0.040829
0.88125	-0.68645	0.10586
0.88125	-0.63226	0.004996
0.88125	-0.19871	0.0038087
0.88125	-0.14452	0.0037391
0.91698	-0.68645	0.011446
0.91698	-0.63226	0.046808
0.91698	-0.2529	0.0048881
0.91698	-0.19871	0.01072
0.91698	-0.14452	0.010754
0.91698	-0.090324	0.0053445
0.95271	-0.57806	0.037796
0.95271	-0.52387	0.0026551
0.95271	-0.2529	0.01056
0.95271	-0.19871	0.021442
0.95271	-0.14452	0.020905
0.95271	-0.090324	0.010143
0.98842	-0.57806	0.042532
0.98842	-0.52387	0.058395
0.98842	-0.41548	0.00306
0.98842	-0.3071	0.0033039
0.98842	-0.2529	0.018962
0.98842	-0.19871	0.034999
0.98842	-0.14452	0.0323
0.98842	-0.090324	0.014812
1.0242	-0.52387	0.0090812
1.0242	-0.46968	0.020117
1.0242	-0.41548	0.008739
1.0242	-0.3071	0.0070118
1.0242	-0.2529	0.030779
1.0242	-0.19871	0.050328
1.0242	-0.14452	0.042882
1.0242	-0.090324	0.018102
1.0599	-0.46968	0.033516
1.0599	-0.41548	0.10255
1.0599	-0.36129	0.0035045
1.0599	-0.3071	0.016166
1.0599	-0.2529	0.049914
1.0599	-0.19871	0.068437
1.0599	-0.14452	0.051855
1.0599	-0.090324	0.019515
1.0956	-0.41548	0.012503
1.0956	-0.36129	0.030204
1.0956	-0.3071	0.1138
1.0956	-0.2529	0.10472
1.0956	-0.19871	0.099702
1.0956	-0.14452	0.061709
1.0956	-0.090324	0.019604
1.0956	0.072258	0.002803
1.0956	1.0477	0.0029755
1.0956	1.1019	0.0056152
1.0956	1.1561	0.0050027
1.1313	-0.3071	0.40751
1.1313	-0.2529	1.1887
1.1313	-0.19871	0.27951
1.1313	-0.14452	0.08964
1.1313	-0.090324	0.020621
1.1313	0.018065	0.0029369
1.1313	0.072258	0.0028862
1.1313	0.99354	0.0032279
1.1313	1.0477	0.021508
1.1313	1.1019	0.049947
1.1313	1.1561	0.065567
1.1313	1.2103	0.056663
1.1313	1.2645	0.017446
1.1313	1.3187	0.0029986
1.1671	-0.3071	0.0059667
1.1671	-0.2529	0.19558
1.1671	-0.19871	1.4451
1.1671	-0.14452	0.64533
1.1671	-0.090324	0.044678
1.1671	0.018065	0.0043332
1.1671	0.072258	0.0030383
1.1671	0.39742	0.0033383
1.1671	0.88516	0.0045054
1.1671	0.99354	0.03124
1.1671	1.0477	0.29929
1.1671	1.1019	1.4267
1.1671	1.1561	1.2617
1.1671	1.2103	0.3438
1.1671	1.2645	0.012706
1.2028	-0.2529	0.0061322
1.2028	-0.19871	0.019976
1.2028	-0.14452	0.091833
1.2028	-0.090324	0.14491
1.2028	-0.036129	0.018573
1.2028	0.018065	0.023743
1.2028	0.072258	0.0058707
1.2028	0.18065	0.0031923
1.2028	0.23484	0.0026717
1.2028	0.34323	0.0040364
1.2028	0.39742	0.005466
1.2028	0.45161	0.0027695
1.2028	0.56	0.0028877
1.2028	0.83097	0.011131
1.2028	0.88516	0.041275
1.2028	0.93935	0.019652
1.2028	0.99354	0.47912
1.2028	1.0477	1.5009
1.2028	1.1019	0.94509
1.2028	1.1561	0.20848
1.2028	1.2103	0.031281
1.2385	-0.2529	0.0055398
1.2385	-0.19871	0.0077301
1.2385	-0.14452	0.0059611
1.2385	0.018065	0.019968
1.2385	0.072258	0.019912
1.2385	0.12645	0.0097996
1.2385	0.18065	0.024673
1.2385	0.23484	0.019668
1.2385	0.28903	0.0093173
1.2385	0.34323	0.020404
1.2385	0.39742	0.023026
1.2385	0.45161	0.014171
1.2385	0.50581	0.016874
1.2385	0.56	0.025218
1.2385	0.61419	0.01135
1.2385	0.66839	0.011712
1.2385	0.72258	0.024163
1.2385	0.77677	0.0048775
1.2385	0.83097	0.059123
1.2385	0.88516	0.076653
1.2385	0.93935	0.0056715
1.2385	0.99354	0.052939
1.2385	1.0477	0.10101
1.2385	1.1019	0.086595
1.2385	1.1561	0.039858
1.2385	1.2103	0.0085141
1.2742	-0.2529	0.005667
1.2742	-0.19871	0.0068801
1.2742	-0.14452	0.0039564
1.2742	0.23484	0.0032635
1.2742	0.28903	0.0076799
1.2742	0.34323	0.039582
1.2742	0.39742	0.060964
1.2742	0.45161	0.044656
1.2742	0.50581	0.047847
1.2742	0.56	0.037612
1.2742	0.61419	0.0072078
1.2742	0.66839	0.0025595
1.2742	0.72258	0.0027077
1.2742	0.83097	0.0025756
1.2742	0.99354	0.011109
1.2742	1.0477	0.025681
1.2742	1.1019	0.026246
1.2742	1.1561	0.013697
1.2742	1.2103	0.0030701
1.31	-0.2529	0.0042957
1.31	-0.19871	0.0048829
1.31	0.99354	0.0037704
1.31	1.0477	0.0087968
1.31	1.1019	0.0094069
1.31	1.1561	0.0050797
1.3457	1.0477	0.0030213
1.3457	1.1019	0.0032754
1.703	-0.3071	0.0027366
1.7387	-0.36129	0.0026061
1.7387	-0.3071	0.0036803
1.7744	-0.3071	0.0032911
1.9173	-0.41548	0.0027638
1.9173	-0.36129	0.00432
1.9173	-0.3071	0.0030905
1.953	-0.41548	0.005585
1.953	-0.36129	0.0089519
1.953	-0.3071	0.00678
1.9888	-0.41548	0.0080076
1.9888	-0.36129	0.01277
1.9888	-0.3071	0.0097673
1.9888	-0.2529	0.0032025
2.0245	-0.41548	0.0086584
2.0245	-0.36129	0.013692
2.0245	-0.3071	0.010441
2.0245	-0.2529	0.0032871
2.0602	-0.41548	0.0070109
2.0602	-0.36129	0.011157
2.0602	-0.3071	0.0085266
2.0602	-0.2529	0.002559
2.096	-0.41548	0.0038891
2.096	-0.36129	0.006525
2.096	-0.3071	0.0051475
2.1674	0.88516	0.0029433
2.1674	0.93935	0.0031879
2.2031	0.83097	0.0026081
2.2031	0.88516	0.0071236
2.2031	0.93935	0.0081186
2.2031	0.99354	0.0044512
2.2389	-0.46968	0.0032512
2.2389	-0.41548	0.0051107
2.2389	-0.36129	0.0038688
2.2389	0.83097	0.0063023
2.2389	0.88516	0.017627
2.2389	0.93935	0.021534
2.2389	0.99354	0.012612
2.2389	1.0477	0.0025454
2.2746	-0.46968	0.0057047
2.2746	-0.41548	0.0091732
2.2746	-0.36129	0.007407
2.2746	-0.3071	0.0027512
2.2746	0.83097	0.015983
2.2746	0.88516	0.042655
2.2746	0.93935	0.047843
2.2746	0.99354	0.023787
2.2746	1.0477	0.0036156
2.3103	-0.46968	0.0081078
2.3103	-0.41548	0.012901
2.3103	-0.36129	0.010594
2.3103	-0.3071	0.0039788
2.3103	0.83097	0.011655
2.3103	0.88516	0.023303
2.3103	0.93935	0.01986
2.3103	0.99354	0.0076772
2.346	-0.52387	0.0029845
2.346	-0.46968	0.010112
2.346	-0.41548	0.015847
2.346	-0.36129	0.013072
2.346	-0.3071	0.0048535
2.346	0.88516	0.0032239
2.346	0.93935	0.0031241
2.3818	-0.52387	0.0034599
2.3818	-0.46968	0.011115
2.3818	-0.41548	0.01757
2.3818	-0.36129	0.014786
2.3818	-0.3071	0.0054525
2.4175	-0.52387	0.0026668
2.4175	-0.46968	0.0085993
2.4175	-0.41548	0.014673
2.4175	-0.36129	0.013068
2.4175	-0.3071	0.0048134
2.4889	-0.52387	0.0080374
2.4889	-0.46968	0.01162
2.4889	-0.41548	0.0080208
2.4889	-0.36129	0.0028144
2.5247	-0.52387	0.010154
2.5247	-0.46968	0.015809
2.5247	-0.41548	0.012251
2.5247	-0.36129	0.0047942
2.5604	-1.7703	0.0025749
2.5604	-0.52387	0.0090602
2.5604	-0.46968	0.014709
2.5604	-0.41548	0.012039
2.5604	-0.36129	0.0048321
2.5961	-1.8245	0.0049604
2.5961	-1.7703	0.0093312
2.5961	-1.7161	0.0080258
2.5961	-0.52387	0.0071376
2.5961	-0.46968	0.01197
2.5961	-0.41548	0.010197
2.5961	-0.36129	0.0041131
2.5961	0.83097	0.0027092
2.5961	0.88516	0.0027909
2.6318	-1.8787	0.0030343
2.6318	-1.8245	0.01092
2.6318	-1.7703	0.016667
2.6318	-1.7161	0.01126
2.6318	-0.52387	0.0048899
2.6318	-0.46968	0.0086178
2.6318	-0.41548	0.007739
2.6318	-0.36129	0.0031565
2.6318	0.83097	0.0025792
2.6318	0.88516	0.0026667
2.6676	-1.8787	0.003057
2.6676	-1.8245	0.0065899
2.6676	-1.7703	0.0067423
2.6676	-1.7161	0.0034025
2.6676	-0.52387	0.0026169
2.6676	-0.46968	0.0050971
2.6676	-0.41548	0.0050607
2.7033	-1.8245	0.0036713
2.7033	-1.7703	0.0032338
2.739	-1.8245	0.0031291
2.739	-1.7703	0.0027653
2.739	-0.52387	0.0036291
2.739	-0.46968	0.0029705
2.7748	-1.8245	0.0028425
2.7748	-1.7703	0.0026386
2.7748	-0.57806	0.0064084
2.7748	-0.52387	0.01358
2.7748	-0.46968	0.011741
2.7748	-0.41548	0.0042129
2.8105	-1.8245	0.0026877
2.8105	-1.7703	0.0026915
2.8105	-0.57806	0.0051665
2.8105	-0.52387	0.010585
2.8105	-0.46968	0.0095935
2.8105	-0.41548	0.0038282
2.8462	-1.7703	0.0025502
2.8462	-0.57806	0.002976
2.8462	-0.52387	0.0059492
2.8462	-0.46968	0.0055885
2.8819	-0.57806	0.0025848
2.8819	-0.52387	0.0044133
2.8819	-0.46968	0.0038108
2.9177	-0.57806	0.0046756
2.9177	-0.52387	0.0066376
2.9177	-0.46968	0.0047504
2.9534	-0.63226	0.0035742
2.9534	-0.57806	0.012381
2.9534	-0.52387	0.016785
2.9534	-0.46968	0.011097
2.9534	-0.41548	0.0030683
2.9891	-1.8245	0.0025767
2.9891	-0.63226	0.009794
2.9891	-0.57806	0.032426
2.9891	-0.52387	0.043534
2.9891	-0.46968	0.027957
2.9891	-0.41548	0.0068841
3.0248	-1.8787	0.0031178
3.0248	-1.8245	0.0040435
3.0248	-0.63226	0.013133
3.0248	-0.57806	0.040106
3.0248	-0.52387	0.05087
3.0248	-0.46968	0.030387
3.0248	-0.41548	0.0064393
3.0606	-1.8787	0.0034107
3.0606	-1.8245	0.0045878
3.0606	-1.7703	0.0026762
3.0606	-0.63226	0.0051319
3.0606	-0.57806	0.015276
3.0606	-0.52387	0.019403
3.0606	-0.46968	0.011462
3.0963	-0.57806	0.0043942
3.0963	-0.52387	0.0057557
3.0963	-0.46968	0.0035526
3.132	-0.57806	0.0042274
3.132	-0.52387	0.0040072
3.1677	-0.63226	0.0077639
3.1677	-0.57806	0.013157
3.1677	-0.52387	0.01093
3.1677	-0.46968	0.0043879
3.1677	0.72258	0.003981
3.1677	0.77677	0.0034191
3.2035	-0.68645	0.0038133
3.2035	-0.63226	0.017942
3.2035	-0.57806	0.030068
3.2035	-0.52387	0.024401
3.2035	-0.46968	0.0089297
3.2035	0.72258	0.0033988
3.2035	0.77677	0.0027977
3.2392	-0.68645	0.0034521
3.2392	-0.63226	0.015014
3.2392	-0.57806	0.024618
3.2392	-0.52387	0.019496
3.2392	-0.46968	0.006602
3.2749	-0.63226	0.0063647
3.2749	-0.57806	0.010857
3.2749	-0.52387	0.0088792
3.2749	-0.46968	0.0029071
3.3106	-0.63226	0.0026297
3.3106	-0.57806	0.00436
3.3106	-0.52387	0.0036689
3.3464	-0.63226	0.0051773
3.3464	-0.57806	0.0050284
3.3464	-0.52387	0.0026365
3.3821	-1.9329	0.0034512
3.3821	-1.8787	0.0032347
3.3821	-0.68645	0.0065702
3.3821	-0.63226	0.013576
3.3821	-0.57806	0.012415
3.3821	-0.52387	0.0053778
3.4178	-1.9329	0.0047767
3.4178	-1.8787	0.004516
3.4178	-0.68645	0.0068868
3.4178	-0.63226	0.01457
3.4178	-0.57806	0.013961
3.4178	-0.52387	0.0061787
3.4536	-1.9329	0.0025563
3.4536	-0.68645	0.005166
3.4536	-0.63226	0.011638
3.4536	-0.57806	0.011934
3.4536	-0.52387	0.0054431
3.4536	0.66839	0.0031294
3.4536	0.72258	0.003389
3.4893	-0.63226	0.0066222
3.4893	-0.57806	0.0075446
3.4893	-0.52387	0.0035503
3.5607	-0.68645	0.0042443
3.5607	-0.63226	0.0046749
3.5965	-0.74065	0.0042503
3.5965	-0.68645	0.012605
3.5965	-0.63226	0.015371
3.5965	-0.57806	0.0091355
3.6322	-1.9329	0.0028924
3.6322	-0.74065	0.0062437
3.6322	-0.68645	0.018289
3.6322	-0.63226	0.023009
3.6322	-0.57806	0.014069
3.6322	-0.52387	0.0032968
3.6679	-0.74065	0.0046395
3.6679	-0.68645	0.013687
3.6679	-0.63226	0.017876
3.6679	-0.57806	0.011188
3.7036	-0.68645	0.0071507
3.7036	-0.63226	0.0099201
3.7036	-0.57806	0.006455
3.7394	-0.68645	0.0031644
3.7394	-0.63226	0.0035761
3.7751	-0.74065	0.0044569
3.7751	-0.68645	0.0068953
3.7751	-0.63226	0.0050569
3.8108	-0.74065	0.0091902
3.8108	-0.68645	0.014793
3.8108	-0.63226	0.011281
3.8108	-0.57806	0.0038034
3.8465	-0.74065	0.010385
3.8465	-0.68645	0.017383
3.8465	-0.63226	0.013869
3.8465	-0.57806	0.0046872
3.8465	0.61419	0.0026958
3.8823	-0.74065	0.0065931
3.8823	-0.68645	0.011867
3.8823	-0.63226	0.010022
3.8823	-0.57806	0.0033581
3.8823	0.61419	0.0026525
3.918	-0.68645	0.0035281
3.918	-0.63226	0.0034885
3.9537	-2.0955	0.0032372
3.9537	-2.0413	0.0063701
3.9537	-1.9871	0.0058205
3.9895	-2.0955	0.0055471
3.9895	-2.0413	0.011198
3.9895	-1.9871	0.010744
3.9895	-1.9329	0.0046081
3.9895	-0.79484	0.0027184
3.9895	-0.74065	0.0058467
3.9895	-0.68645	0.0053596
4.0252	-2.0955	0.0063322
4.0252	-2.0413	0.012968
4.0252	-1.9871	0.01272
4.0252	-1.9329	0.0053883
4.0252	-0.79484	0.0039429
4.0252	-0.74065	0.0093648
4.0252	-0.68645	0.0098913
4.0252	-0.63226	0.0048091
4.0609	-2.0955	0.0046049
4.0609	-2.0413	0.0098428
4.0609	-1.9871	0.0099909
4.0609	-1.9329	0.0041554
4.0609	-0.74065	0.0061994
4.0609	-0.68645	0.0075868
4.0609	-0.63226	0.0040962
4.0966	-2.0413	0.0040485
4.0966	-1.9871	0.0046068
4.1324	-0.84903	0.0027522
4.1324	-0.79484	0.0082745
4.1324	-0.74065	0.0082145
4.1324	-0.68645	0.0034872
4.1681	-1.0116	0.0025862
4.1681	-0.95742	0.0034317
4.1681	-0.84903	0.0092445
4.1681	-0.79484	0.029588
4.1681	-0.74065	0.035631
4.1681	-0.68645	0.020414
4.1681	-0.63226	0.0049248
4.2038	-2.1497	0.0028273
4.2038	-2.0955	0.0069253
4.2038	-2.0413	0.0075528
4.2038	-1.9871	0.0037804
4.2038	-1.0116	0.0032433
4.2038	-0.95742	0.0038536
4.2038	-0.84903	0.018223
4.2038	-0.79484	0.057392
4.2038	-0.74065	0.07297
4.2038	-0.68645	0.045051
4.2038	-0.63226	0.011401
4.2395	-2.1497	0.0038376
4.2395	-2.0955	0.0097883
4.2395	-2.0413	0.011482
4.2395	-1.9871	0.0061761
4.2395	-1.0116	0.0026735
4.2395	-0.95742	0.0028371
4.2395	-0.84903	0.02372
4.2395	-0.79484	0.072913
4.2395	-0.74065	0.094862
4.2395	-0.68645	0.059931
4.2395	-0.63226	0.01467
4.2395	-0.52387	0.0029766
4.2753	-2.1497	0.0029641
4.2753	-2.0955	0.0080291
4.2753	-2.0413	0.010061
4.2753	-1.9871	0.0056212
4.2753	-0.84903	0.019909
4.2753	-0.79484	0.061469
4.2753	-0.74065	0.082596
4.2753	-0.68645	0.053153
4.2753	-0.63226	0.012257
4.2753	-0.52387	0.0043663
4.311	-2.0955	0.0031274
4.311	-2.0413	0.0046386
4.311	-1.9871	0.0028509
4.311	-0.84903	0.0085241
4.311	-0.79484	0.029445
4.311	-0.74065	0.043713
4.311	-0.68645	0.029832
4.311	-0.63226	0.0065255
4.311	-0.52387	0.0041737
4.3467	-0.79484	0.0039523
4.3467	-0.74065	0.0087186
4.3467	-0.68645	0.0076987
4.3824	-2.1497	0.0028975
4.3824	-2.0955	0.0033584
4.3824	-0.84903	0.0088265
4.3824	-0.79484	0.010049
4.3824	-0.74065	0.004683
4.3824	0.50581	0.0037822
4.3824	0.56	0.0028063
4.4182	-2.1497	0.0075455
4.4182	-2.0955	0.010409
4.4182	-2.0413	0.0066733
4.4182	-1.0116	0.0037499
4.4182	-0.90323	0.0070476
4.4182	-0.84903	0.031056
4.4182	-0.79484	0.04519
4.4182	-0.74065	0.030444
4.4182	-0.68645	0.008829
4.4182	0.45161	0.0047038
4.4182	0.50581	0.0086663
4.4182	0.56	0.0070546
4.4182	0.61419	0.0027253
4.4539	-2.2039	0.0028329
4.4539	-2.1497	0.0099223
4.4539	-2.0955	0.014714
4.4539	-2.0413	0.01021
4.4539	-1.0116	0.0032688
4.4539	-0.90323	0.011608
4.4539	-0.84903	0.049877
4.4539	-0.79484	0.07796
4.4539	-0.74065	0.05824
4.4539	-0.68645	0.018734
4.4539	0.45161	0.0067123
4.4539	0.50581	0.012374
4.4539	0.56	0.010399
4.4539	0.61419	0.0041173
4.4896	-2.1497	0.0070476
4.4896	-2.0955	0.011487
4.4896	-2.0413	0.0085351
4.4896	-0.90323	0.010818
4.4896	-0.84903	0.046266
4.4896	-0.79484	0.076439
4.4896	-0.74065	0.060526
4.4896	-0.68645	0.019863
4.4896	-0.57806	0.0027187
4.4896	0.45161	0.0063676
4.4896	0.50581	0.011842
4.4896	0.56	0.010201
4.4896	0.61419	0.00405
4.5253	-2.0955	0.0037374
4.5253	-2.0413	0.0033942
4.5253	-0.90323	0.0044192
4.5253	-0.84903	0.021576
4.5253	-0.79484	0.040833
4.5253	-0.74065	0.035808
4.5253	-0.68645	0.012127
4.5253	-0.57806	0.0030972
4.5253	0.45161	0.0035595
4.5253	0.50581	0.0070776
4.5253	0.56	0.0064682
4.5253	0.61419	0.0026145
4.5611	-0.79484	0.0063389
4.5611	-0.74065	0.0082468
4.5611	-0.68645	0.0034433
4.5968	-2.2039	0.0073654
4.5968	-2.1497	0.012045
4.5968	-2.0955	0.0089085
4.5968	-2.0413	0.0027583
4.5968	-1.0658	0.0032005
4.5968	-0.90323	0.0095605
4.5968	-0.84903	0.01539
4.5968	-0.79484	0.0094725
4.6325	-2.2581	0.0032379
4.6325	-2.2039	0.01619
4.6325	-2.1497	0.028882
4.6325	-2.0955	0.024335
4.6325	-2.0413	0.0087375
4.6325	-1.0658	0.0048237
4.6325	-0.95742	0.0037551
4.6325	-0.90323	0.030399
4.6325	-0.84903	0.058797
4.6325	-0.79484	0.049955
4.6325	-0.74065	0.019062
4.6325	0.45161	0.0045879
4.6325	0.50581	0.0040145
4.6683	-2.2581	0.0041812
4.6683	-2.2039	0.020509
4.6683	-2.1497	0.038321
4.6683	-2.0955	0.034087
4.6683	-2.0413	0.012502
4.6683	-1.0658	0.0039892
4.6683	-0.95742	0.0062476
4.6683	-0.90323	0.046015
4.6683	-0.84903	0.094206
4.6683	-0.79484	0.088178
4.6683	-0.74065	0.037513
4.6683	-0.68645	0.0042875
4.6683	0.39742	0.0038254
4.6683	0.45161	0.0090982
4.6683	0.50581	0.0089527
4.6683	0.56	0.0041745
4.704	-2.2581	0.0027171
4.704	-2.2039	0.014317
4.704	-2.1497	0.029365
4.704	-2.0955	0.028078
4.704	-2.0413	0.010399
4.704	-1.9329	0.0032954
4.704	-1.8787	0.0030458
4.704	-0.95742	0.0052783
4.704	-0.90323	0.037964
4.704	-0.84903	0.083336
4.704	-0.79484	0.084107
4.704	-0.74065	0.037562
4.704	-0.68645	0.0039248
4.704	-0.57806	0.0041815
4.704	0.39742	0.0041375
4.704	0.45161	0.010011
4.704	0.50581	0.010437
4.704	0.56	0.0051558
4.7397	-2.2039	0.0028526
4.7397	-2.1497	0.0086621
4.7397	-2.0955	0.010726
4.7397	-2.0413	0.004452
4.7397	-1.9329	0.0028155
4.7397	-0.90323	0.011869
4.7397	-0.84903	0.03347
4.7397	-0.79484	0.040411
4.7397	-0.74065	0.019922
4.7397	-0.63226	0.0027276
4.7397	-0.57806	0.0040192
4.7397	0.45161	0.0061586
4.7397	0.50581	0.0070184
4.7397	0.56	0.0036913
4.7754	-2.2581	0.0045375
4.7754	-2.2039	0.0072971
4.7754	-2.1497	0.0042807
4.7754	-1.12	0.0025781
4.7754	-1.0658	0.0027309
4.7754	-0.95742	0.0028045
4.7754	-0.90323	0.0047689
4.7754	-0.84903	0.0035249
4.7754	-0.79484	0.0042576
4.7754	-0.74065	0.0032135
4.8112	-2.4206	0.0034707
4.8112	-2.3123	0.0031311
4.8112	-2.2581	0.027273
4.8112	-2.2039	0.056244
4.8112	-2.1497	0.050523
4.8112	-2.0955	0.02021
4.8112	-1.2826	0.004101
4.8112	-1.2284	0.003634
4.8112	-1.12	0.0070604
4.8112	-1.0658	0.007499
4.8112	-0.95742	0.021779
4.8112	-0.90323	0.054879
4.8112	-0.84903	0.052027
4.8112	-0.79484	0.021907
4.8112	-0.74065	0.0033383
4.8469	-2.4206	0.0065438
4.8469	-2.3665	0.0028145
4.8469	-2.3123	0.010278
4.8469	-2.2581	0.078084
4.8469	-2.2039	0.16574
4.8469	-2.1497	0.16189
4.8469	-2.0955	0.072571
4.8469	-2.0413	0.0090263
4.8469	-1.9329	0.0047596
4.8469	-1.2826	0.0038757
4.8469	-1.2284	0.0031562
4.8469	-1.12	0.010467
4.8469	-1.0658	0.010093
4.8469	-1.0116	0.0034667
4.8469	-0.95742	0.057008
4.8469	-0.90323	0.15303
4.8469	-0.84903	0.16974
4.8469	-0.79484	0.08948
4.8469	-0.74065	0.017846
4.8469	0.39742	0.0054548
4.8469	0.45161	0.0062319
4.8469	0.50581	0.0031704
4.8826	-2.4748	0.0028783
4.8826	-2.4206	0.0093428
4.8826	-2.3665	0.0030567
4.8826	-2.3123	0.02348
4.8826	-2.2581	0.15435
4.8826	-2.2039	0.32083
4.8826	-2.1497	0.31542
4.8826	-2.0955	0.14107
4.8826	-2.0413	0.015553
4.8826	-1.9871	0.008569
4.8826	-1.9329	0.015834
4.8826	-1.8787	0.003276
4.8826	-1.7703	0.004343
4.8826	-1.12	0.0088688
4.8826	-1.0658	0.0077392
4.8826	-1.0116	0.005898
4.8826	-0.95742	0.083501
4.8826	-0.90323	0.2272
4.8826	-0.84903	0.26736
4.8826	-0.79484	0.15038
4.8826	-0.74065	0.030403
4.8826	-0.63226	0.0073909
4.8826	-0.57806	0.0034119
4.8826	0.34323	0.0028246
4.8826	0.39742	0.010091
4.8826	0.45161	0.012704
4.8826	0.50581	0.0074705
4.9183	-2.4748	0.0039995
4.9183	-2.4206	0.010627
4.9183	-2.3665	0.0026871
4.9183	-2.3123	0.041125
4.9183	-2.2581	0.23653
4.9183	-2.2039	0.47396
4.9183	-2.1497	0.45673
4.9183	-2.0955	0.19571
4.9183	-2.0413	0.017723
4.9183	-1.9871	0.020189
4.9183	-1.9329	0.030928
4.9183	-1.8787	0.0052481
4.9183	-1.8245	0.006129
4.9183	-1.7703	0.012354
4.9183	-1.7161	0.0029239
4.9183	-1.6077	0.0037469
4.9183	-1.12	0.0029631
4.9183	-1.0658	0.0026834
4.9183	-1.0116	0.0053877
4.9183	-0.95742	0.068853
4.9183	-0.90323	0.19722
4.9183	-0.84903	0.24826
4.9183	-0.79484	0.1465
4.9183	-0.74065	0.028478
4.9183	-0.68645	0.0030579
4.9183	-0.63226	0.012627
4.9183	-0.57806	0.005263
4.9183	-0.46968	0.0026414
4.9183	0.34323	0.0028441
4.9183	0.39742	0.010184
4.9183	0.45161	0.013666
4.9183	0.50581	0.008611
4.9541	-2.4748	0.0044782
4.9541	-2.4206	0.0097904
4.9541	-2.3123	0.057583
4.9541	-2.2581	0.29426
4.9541	-2.2039	0.56586
4.9541	-2.1497	0.52842
4.9541	-2.0955	0.21237
4.9541	-2.0413	0.015261
4.9541	-1.9871	0.034822
4.9541	-1.9329	0.043916
4.9541	-1.8787	0.0057864
4.9541	-1.8245	0.01351
4.9541	-1.7703	0.022415
4.9541	-1.7161	0.0040983
4.9541	-1.6619	0.0056159
4.9541	-1.6077	0.010832
4.9541	-1.4994	0.004359
4.9541	-1.4452	0.0074569
4.9541	-1.2826	0.0043058
4.9541	-0.95742	0.019363
4.9541	-0.90323	0.073933
4.9541	-0.84903	0.11495
4.9541	-0.79484	0.077434
4.9541	-0.74065	0.014926
4.9541	-0.68645	0.0036006
4.9541	-0.63226	0.01243
4.9541	-0.57806	0.0045951
4.9541	-0.46968	0.0042388
4.9541	0.39742	0.0049733
4.9541	0.45161	0.007709
4.9541	0.50581	0.0054045
4.9898	-2.4748	0.004025
4.9898	-2.4206	0.0072661
4.9898	-2.3123	0.065416
4.9898	-2.2581	0.30197
4.9898	-2.2039	0.55788
4.9898	-2.1497	0.50249
4.9898	-2.0955	0.18668
4.9898	-2.0413	0.011041
4.9898	-1.9871	0.046955
4.9898	-1.9329	0.048902
4.9898	-1.8787	0.0050255
4.9898	-1.8245	0.022308
4.9898	-1.7703	0.030372
4.9898	-1.7161	0.0041748
4.9898	-1.6619	0.012403
4.9898	-1.6077	0.01954
4.9898	-1.5535	0.0029768
4.9898	-1.4994	0.011099
4.9898	-1.4452	0.017201
4.9898	-1.3368	0.0097101
4.9898	-1.2826	0.016674
4.9898	-1.2284	0.0028748
4.9898	-1.1742	0.007775
4.9898	-1.12	0.015713
4.9898	-1.0658	0.0033359
4.9898	-1.0116	0.0071233
4.9898	-0.95742	0.021447
4.9898	-0.90323	0.016372
4.9898	-0.84903	0.01116
4.9898	-0.79484	0.010759
4.9898	-0.74065	0.0027925
4.9898	-0.63226	0.0061319
4.9898	-0.46968	0.0037587
4.9898	-0.3071	0.0030897
5.0255	-2.4748	0.0028202
5.0255	-2.4206	0.0042178
5.0255	-2.3123	0.05991
5.0255	-2.2581	0.25447
5.0255	-2.2039	0.45418
5.0255	-2.1497	0.39459
5.0255	-2.0955	0.13399
5.0255	-2.0413	0.007886
5.0255	-1.9871	0.0509
5.0255	-1.9329	0.043951
5.0255	-1.8787	0.003995
5.0255	-1.8245	0.029111
5.0255	-1.7703	0.032613
5.0255	-1.7161	0.0035276
5.0255	-1.6619	0.020237
5.0255	-1.6077	0.026135
5.0255	-1.5535	0.0033848
5.0255	-1.4994	0.020467
5.0255	-1.4452	0.027223
5.0255	-1.391	0.0033717
5.0255	-1.3368	0.023343
5.0255	-1.2826	0.035014
5.0255	-1.2284	0.0050148
5.0255	-1.1742	0.02799
5.0255	-1.12	0.052373
5.0255	-1.0658	0.0098476
5.0255	-1.0116	0.06028
5.0255	-0.95742	0.22725
5.0255	-0.90323	0.27066
5.0255	-0.84903	0.14321
5.0255	-0.79484	0.03044
5.0255	-0.3071	0.0026777
5.0255	0.34323	0.0038086
5.0255	0.39742	0.0050423
5.0255	0.45161	0.0026106
5.0612	-2.3123	0.042742
5.0612	-2.2581	0.17112
5.0612	-2.2039	0.2987
5.0612	-2.1497	0.25176
5.0612	-2.0955	0.077488
5.0612	-2.0413	0.0063466
5.0612	-1.9871	0.044568
5.0612	-1.9329	0.031997
5.0612	-1.8787	0.0034609
5.0612	-1.8245	0.030675
5.0612	-1.7703	0.028348
5.0612	-1.7161	0.0029672
5.0612	-1.6619	0.02595
5.0612	-1.6077	0.027605
5.0612	-1.5535	0.0035132
5.0612	-1.4994	0.029465
5.0612	-1.4452	0.032976
5.0612	-1.391	0.0040752
5.0612	-1.3368	0.040979
5.0612	-1.2826	0.052048
5.0612	-1.2284	0.006597
5.0612	-1.1742	0.063791
5.0612	-1.12	0.10272
5.0612	-1.0658	0.016518
5.0612	-1.0116	0.20904
5.0612	-0.95742	0.76491
5.0612	-0.90323	1.0027
5.0612	-0.84903	0.62586
5.0612	-0.79484	0.16694
5.0612	-0.74065	0.0082106
5.0612	-0.68645	0.0080878
5.0612	-0.63226	0.0061308
5.0612	0.18065	0.003715
5.0612	0.34323	0.012854
5.0612	0.39742	0.020127
5.0612	0.45161	0.013922
5.0612	0.50581	0.0043784
5.097	-2.3123	0.021662
5.097	-2.2581	0.085242
5.097	-2.2039	0.14955
5.097	-2.1497	0.12443
5.097	-2.0955	0.034637
5.097	-2.0413	0.0051944
5.097	-1.9871	0.030953
5.097	-1.9329	0.01852
5.097	-1.8787	0.0032761
5.097	-1.8245	0.026097
5.097	-1.7703	0.01991
5.097	-1.7161	0.0028686
5.097	-1.6619	0.026779
5.097	-1.6077	0.023551
5.097	-1.5535	0.0037376
5.097	-1.4994	0.034199
5.097	-1.4452	0.031869
5.097	-1.391	0.0052558
5.097	-1.3368	0.056413
5.097	-1.2826	0.059829
5.097	-1.2284	0.0086859
5.097	-1.1742	0.10793
5.097	-1.12	0.14608
5.097	-1.0658	0.024924
5.097	-1.0116	0.47675
5.097	-0.95742	1.619
5.097	-0.90323	2.135
5.097	-0.84903	1.3689
5.097	-0.79484	0.36819
5.097	-0.74065	0.016063
5.097	-0.68645	0.035736
5.097	-0.63226	0.027401
5.097	-0.52387	0.0043605
5.097	-0.46968	0.0041126
5.097	0.18065	0.003668
5.097	0.28903	0.0037606
5.097	0.34323	0.021847
5.097	0.39742	0.035736
5.097	0.45161	0.026823
5.097	0.50581	0.0092157
5.1327	-2.3123	0.0058839
5.1327	-2.2581	0.025539
5.1327	-2.2039	0.048726
5.1327	-2.1497	0.042204
5.1327	-2.0955	0.010827
5.1327	-2.0413	0.0034143
5.1327	-1.9871	0.016139
5.1327	-1.9329	0.0080974
5.1327	-1.8787	0.0027998
5.1327	-1.8245	0.017503
5.1327	-1.7703	0.011024
5.1327	-1.7161	0.0028803
5.1327	-1.6619	0.022239
5.1327	-1.6077	0.016213
5.1327	-1.5535	0.0039595
5.1327	-1.4994	0.03228
5.1327	-1.4452	0.024853
5.1327	-1.391	0.0069226
5.1327	-1.3368	0.062689
5.1327	-1.2826	0.054939
5.1327	-1.2284	0.012505
5.1327	-1.1742	0.14429
5.1327	-1.12	0.16195
5.1327	-1.0658	0.041533
5.1327	-1.0116	0.82212
5.1327	-0.95742	2.5728
5.1327	-0.90323	3.3211
5.1327	-0.84903	2.0994
5.1327	-0.79484	0.53437
5.1327	-0.74065	0.021437
5.1327	-0.68645	0.086002
5.1327	-0.63226	0.05815
5.1327	-0.57806	0.0038641
5.1327	-0.52387	0.016183
5.1327	-0.46968	0.014169
5.1327	0.28903	0.0039788
5.1327	0.34323	0.021768
5.1327	0.39742	0.037191
5.1327	0.45161	0.029484
5.1327	0.50581	0.010449
5.1684	-2.2039	0.0058177
5.1684	-2.1497	0.0066109
5.1684	-1.9871	0.005448
5.1684	-1.8245	0.0086667
5.1684	-1.7703	0.0045233
5.1684	-1.6619	0.014489
5.1684	-1.6077	0.0087988
5.1684	-1.5535	0.0036908
5.1684	-1.4994	0.024509
5.1684	-1.4452	0.01549
5.1684	-1.391	0.0080656
5.1684	-1.3368	0.056545
5.1684	-1.2826	0.0405
5.1684	-1.2284	0.017273
5.1684	-1.1742	0.15624
5.1684	-1.12	0.1436
5.1684	-1.0658	0.069544
5.1684	-1.0116	1.1338
5.1684	-0.95742	3.2802
5.1684	-0.90323	4.1036
5.1684	-0.84903	2.5133
5.1684	-0.79484	0.58592
5.1684	-0.74065	0.028004
5.1684	-0.68645	0.14641
5.1684	-0.63226	0.08414
5.1684	-0.57806	0.0058206
5.1684	-0.52387	0.036104
5.1684	-0.46968	0.027116
5.1684	-0.36129	0.00914
5.1684	-0.3071	0.0074205
5.1684	-0.19871	0.0038338
5.1684	-0.14452	0.0027755
5.1684	0.34323	0.010229
5.1684	0.39742	0.020405
5.1684	0.45161	0.018227
5.1684	0.50581	0.0068621
5.2042	-2.3123	0.0033003
5.2042	-2.2581	0.0048706
5.2042	-2.2039	0.0029244
5.2042	-1.8245	0.0026425
5.2042	-1.6619	0.0069007
5.2042	-1.6077	0.0035482
5.2042	-1.5535	0.002669
5.2042	-1.4994	0.014408
5.2042	-1.4452	0.0074616
5.2042	-1.391	0.0074955
5.2042	-1.3368	0.04075
5.2042	-1.2826	0.023561
5.2042	-1.2284	0.020028
5.2042	-1.1742	0.13734
5.2042	-1.12	0.10184
5.2042	-1.0658	0.10048
5.2042	-1.0116	1.2782
5.2042	-0.95742	3.4443
5.2042	-0.90323	4.1646
5.2042	-0.84903	2.4499
5.2042	-0.79484	0.51065
5.2042	-0.74065	0.039795
5.2042	-0.68645	0.19326
5.2042	-0.63226	0.092767
5.2042	-0.57806	0.0091391
5.2042	-0.52387	0.058791
5.2042	-0.46968	0.036929
5.2042	-0.41548	0.0030527
5.2042	-0.36129	0.020444
5.2042	-0.3071	0.014203
5.2042	-0.19871	0.010719
5.2042	-0.14452	0.0073892
5.2042	-0.036129	0.0054733
5.2042	0.018065	0.0041065
5.2042	0.45161	0.0036235
5.2399	-2.3123	0.0083965
5.2399	-2.2581	0.015475
5.2399	-2.2039	0.01326
5.2399	-2.1497	0.0047749
5.2399	-1.4994	0.0059519
5.2399	-1.4452	0.0025716
5.2399	-1.391	0.0050967
5.2399	-1.3368	0.022357
5.2399	-1.2826	0.010324
5.2399	-1.2284	0.018073
5.2399	-1.1742	0.096095
5.2399	-1.12	0.056505
5.2399	-1.0658	0.11627
5.2399	-1.0116	1.1781
5.2399	-0.95742	2.9885
5.2399	-0.90323	3.4996
5.2399	-0.84903	1.9701
5.2399	-0.79484	0.35923
5.2399	-0.74065	0.053897
5.2399	-0.68645	0.20539
5.2399	-0.63226	0.081215
5.2399	-0.57806	0.014304
5.2399	-0.52387	0.075189
5.2399	-0.46968	0.038911
5.2399	-0.41548	0.0051228
5.2399	-0.36129	0.032955
5.2399	-0.3071	0.019118
5.2399	-0.2529	0.0033521
5.2399	-0.19871	0.020242
5.2399	-0.14452	0.012123
5.2399	-0.036129	0.01404
5.2399	0.018065	0.0095483
5.2399	0.12645	0.01012
5.2399	0.18065	0.0084292
5.2399	0.28903	0.012754
5.2399	0.34323	0.023862
5.2399	0.39742	0.016002
5.2399	0.45161	0.0044576
5.2756	-2.3123	0.010116
5.2756	-2.2581	0.019753
5.2756	-2.2039	0.018454
5.2756	-2.1497	0.0072076
5.2756	-1.3368	0.0082354
5.2756	-1.2826	0.0030604
5.2756	-1.2284	0.011738
5.2756	-1.1742	0.050594
5.2756	-1.12	0.023271
5.2756	-1.0658	0.10293
5.2756	-1.0116	0.86763
5.2756	-0.95742	2.1045
5.2756	-0.90323	2.4048
5.2756	-0.84903	1.2967
5.2756	-0.79484	0.20248
5.2756	-0.74065	0.06124
5.2756	-0.68645	0.17763
5.2756	-0.63226	0.057012
5.2756	-0.57806	0.019504
5.2756	-0.52387	0.077799
5.2756	-0.46968	0.032698
5.2756	-0.41548	0.0082479
5.2756	-0.36129	0.041504
5.2756	-0.3071	0.019808
5.2756	-0.2529	0.0057781
5.2756	-0.19871	0.029127
5.2756	-0.14452	0.014561
5.2756	-0.090324	0.0043266
5.2756	-0.036129	0.024991
5.2756	0.018065	0.014447
5.2756	0.072258	0.0032606
5.2756	0.12645	0.024203
5.2756	0.18065	0.017729
5.2756	0.23484	0.0041403
5.2756	0.28903	0.051941
5.2756	0.34323	0.10509
5.2756	0.39742	0.086672
5.2756	0.45161	0.033471
5.2756	0.50581	0.0047655
5.3113	-2.3123	0.0072834
5.3113	-2.2581	0.01484
5.3113	-2.2039	0.014495
5.3113	-2.1497	0.0056727
5.3113	-1.2284	0.004564
5.3113	-1.1742	0.017292
5.3113	-1.12	0.0063396
5.3113	-1.0658	0.064499
5.3113	-1.0116	0.47924
5.3113	-0.95742	1.1428
5.3113	-0.90323	1.2972
5.3113	-0.84903	0.67593
5.3113	-0.79484	0.088706
5.3113	-0.74065	0.054773
5.3113	-0.68645	0.1237
5.3113	-0.63226	0.031708
5.3113	-0.57806	0.021524
5.3113	-0.52387	0.065511
5.3113	-0.46968	0.021995
5.3113	-0.41548	0.011125
5.3113	-0.36129	0.042165
5.3113	-0.3071	0.016331
5.3113	-0.2529	0.0083758
5.3113	-0.19871	0.033524
5.3113	-0.14452	0.013614
5.3113	-0.090324	0.0076825
5.3113	-0.036129	0.034265
5.3113	0.018065	0.016262
5.3113	0.072258	0.0071314
5.3113	0.12645	0.041263
5.3113	0.18065	0.025218
5.3113	0.23484	0.012021
5.3113	0.28903	0.12489
5.3113	0.34323	0.24686
5.3113	0.39742	0.21102
5.3113	0.45161	0.086164
5.3113	0.50581	0.012589
5.3471	-2.3123	0.0027827
5.3471	-2.2581	0.0063378
5.3471	-2.2039	0.0067218
5.3471	-2.1497	0.0026538
5.3471	-1.0658	0.022891
5.3471	-1.0116	0.1671
5.3471	-0.95742	0.41927
5.3471	-0.90323	0.49571
5.3471	-0.84903	0.25708
5.3471	-0.79484	0.028229
5.3471	-0.74065	0.036451
5.3471	-0.68645	0.066728
5.3471	-0.63226	0.013477
5.3471	-0.57806	0.018476
5.3471	-0.52387	0.044214
5.3471	-0.46968	0.011643
5.3471	-0.41548	0.011935
5.3471	-0.36129	0.034771
5.3471	-0.3071	0.010787
5.3471	-0.2529	0.0099021
5.3471	-0.19871	0.031409
5.3471	-0.14452	0.010119
5.3471	-0.090324	0.010897
5.3471	-0.036129	0.03773
5.3471	0.018065	0.014287
5.3471	0.072258	0.012343
5.3471	0.12645	0.054789
5.3471	0.18065	0.026994
5.3471	0.23484	0.026571
5.3471	0.28903	0.21987
5.3471	0.34323	0.41406
5.3471	0.39742	0.35075
5.3471	0.45161	0.14179
5.3471	0.50581	0.019117
5.3471	0.61419	0.0039475
5.3828	-1.0116	0.019001
5.3828	-0.95742	0.066176
5.3828	-0.90323	0.097818
5.3828	-0.84903	0.056611
5.3828	-0.79484	0.0055463
5.3828	-0.74065	0.015997
5.3828	-0.68645	0.025254
5.3828	-0.63226	0.0040547
5.3828	-0.57806	0.011663
5.3828	-0.52387	0.02283
5.3828	-0.46968	0.004654
5.3828	-0.41548	0.0098775
5.3828	-0.36129	0.022908
5.3828	-0.3071	0.005638
5.3828	-0.2529	0.0093359
5.3828	-0.19871	0.023881
5.3828	-0.14452	0.00599
5.3828	-0.090324	0.01232
5.3828	-0.036129	0.033804
5.3828	0.018065	0.0099364
5.3828	0.072258	0.016963
5.3828	0.12645	0.058705
5.3828	0.18065	0.022603
5.3828	0.23484	0.045734
5.3828	0.28903	0.30648
5.3828	0.34323	0.54656
5.3828	0.39742	0.45123
5.3828	0.45161	0.17591
5.3828	0.50581	0.02079
5.3828	0.56	0.0029835
5.3828	0.61419	0.0068135
5.4185	-1.2284	0.0033503
5.4185	-1.1742	0.0038573
5.4185	-1.0658	0.0085169
5.4185	-1.0116	0.018691
5.4185	-0.95742	0.013523
5.4185	-0.90323	0.0054476
5.4185	-0.84903	0.0028493
5.4185	-0.74065	0.0030801
5.4185	-0.68645	0.0049516
5.4185	-0.57806	0.0046929
5.4185	-0.52387	0.0080009
5.4185	-0.41548	0.0059527
5.4185	-0.36129	0.011481
5.4185	-0.2529	0.0067727
5.4185	-0.19871	0.01436
5.4185	-0.14452	0.0028052
5.4185	-0.090324	0.010976
5.4185	-0.036129	0.024445
5.4185	0.018065	0.0054669
5.4185	0.072258	0.01856
5.4185	0.12645	0.051223
5.4185	0.18065	0.015003
5.4185	0.23484	0.062503
5.4185	0.28903	0.34922
5.4185	0.34323	0.59036
5.4185	0.39742	0.47186
5.4185	0.45161	0.17498
5.4185	0.50581	0.017433
5.4185	0.56	0.0050899
5.4185	0.61419	0.0089132
5.4542	-2.3123	0.0034126
5.4542	-2.2581	0.0035234
5.4542	-1.2284	0.0049428
5.4542	-1.1742	0.0051941
5.4542	-1.0658	0.028773
5.4542	-1.0116	0.079746
5.4542	-0.95742	0.088565
5.4542	-0.90323	0.045241
5.4542	-0.84903	0.0084216
5.4542	-0.36129	0.003851
5.4542	-0.2529	0.0034793
5.4542	-0.19871	0.0063892
5.4542	-0.090324	0.0074215
5.4542	-0.036129	0.013787
5.4542	0.072258	0.015973
5.4542	0.12645	0.035962
5.4542	0.18065	0.0080051
5.4542	0.23484	0.068248
5.4542	0.28903	0.32768
5.4542	0.34323	0.52788
5.4542	0.39742	0.40799
5.4542	0.45161	0.14275
5.4542	0.50581	0.011568
5.4542	0.56	0.0068114
5.4542	0.61419	0.0093111
5.49	-2.3123	0.0050294
5.49	-2.2581	0.005615
5.49	-2.2039	0.0028493
5.49	-1.2284	0.0041358
5.49	-1.1742	0.003753
5.49	-1.12	0.002705
5.49	-1.0658	0.040922
5.49	-1.0116	0.11681
5.49	-0.95742	0.1438
5.49	-0.90323	0.084713
5.49	-0.84903	0.01823
5.49	-0.74065	0.0038682
5.49	-0.090324	0.0034399
5.49	-0.036129	0.0055638
5.49	0.072258	0.01036
5.49	0.12645	0.019511
5.49	0.18065	0.0036406
5.49	0.23484	0.058693
5.49	0.28903	0.24979
5.49	0.34323	0.38729
5.49	0.39742	0.2905
5.49	0.45161	0.095482
5.49	0.50581	0.0061205
5.49	0.56	0.0072437
5.49	0.61419	0.0079111
5.5257	-2.3123	0.0045823
5.5257	-2.2581	0.0052715
5.5257	-2.2039	0.0027099
5.5257	-1.12	0.0027092
5.5257	-1.0658	0.03413
5.5257	-1.0116	0.0983
5.5257	-0.95742	0.12683
5.5257	-0.90323	0.078167
5.5257	-0.84903	0.016477
5.5257	-0.74065	0.0069225
5.5257	-0.68645	0.0031603
5.5257	0.072258	0.0045045
5.5257	0.12645	0.007397
5.5257	0.23484	0.037818
5.5257	0.28903	0.14813
5.5257	0.34323	0.22518
5.5257	0.39742	0.16575
5.5257	0.45161	0.051231
5.5257	0.50581	0.0026115
5.5257	0.56	0.0061069
5.5257	0.61419	0.0054482
5.5257	1.5897	0.0037378
5.5257	1.6439	0.0063823
5.5257	1.6981	0.004966
5.5614	-2.3123	0.0027001
5.5614	-2.2581	0.0032134
5.5614	-1.0658	0.015732
5.5614	-1.0116	0.048277
5.5614	-0.95742	0.067008
5.5614	-0.90323	0.043316
5.5614	-0.84903	0.0086601
5.5614	-0.74065	0.0064848
5.5614	-0.68645	0.0026518
5.5614	-0.57806	0.0026479
5.5614	0.23484	0.015877
5.5614	0.28903	0.06113
5.5614	0.34323	0.095056
5.5614	0.39742	0.070695
5.5614	0.45161	0.02082
5.5614	0.56	0.0039714
5.5614	0.61419	0.00296
5.5614	1.5897	0.0071738
5.5614	1.6439	0.011981
5.5614	1.6981	0.0093597
5.5614	1.7523	0.0032691
5.5971	-1.0116	0.0091627
5.5971	-0.95742	0.016478
5.5971	-0.90323	0.012534
5.5971	-0.74065	0.0035905
5.5971	0.23484	0.002617
5.5971	0.28903	0.012289
5.5971	0.34323	0.022555
5.5971	0.39742	0.018651
5.5971	0.45161	0.0055333
5.5971	1.5897	0.010689
5.5971	1.6439	0.017191
5.5971	1.6981	0.013136
5.5971	1.7523	0.0043814
5.6329	-1.0658	0.0032631
5.6329	-1.0116	0.0030451
5.6329	1.5355	0.0031557
5.6329	1.5897	0.012943
5.6329	1.6439	0.019954
5.6329	1.6981	0.014747
5.6329	1.7523	0.0045981
5.6686	-1.12	0.0038253
5.6686	-1.0658	0.015259
5.6686	-1.0116	0.020759
5.6686	-0.95742	0.012875
5.6686	-0.90323	0.0032477
5.6686	0.23484	0.0063718
5.6686	0.28903	0.0098689
5.6686	0.34323	0.0063966
5.6686	1.5355	0.0034859
5.6686	1.5897	0.012935
5.6686	1.6439	0.019136
5.6686	1.6981	0.013614
5.6686	1.7523	0.0039103
5.7043	-1.12	0.0066589
5.7043	-1.0658	0.025935
5.7043	-1.0116	0.03843
5.7043	-0.95742	0.027351
5.7043	-0.90323	0.0081688
5.7043	0.23484	0.011098
5.7043	0.28903	0.019004
5.7043	0.34323	0.014816
5.7043	0.39742	0.0052667
5.7043	1.5355	0.0031062
5.7043	1.5897	0.010615
5.7043	1.6439	0.015152
5.7043	1.6981	0.010377
5.7043	1.7523	0.002714
5.74	-1.12	0.0070671
5.74	-1.0658	0.026372
5.74	-1.0116	0.040134
5.74	-0.95742	0.029749
5.74	-0.90323	0.0089955
5.74	0.23484	0.010655
5.74	0.28903	0.01879
5.74	0.34323	0.015536
5.74	0.39742	0.0058291
5.74	1.5897	0.0069484
5.74	1.6439	0.009687
5.74	1.6981	0.0064225
5.7758	-1.12	0.0047575
5.7758	-1.0658	0.017398
5.7758	-1.0116	0.02719
5.7758	-0.95742	0.020657
5.7758	-0.90323	0.0060781
5.7758	0.23484	0.0060461
5.7758	0.28903	0.011173
5.7758	0.34323	0.0097369
5.7758	0.39742	0.0037369
5.7758	1.5897	0.0033663
5.7758	1.6439	0.0047109
5.7758	1.6981	0.0030769
5.8115	-1.0658	0.0066766
5.8115	-1.0116	0.011263
5.8115	-0.95742	0.0090308
5.8115	-0.90323	0.002595
5.8115	0.28903	0.0033341
5.8115	0.34323	0.0033488
5.9187	-1.0658	0.004249
5.9187	-1.0116	0.003573
5.9187	0.23484	0.0045175
5.9187	0.28903	0.0042306
5.9544	-1.12	0.0028612
5.9544	-1.0658	0.0054109
5.9544	-1.0116	0.0049445
5.9544	0.23484	0.005269
5.9544	0.28903	0.0051686
