-6	0.0016481
-5.9749	0.0013577
-5.9499	0.00080348
-5.9248	0.00039185
-5.8998	0.00015573
-5.8747	0.00021922
-5.8497	0.00038952
-5.8246	0.00060688
-5.7996	0.00082562
-5.7745	0.0010093
-5.7495	0.001122
-5.7244	0.0011287
-5.6994	0.0010099
-5.6743	0.00064437
-5.6493	0.00037974
-5.6242	0.00021256
-5.5992	0.00021762
-5.5741	0.0004044
-5.5491	0.00070247
-5.524	0.0009859
-5.499	0.0011302
-5.4739	0.0010763
-5.4489	0.00086826
-5.4238	0.00057277
-5.3987	0.0006114
-5.3737	0.00091813
-5.3486	0.0014157
-5.3236	0.0019173
-5.2985	0.0022084
-5.2735	0.0021523
-5.2484	0.0017647
-5.2234	0.0012187
-5.1983	0.00077108
-5.1733	0.00072519
-5.1482	0.0011468
-5.1232	0.0017232
-5.0981	0.0021708
-5.0731	0.0022607
-5.048	0.0019377
-5.023	0.0013552
-4.9979	0.00080579
-4.9729	0.0005762
-4.9478	0.0010577
-4.9228	0.0017101
-4.8977	0.0022526
-4.8727	0.0023895
-4.8476	0.0020243
-4.8225	0.0013254
-4.7975	0.0006554
-4.7724	0.00039541
-4.7474	0.00074766
-4.7223	0.0016181
-4.6973	0.0030675
-4.6722	0.003488
-4.6472	0.0032059
-4.6221	0.0023663
-4.5971	0.0013947
-4.572	0.00078679
-4.547	0.00085522
-4.5219	0.0015613
-4.4969	0.0025265
-4.4718	0.0032274
-4.4468	0.0030464
-4.4217	0.0022353
-4.3967	0.0014368
-4.3716	0.0012219
-4.3466	0.0018734
-4.3215	0.0031785
-4.2965	0.004488
-4.2714	0.0050493
-4.2463	0.0044685
-4.2213	0.0023281
-4.1962	0.0016762
-4.1712	0.0030909
-4.1461	0.0071133
-4.1211	0.013113
-4.096	0.019312
-4.071	0.023414
-4.0459	0.023629
-4.0209	0.019598
-3.9958	0.012772
-3.9708	0.0036783
-3.9457	0.002657
-3.9207	0.0070812
-3.8956	0.01547
-3.8706	0.024362
-3.8455	0.029645
-3.8205	0.028656
-3.7954	0.021942
-3.7704	0.012235
-3.7453	0.0039545
-3.7203	0.0091433
-3.6952	0.023082
-3.6701	0.040242
-3.6451	0.055316
-3.62	0.062351
-3.595	0.053742
-3.5699	0.03358
-3.5449	0.018756
-3.5198	0.020587
-3.4948	0.07823
-3.4697	0.14663
-3.4447	0.21316
-3.4196	0.30133
-3.3946	0.44834
-3.3695	0.56505
-3.3445	0.48398
-3.3194	0.3469
-3.2944	0.3093
-3.2693	0.36987
-3.2443	0.65415
-3.2192	1.0903
-3.1942	1.9742
-3.1691	3.1054
-3.1441	3.0737
-3.119	2.2501
-3.0939	1.6312
-3.0689	1.2979
-3.0438	1.1459
-3.0188	1.0656
-2.9937	1.0135
-2.9687	0.79411
-2.9436	0.47446
-2.9186	0.48059
-2.8935	0.65773
-2.8685	0.57925
-2.8434	0.35206
-2.8184	0.21764
-2.7933	0.15065
-2.7683	0.088641
-2.7432	0.056355
-2.7182	0.028404
-2.6931	0.023824
-2.6681	0.044529
-2.643	0.062721
-2.618	0.089552
-2.5929	0.10404
-2.5678	0.066659
-2.5428	0.034063
-2.5177	0.011947
-2.4927	0.0076806
-2.4676	0.0066249
-2.4426	0.0080009
-2.4175	0.012927
-2.3925	0.02397
-2.3674	0.04497
-2.3424	0.053304
-2.3173	0.021387
-2.2923	0.004913
-2.2672	0.0050089
-2.2422	0.0064333
-2.2171	0.0081595
-2.1921	0.010651
-2.167	0.010233
-2.142	0.0074075
-2.1169	0.0050982
-2.0919	0.0033517
-2.0668	0.0020983
-2.0418	0.0010467
-2.0167	0.00076862
-1.9916	0.00068889
-1.9666	0.00069584
-1.9415	0.00071214
-1.9165	0.00070157
-1.8914	0.00066068
-1.8664	0.00060267
-1.8413	0.00054172
-1.8163	0.00048391
-1.7912	0.00039547
-1.7662	0.0003264
-1.7411	0.00024829
-1.7161	0.00016938
-1.691	0.0001037
-1.666	6.5182e-05
-1.6409	6.1344e-05
-1.6159	8.9424e-05
-1.5908	0.00013655
-1.5658	0.00020177
-1.5407	0.00021715
-1.5157	0.00020125
-1.4906	0.00015914
-1.4656	0.00010573
-1.4405	6.1227e-05
-1.4154	4.5342e-05
-1.3904	7.2655e-05
-1.3653	0.00015175
-1.3403	0.00029253
-1.3152	0.00075158
-1.2902	0.0019487
-1.2651	0.022019
-1.2401	0.016176
-1.215	0.0030391
-1.19	0.0010552
-1.1649	0.00077292
-1.1399	0.000605
-1.1148	0.00053324
-1.0898	0.0022352
-1.0647	0.0018345
-1.0397	0.00054034
-1.0146	0.00022529
-0.98956	0.00017906
-0.96451	0.00011516
-0.93946	0.00011526
-0.91441	6.0274e-05
-0.88935	2.8341e-05
-0.8643	1.7368e-05
-0.83925	2.5269e-05
-0.8142	3.3077e-05
-0.78914	3.5091e-05
-0.76409	6.13e-05
-0.73904	4.4307e-05
-0.71399	2.242e-05
-0.68894	1.2005e-05
-0.66388	9.3409e-06
-0.63883	1.2294e-05
-0.61378	1.3142e-05
-0.58873	3.6342e-05
-0.56367	4.3792e-05
-0.53862	3.5403e-05
-0.51357	2.5381e-05
-0.48852	1.8625e-05
-0.46347	4.0213e-06
-0.43841	-4.0557e-07
-0.41336	2.9616e-06
-0.38831	2.1004e-05
-0.36326	1.9568e-05
-0.3382	2.253e-05
-0.31315	1.9053e-05
-0.2881	1.4492e-05
-0.26305	1.3984e-05
-0.238	9.4889e-06
-0.21294	1.6088e-05
-0.18789	3.2331e-05
-0.16284	5.2825e-05
-0.13779	5.0442e-05
-0.11273	4.3159e-05
-0.087683	3.867e-05
-0.06263	4.0736e-05
-0.037578	5.1315e-05
-0.012526	7.13e-05
0.012526	0.00013578
0.037578	0.00019532
0.06263	0.00024548
0.087683	0.00026009
0.11273	0.00023646
0.13779	0.0001822
0.16284	0.00020172
0.18789	7.442e-05
0.21294	5.1968e-05
0.238	0.00011537
0.26305	0.0003312
0.2881	0.00026932
0.31315	0.00019894
0.3382	0.0001581
0.36326	0.00014263
0.38831	0.00061164
0.41336	0.00015521
0.43841	0.00053059
0.46347	0.00027114
0.48852	0.00061782
0.51357	0.00034948
0.53862	0.00039364
0.56367	0.00055497
0.58873	0.00020243
0.61378	0.0002528
0.63883	0.0035569
0.66388	0.003446
0.68894	0.0029791
0.71399	0.0025586
0.73904	0.0072846
0.76409	0.012096
0.78914	0.0017559
0.8142	0.0016989
0.83925	0.0015678
0.8643	0.0076414
0.88935	0.019359
0.91441	0.0060793
0.93946	0.0061561
0.96451	0.0089593
0.98956	0.021084
1.0146	0.014032
1.0397	0.019591
1.0647	0.03364
1.0898	0.031601
1.1148	0.12723
1.1399	0.18545
1.1649	0.46264
1.19	0.53422
1.215	0.10749
1.2401	0.046167
1.2651	0.064569
1.2902	0.0078221
1.3152	0.0038394
1.3403	0.0015393
1.3653	0.00077071
1.3904	0.00035923
1.4154	0.00021481
1.4405	0.00025806
1.4656	0.00040092
1.4906	0.00055235
1.5157	0.00063673
1.5407	0.00061409
1.5658	0.00049226
1.5908	0.00024703
1.6159	0.00015685
1.6409	0.00019901
1.666	0.00038669
1.691	0.00067586
1.7161	0.00097694
1.7411	0.0011862
1.7662	0.0012259
1.7912	0.0010791
1.8163	0.00065519
1.8413	0.00042422
1.8664	0.00039629
1.8914	0.0006574
1.9165	0.0012048
1.9415	0.0019389
1.9666	0.0026882
1.9916	0.0032603
2.0167	0.0035026
2.0418	0.0033518
2.0668	0.0025259
2.0919	0.0018322
2.1169	0.0012641
2.142	0.00094083
2.167	0.0010746
2.1921	0.001805
2.2171	0.0033235
2.2422	0.006211
2.2672	0.011562
2.2923	0.014314
2.3173	0.0063599
2.3424	0.0051328
2.3674	0.0052243
2.3925	0.0054157
2.4175	0.0047381
2.4426	0.0019978
2.4676	0.0015323
2.4927	0.0042765
2.5177	0.0055249
2.5428	0.0054606
2.5678	0.0054062
2.5929	0.0061221
2.618	0.0072656
2.643	0.006002
2.6681	0.0035169
2.6931	0.0023207
2.7182	0.0019509
2.7432	0.0020986
2.7683	0.0038498
2.7933	0.0042652
2.8184	0.0033657
2.8434	0.0026571
2.8685	0.0019712
2.8935	0.0017104
2.9186	0.0020786
2.9436	0.0033024
2.9687	0.0060911
2.9937	0.011149
3.0188	0.014999
3.0438	0.0081337
3.0689	0.0043435
3.0939	0.0023069
3.119	0.001878
3.1441	0.0027581
3.1691	0.0047399
3.1942	0.0076636
3.2192	0.0091972
3.2443	0.0069865
3.2693	0.0032677
3.2944	0.0019475
3.3194	0.0014451
3.3445	0.0020195
3.3695	0.003878
3.3946	0.0054109
3.4196	0.0055327
3.4447	0.0049297
3.4697	0.004146
3.4948	0.0028327
3.5198	0.00096433
3.5449	0.0011942
3.5699	0.0024753
3.595	0.0046462
3.62	0.0066105
3.6451	0.0065494
3.6701	0.0052068
3.6952	0.0036965
3.7203	0.0021541
3.7453	0.0012491
3.7704	0.0021219
3.7954	0.0036683
3.8205	0.0048506
3.8455	0.0050817
3.8706	0.004311
3.8956	0.0029517
3.9207	0.0018337
3.9457	0.0016991
3.9708	0.0027516
3.9958	0.0053434
4.0209	0.0063319
4.0459	0.0059182
4.071	0.0042852
4.096	0.0024939
4.1211	0.0020715
4.1461	0.004268
4.1712	0.0093092
4.1962	0.016057
4.2213	0.022308
4.2463	0.025706
4.2714	0.022353
4.2965	0.015537
4.3215	0.0079595
4.3466	0.0028382
4.3716	0.0024878
4.3967	0.0072067
4.4217	0.015015
4.4468	0.022426
4.4718	0.025647
4.4969	0.020862
4.5219	0.012683
4.547	0.0051604
4.572	0.0023775
4.5971	0.0064369
4.6221	0.016232
4.6472	0.027668
4.6722	0.035375
4.6973	0.035296
4.7223	0.020913
4.7474	0.0092009
4.7724	0.0050996
4.7975	0.015503
4.8225	0.042645
4.8476	0.082349
4.8727	0.12487
4.8977	0.15836
4.9228	0.17379
4.9478	0.16965
4.9729	0.1471
4.9979	0.14728
5.023	0.18277
5.048	0.26679
5.0731	0.40022
5.0981	0.56929
5.1232	0.74785
5.1482	0.90361
5.1733	1.0065
5.1983	1.0226
5.2234	0.94031
5.2484	0.80288
5.2735	0.63788
5.2985	0.47472
5.3236	0.33748
5.3486	0.23972
5.3737	0.18309
5.3987	0.15917
5.4238	0.15396
5.4489	0.15067
5.4739	0.13829
5.499	0.11524
5.524	0.085273
5.5491	0.0547
5.5741	0.029563
5.5992	0.013522
5.6242	0.0070264
5.6493	0.0077867
5.6743	0.01209
5.6994	0.01759
5.7244	0.017757
5.7495	0.014992
5.7745	0.010523
5.7996	0.0059477
5.8246	0.0025304
5.8497	0.00081742
5.8747	0.00061876
5.8998	0.0012742
5.9248	0.0022635
5.9499	0.0022868
5.9749	0.0017796
6	0.001416
