-4.1461	0.66527	0.024836
-4.1461	0.69038	0.030851
-4.1461	0.71548	0.031881
-4.1461	0.74059	0.027858
-4.1211	0.64017	0.029015
-4.1211	0.66527	0.04587
-4.1211	0.69038	0.058331
-4.1211	0.71548	0.062145
-4.1211	0.74059	0.056354
-4.1211	0.76569	0.043447
-4.1211	0.79079	0.028052
-4.096	0.64017	0.042514
-4.096	0.66527	0.066872
-4.096	0.69038	0.08575
-4.096	0.71548	0.092722
-4.096	0.74059	0.085444
-4.096	0.76569	0.067135
-4.096	0.79079	0.043874
-4.071	0.61506	0.024832
-4.071	0.64017	0.05061
-4.071	0.66527	0.079406
-4.071	0.69038	0.10231
-4.071	0.71548	0.11154
-4.071	0.74059	0.10392
-4.071	0.76569	0.082113
-4.071	0.79079	0.053996
-4.071	0.8159	0.027907
-4.0459	0.64017	0.048989
-4.0459	0.66527	0.076931
-4.0459	0.69038	0.099799
-4.0459	0.71548	0.10986
-4.0459	0.74059	0.10343
-4.0459	0.76569	0.082496
-4.0459	0.79079	0.054188
-4.0459	0.8159	0.027576
-4.0209	0.64017	0.036569
-4.0209	0.66527	0.058514
-4.0209	0.69038	0.077524
-4.0209	0.71548	0.086979
-4.0209	0.74059	0.083252
-4.0209	0.76569	0.067109
-4.0209	0.79079	0.044198
-3.9958	0.66527	0.031123
-3.9958	0.69038	0.043468
-3.9958	0.71548	0.051087
-3.9958	0.74059	0.050737
-3.9958	0.76569	0.042151
-3.9958	0.79079	0.028349
-3.8956	0.61506	0.037073
-3.8956	0.64017	0.049455
-3.8956	0.66527	0.054345
-3.8956	0.69038	0.05004
-3.8956	0.71548	0.039032
-3.8956	0.74059	0.02508
-3.8706	0.58996	0.03513
-3.8706	0.61506	0.060604
-3.8706	0.64017	0.08303
-3.8706	0.66527	0.094631
-3.8706	0.69038	0.09129
-3.8706	0.71548	0.074859
-3.8706	0.74059	0.051352
-3.8706	0.76569	0.028376
-3.8455	0.58996	0.042449
-3.8455	0.61506	0.073512
-3.8455	0.64017	0.10206
-3.8455	0.66527	0.11886
-3.8455	0.69038	0.11767
-3.8455	0.71548	0.098938
-3.8455	0.74059	0.069545
-3.8455	0.76569	0.03929
-3.8205	0.58996	0.039091
-3.8205	0.61506	0.06809
-3.8205	0.64017	0.096291
-3.8205	0.66527	0.11421
-3.8205	0.69038	0.11534
-3.8205	0.71548	0.098918
-3.8205	0.74059	0.070647
-3.8205	0.76569	0.040237
-3.7954	0.58996	0.025855
-3.7954	0.61506	0.04633
-3.7954	0.64017	0.06815
-3.7954	0.66527	0.083627
-3.7954	0.69038	0.087292
-3.7954	0.71548	0.077047
-3.7954	0.74059	0.056139
-3.7954	0.76569	0.032211
-3.7704	0.64017	0.028017
-3.7704	0.66527	0.038032
-3.7704	0.69038	0.04308
-3.7704	0.71548	0.040595
-3.7704	0.74059	0.031102
-3.6952	-0.71548	0.02968
-3.6952	-0.69038	0.036156
-3.6952	-0.66527	0.037101
-3.6952	-0.64017	0.032148
-3.6952	0.56485	0.033533
-3.6952	0.58996	0.04964
-3.6952	0.61506	0.058398
-3.6952	0.64017	0.056595
-3.6952	0.66527	0.045584
-3.6952	0.69038	0.030174
-3.6701	-2.0209	0.024601
-3.6701	-1.9958	0.024657
-3.6701	-0.74059	0.031184
-3.6701	-0.71548	0.046628
-3.6701	-0.69038	0.05799
-3.6701	-0.66527	0.061043
-3.6701	-0.64017	0.054458
-3.6701	-0.61506	0.040782
-3.6701	-0.58996	0.024569
-3.6701	0.53975	0.029006
-3.6701	0.56485	0.059701
-3.6701	0.58996	0.091613
-3.6701	0.61506	0.11347
-3.6701	0.64017	0.11737
-3.6701	0.66527	0.10277
-3.6701	0.69038	0.075517
-3.6701	0.71548	0.045676
-3.6451	-2.046	0.034627
-3.6451	-2.0209	0.040841
-3.6451	-1.9958	0.040913
-3.6451	-1.9707	0.034941
-3.6451	-1.9456	0.025042
-3.6451	-0.74059	0.042462
-3.6451	-0.71548	0.064124
-3.6451	-0.69038	0.08094
-3.6451	-0.66527	0.086729
-3.6451	-0.64017	0.078724
-3.6451	-0.61506	0.059556
-3.6451	-0.58996	0.036065
-3.6451	0.53975	0.037875
-3.6451	0.56485	0.076906
-3.6451	0.58996	0.11889
-3.6451	0.61506	0.15038
-3.6451	0.64017	0.15971
-3.6451	0.66527	0.14449
-3.6451	0.69038	0.11003
-3.6451	0.71548	0.069017
-3.6451	0.74059	0.033454
-3.62	-2.0711	0.029407
-3.62	-2.046	0.041427
-3.62	-2.0209	0.048569
-3.62	-1.9958	0.048457
-3.62	-1.9707	0.041088
-3.62	-1.9456	0.029218
-3.62	-0.74059	0.04163
-3.62	-0.71548	0.064498
-3.62	-0.69038	0.083876
-3.62	-0.66527	0.092401
-3.62	-0.64017	0.085901
-3.62	-0.61506	0.06598
-3.62	-0.58996	0.040192
-3.62	0.53975	0.042074
-3.62	0.56485	0.085055
-3.62	0.58996	0.13314
-3.62	0.61506	0.17117
-3.62	0.64017	0.18615
-3.62	0.66527	0.17166
-3.62	0.69038	0.13301
-3.62	0.71548	0.084655
-3.62	0.74059	0.041059
-3.595	-2.0711	0.030425
-3.595	-2.046	0.041978
-3.595	-2.0209	0.048613
-3.595	-1.9958	0.047868
-3.595	-1.9707	0.040115
-3.595	-1.9456	0.02804
-3.595	-0.71548	0.0355
-3.595	-0.69038	0.048982
-3.595	-0.66527	0.056817
-3.595	-0.64017	0.055061
-3.595	-0.61506	0.043995
-3.595	-0.58996	0.027178
-3.595	0.53975	0.031885
-3.595	0.56485	0.066762
-3.595	0.58996	0.10874
-3.595	0.61506	0.14576
-3.595	0.64017	0.16429
-3.595	0.66527	0.15644
-3.595	0.69038	0.12512
-3.595	0.71548	0.0812
-3.595	0.74059	0.039371
-3.5699	-2.0711	0.032857
-3.5699	-2.046	0.044484
-3.5699	-2.0209	0.05068
-3.5699	-1.9958	0.049194
-3.5699	-1.9707	0.04054
-3.5699	-1.9456	0.027742
-3.5699	0.58996	0.042332
-3.5699	0.61506	0.063453
-3.5699	0.64017	0.078555
-3.5699	0.66527	0.081092
-3.5699	0.69038	0.069014
-3.5699	0.71548	0.046351
-3.5449	-2.0711	0.035261
-3.5449	-2.046	0.047038
-3.5449	-2.0209	0.05296
-3.5449	-1.9958	0.050727
-3.5449	-1.9707	0.04129
-3.5449	-1.9456	0.027703
-3.5198	-2.0711	0.030382
-3.5198	-2.046	0.040087
-3.5198	-2.0209	0.044814
-3.5198	-1.9958	0.042568
-3.5198	-1.9707	0.034296
-3.5198	-0.79079	0.026612
-3.5198	-0.76569	0.040029
-3.5198	-0.74059	0.047952
-3.5198	-0.71548	0.046689
-3.5198	-0.69038	0.037274
-3.5198	0.56485	0.026129
-3.4948	-2.046	0.029376
-3.4948	-2.0209	0.032451
-3.4948	-1.9958	0.030527
-3.4948	-0.8159	0.035376
-3.4948	-0.79079	0.076701
-3.4948	-0.76569	0.12362
-3.4948	-0.74059	0.15773
-3.4948	-0.71548	0.16864
-3.4948	-0.69038	0.15234
-3.4948	-0.66527	0.11554
-3.4948	-0.64017	0.071854
-3.4948	-0.61506	0.035071
-3.4948	0.51464	0.061239
-3.4948	0.53975	0.10581
-3.4948	0.56485	0.13783
-3.4948	0.58996	0.14591
-3.4948	0.61506	0.1283
-3.4948	0.64017	0.093994
-3.4948	0.66527	0.057264
-3.4948	0.69038	0.027588
-3.4697	-2.0209	0.024682
-3.4697	-0.8159	0.069177
-3.4697	-0.79079	0.14604
-3.4697	-0.76569	0.23387
-3.4697	-0.74059	0.30376
-3.4697	-0.71548	0.33257
-3.4697	-0.69038	0.30987
-3.4697	-0.66527	0.24399
-3.4697	-0.64017	0.16037
-3.4697	-0.61506	0.081248
-3.4697	-0.58996	0.028756
-3.4697	0.36402	0.031915
-3.4697	0.38912	0.030463
-3.4697	0.48954	0.053457
-3.4697	0.51464	0.13896
-3.4697	0.53975	0.24296
-3.4697	0.56485	0.33163
-3.4697	0.58996	0.37338
-3.4697	0.61506	0.35456
-3.4697	0.64017	0.28572
-3.4697	0.66527	0.19146
-3.4697	0.69038	0.10513
-3.4697	0.71548	0.043199
-3.4447	-0.841	0.040779
-3.4447	-0.8159	0.12776
-3.4447	-0.79079	0.26026
-3.4447	-0.76569	0.40969
-3.4447	-0.74059	0.52753
-3.4447	-0.71548	0.5772
-3.4447	-0.69038	0.53845
-3.4447	-0.66527	0.4262
-3.4447	-0.64017	0.27708
-3.4447	-0.61506	0.14047
-3.4447	-0.58996	0.047157
-3.4447	0.36402	0.02738
-3.4447	0.38912	0.025249
-3.4447	0.48954	0.071026
-3.4447	0.51464	0.17756
-3.4447	0.53975	0.31211
-3.4447	0.56485	0.43474
-3.4447	0.58996	0.504
-3.4447	0.61506	0.49533
-3.4447	0.64017	0.41407
-3.4447	0.66527	0.28994
-3.4447	0.69038	0.16478
-3.4447	0.71548	0.069736
-3.4196	-0.96653	0.030228
-3.4196	-0.94142	0.031464
-3.4196	-0.841	0.090244
-3.4196	-0.8159	0.25172
-3.4196	-0.79079	0.49558
-3.4196	-0.76569	0.76163
-3.4196	-0.74059	0.97288
-3.4196	-0.71548	1.054
-3.4196	-0.69038	0.97449
-3.4196	-0.66527	0.76217
-3.4196	-0.64017	0.48795
-3.4196	-0.61506	0.24058
-3.4196	-0.58996	0.07462
-3.4196	-0.51464	0.033162
-3.4196	-0.48954	0.049565
-3.4196	-0.46444	0.043663
-3.4196	0.48954	0.071684
-3.4196	0.51464	0.17394
-3.4196	0.53975	0.30468
-3.4196	0.56485	0.4276
-3.4196	0.58996	0.50093
-3.4196	0.61506	0.50046
-3.4196	0.64017	0.42392
-3.4196	0.66527	0.30124
-3.4196	0.69038	0.17204
-3.4196	0.71548	0.071644
-3.4196	1.8703	0.026714
-3.4196	1.8954	0.031427
-3.4196	1.9205	0.031089
-3.4196	1.9456	0.025995
-3.3946	-0.99163	0.030696
-3.3946	-0.96653	0.047546
-3.3946	-0.94142	0.046189
-3.3946	-0.86611	0.032494
-3.3946	-0.841	0.18369
-3.3946	-0.8159	0.49606
-3.3946	-0.79079	0.94181
-3.3946	-0.76569	1.4175
-3.3946	-0.74059	1.7893
-3.3946	-0.71548	1.9222
-3.3946	-0.69038	1.763
-3.3946	-0.66527	1.3621
-3.3946	-0.64017	0.85866
-3.3946	-0.61506	0.40521
-3.3946	-0.58996	0.11241
-3.3946	-0.51464	0.081206
-3.3946	-0.48954	0.11185
-3.3946	-0.46444	0.093749
-3.3946	-0.43933	0.048469
-3.3946	-0.33891	0.030932
-3.3946	-0.31381	0.035908
-3.3946	-0.2887	0.025899
-3.3946	0.48954	0.063504
-3.3946	0.51464	0.152
-3.3946	0.53975	0.26886
-3.3946	0.56485	0.38353
-3.3946	0.58996	0.45729
-3.3946	0.61506	0.46316
-3.3946	0.64017	0.39757
-3.3946	0.66527	0.2838
-3.3946	0.69038	0.16117
-3.3946	0.71548	0.065284
-3.3946	1.8954	0.025861
-3.3946	1.9205	0.026271
-3.3695	-0.99163	0.034505
-3.3695	-0.96653	0.050714
-3.3695	-0.94142	0.046463
-3.3695	-0.86611	0.056586
-3.3695	-0.841	0.27107
-3.3695	-0.8159	0.69315
-3.3695	-0.79079	1.2937
-3.3695	-0.76569	1.9408
-3.3695	-0.74059	2.4471
-3.3695	-0.71548	2.6275
-3.3695	-0.69038	2.4139
-3.3695	-0.66527	1.8584
-3.3695	-0.64017	1.1561
-3.3695	-0.61506	0.52569
-3.3695	-0.58996	0.12918
-3.3695	-0.53975	0.053901
-3.3695	-0.51464	0.15477
-3.3695	-0.48954	0.2001
-3.3695	-0.46444	0.15994
-3.3695	-0.43933	0.077179
-3.3695	-0.36402	0.035259
-3.3695	-0.33891	0.07162
-3.3695	-0.31381	0.07907
-3.3695	-0.2887	0.054833
-3.3695	-0.18828	0.025475
-3.3695	-0.16318	0.038711
-3.3695	-0.13808	0.035151
-3.3695	0.48954	0.038811
-3.3695	0.51464	0.09979
-3.3695	0.53975	0.18947
-3.3695	0.56485	0.28744
-3.3695	0.58996	0.36012
-3.3695	0.61506	0.3816
-3.3695	0.64017	0.33796
-3.3695	0.66527	0.2472
-3.3695	0.69038	0.141
-3.3695	0.71548	0.054752
-3.3695	0.8159	0.026191
-3.3695	0.841	0.027656
-3.3445	-0.99163	0.025082
-3.3445	-0.96653	0.034682
-3.3445	-0.94142	0.0294
-3.3445	-0.86611	0.059564
-3.3445	-0.841	0.24952
-3.3445	-0.8159	0.60924
-3.3445	-0.79079	1.1123
-3.3445	-0.76569	1.6538
-3.3445	-0.74059	2.0811
-3.3445	-0.71548	2.2278
-3.3445	-0.69038	2.0384
-3.3445	-0.66527	1.5583
-3.3445	-0.64017	0.95052
-3.3445	-0.61506	0.41309
-3.3445	-0.58996	0.086302
-3.3445	-0.53975	0.074181
-3.3445	-0.51464	0.17939
-3.3445	-0.48954	0.21682
-3.3445	-0.46444	0.16583
-3.3445	-0.43933	0.073185
-3.3445	-0.36402	0.054538
-3.3445	-0.33891	0.10042
-3.3445	-0.31381	0.1061
-3.3445	-0.2887	0.069887
-3.3445	-0.18828	0.048185
-3.3445	-0.16318	0.069318
-3.3445	-0.13808	0.060477
-3.3445	-0.11297	0.031306
-3.3445	-0.012552	0.042187
-3.3445	0.012552	0.048215
-3.3445	0.037657	0.034541
-3.3445	0.16318	0.028757
-3.3445	0.18828	0.026412
-3.3445	0.53975	0.042169
-3.3445	0.56485	0.090401
-3.3445	0.58996	0.1463
-3.3445	0.61506	0.18403
-3.3445	0.64017	0.18664
-3.3445	0.66527	0.14935
-3.3445	0.69038	0.090258
-3.3445	0.71548	0.035423
-3.3445	0.8159	0.028993
-3.3445	0.841	0.029885
-3.3194	-0.86611	0.051704
-3.3194	-0.841	0.19383
-3.3194	-0.8159	0.45043
-3.3194	-0.79079	0.80366
-3.3194	-0.76569	1.1787
-3.3194	-0.74059	1.4591
-3.3194	-0.71548	1.5447
-3.3194	-0.69038	1.3927
-3.3194	-0.66527	1.0448
-3.3194	-0.64017	0.61767
-3.3194	-0.61506	0.25053
-3.3194	-0.58996	0.040524
-3.3194	-0.53975	0.073107
-3.3194	-0.51464	0.15289
-3.3194	-0.48954	0.17256
-3.3194	-0.46444	0.12378
-3.3194	-0.43933	0.049155
-3.3194	-0.36402	0.057015
-3.3194	-0.33891	0.09567
-3.3194	-0.31381	0.0954
-3.3194	-0.2887	0.058584
-3.3194	-0.18828	0.056489
-3.3194	-0.16318	0.076215
-3.3194	-0.13808	0.063561
-3.3194	-0.11297	0.029949
-3.3194	-0.037657	0.031437
-3.3194	-0.012552	0.059816
-3.3194	0.012552	0.066013
-3.3194	0.037657	0.045263
-3.3194	0.13808	0.038714
-3.3194	0.16318	0.057912
-3.3194	0.18828	0.052792
-3.3194	0.21339	0.028776
-3.3194	0.31381	0.044106
-3.3194	0.33891	0.053632
-3.3194	0.36402	0.040979
-3.3194	0.46444	0.029507
-3.3194	0.48954	0.052547
-3.3194	0.51464	0.059332
-3.3194	0.53975	0.043479
-3.2944	-0.86611	0.046068
-3.2944	-0.841	0.15658
-3.2944	-0.8159	0.34859
-3.2944	-0.79079	0.60686
-3.2944	-0.76569	0.87315
-3.2944	-0.74059	1.0655
-3.2944	-0.71548	1.1126
-3.2944	-0.69038	0.98385
-3.2944	-0.66527	0.72031
-3.2944	-0.64017	0.40927
-3.2944	-0.61506	0.15271
-3.2944	-0.53975	0.070184
-3.2944	-0.51464	0.12844
-3.2944	-0.48954	0.13591
-3.2944	-0.46444	0.090747
-3.2944	-0.43933	0.031104
-3.2944	-0.36402	0.0563
-3.2944	-0.33891	0.086219
-3.2944	-0.31381	0.080531
-3.2944	-0.2887	0.045306
-3.2944	-0.21339	0.024967
-3.2944	-0.18828	0.058897
-3.2944	-0.16318	0.0739
-3.2944	-0.13808	0.057742
-3.2944	-0.037657	0.039209
-3.2944	-0.012552	0.068024
-3.2944	0.012552	0.071063
-3.2944	0.037657	0.045346
-3.2944	0.13808	0.055447
-3.2944	0.16318	0.078392
-3.2944	0.18828	0.068808
-3.2944	0.21339	0.034411
-3.2944	0.2887	0.040708
-3.2944	0.31381	0.084777
-3.2944	0.33891	0.10232
-3.2944	0.36402	0.077175
-3.2944	0.38912	0.028981
-3.2944	0.43933	0.030527
-3.2944	0.46444	0.12494
-3.2944	0.48954	0.25234
-3.2944	0.51464	0.35763
-3.2944	0.53975	0.39673
-3.2944	0.56485	0.3582
-3.2944	0.58996	0.26774
-3.2944	0.61506	0.15916
-3.2944	0.64017	0.077872
-3.2944	0.66527	0.025261
-3.2693	-0.86611	0.044054
-3.2693	-0.841	0.13717
-3.2693	-0.8159	0.29736
-3.2693	-0.79079	0.50593
-3.2693	-0.76569	0.7161
-3.2693	-0.74059	0.86327
-3.2693	-0.71548	0.88733
-3.2693	-0.69038	0.77309
-3.2693	-0.66527	0.55129
-3.2693	-0.64017	0.29981
-3.2693	-0.61506	0.10133
-3.2693	-0.53975	0.07269
-3.2693	-0.51464	0.11936
-3.2693	-0.48954	0.11799
-3.2693	-0.46444	0.072485
-3.2693	-0.36402	0.060308
-3.2693	-0.33891	0.084625
-3.2693	-0.31381	0.073902
-3.2693	-0.2887	0.037504
-3.2693	-0.21339	0.031602
-3.2693	-0.18828	0.065109
-3.2693	-0.16318	0.076438
-3.2693	-0.13808	0.055075
-3.2693	-0.037657	0.050305
-3.2693	-0.012552	0.080133
-3.2693	0.012552	0.078213
-3.2693	0.037657	0.045482
-3.2693	0.11297	0.031578
-3.2693	0.13808	0.076975
-3.2693	0.16318	0.10158
-3.2693	0.18828	0.083744
-3.2693	0.21339	0.037579
-3.2693	0.2887	0.071366
-3.2693	0.31381	0.13595
-3.2693	0.33891	0.15739
-3.2693	0.36402	0.11242
-3.2693	0.38912	0.036217
-3.2693	0.43933	0.080603
-3.2693	0.46444	0.29383
-3.2693	0.48954	0.5902
-3.2693	0.51464	0.86723
-3.2693	0.53975	1.0259
-3.2693	0.56485	1.0099
-3.2693	0.58996	0.84402
-3.2693	0.61506	0.59136
-3.2693	0.64017	0.34571
-3.2693	0.66527	0.15823
-3.2693	0.69038	0.050792
-3.2693	1.8452	0.02549
-3.2693	1.8703	0.025326
-3.2443	-0.86611	0.042308
-3.2443	-0.841	0.12536
-3.2443	-0.8159	0.26487
-3.2443	-0.79079	0.44626
-3.2443	-0.76569	0.62816
-3.2443	-0.74059	0.75245
-3.2443	-0.71548	0.76884
-3.2443	-0.69038	0.66037
-3.2443	-0.66527	0.46108
-3.2443	-0.64017	0.23943
-3.2443	-0.61506	0.072411
-3.2443	-0.53975	0.08207
-3.2443	-0.51464	0.12319
-3.2443	-0.48954	0.11394
-3.2443	-0.46444	0.064506
-3.2443	-0.38912	0.029196
-3.2443	-0.36402	0.072193
-3.2443	-0.33891	0.093647
-3.2443	-0.31381	0.076157
-3.2443	-0.2887	0.034346
-3.2443	-0.21339	0.043946
-3.2443	-0.18828	0.081558
-3.2443	-0.16318	0.088563
-3.2443	-0.13808	0.058973
-3.2443	-0.037657	0.071371
-3.2443	-0.012552	0.10436
-3.2443	0.012552	0.094805
-3.2443	0.037657	0.049799
-3.2443	0.11297	0.05395
-3.2443	0.13808	0.11559
-3.2443	0.16318	0.14176
-3.2443	0.18828	0.1085
-3.2443	0.21339	0.042091
-3.2443	0.2636	0.030852
-3.2443	0.2887	0.12747
-3.2443	0.31381	0.224
-3.2443	0.33891	0.24394
-3.2443	0.36402	0.16145
-3.2443	0.38912	0.041425
-3.2443	0.43933	0.19088
-3.2443	0.46444	0.62316
-3.2443	0.48954	1.2153
-3.2443	0.51464	1.7787
-3.2443	0.53975	2.1217
-3.2443	0.56485	2.1319
-3.2443	0.58996	1.8234
-3.2443	0.61506	1.3245
-3.2443	0.64017	0.80714
-3.2443	0.66527	0.38172
-3.2443	0.69038	0.12943
-3.2443	1.8201	0.032649
-3.2443	1.8452	0.041756
-3.2443	1.8703	0.043846
-3.2443	1.8954	0.038906
-3.2443	1.9205	0.029117
-3.2192	-0.86611	0.029701
-3.2192	-0.841	0.087388
-3.2192	-0.8159	0.18553
-3.2192	-0.79079	0.31588
-3.2192	-0.76569	0.4544
-3.2192	-0.74059	0.55154
-3.2192	-0.71548	0.56718
-3.2192	-0.69038	0.49219
-3.2192	-0.66527	0.34115
-3.2192	-0.64017	0.1704
-3.2192	-0.61506	0.045467
-3.2192	-0.56485	0.029376
-3.2192	-0.53975	0.08746
-3.2192	-0.51464	0.12177
-3.2192	-0.48954	0.10695
-3.2192	-0.46444	0.055701
-3.2192	-0.38912	0.040102
-3.2192	-0.36402	0.088068
-3.2192	-0.33891	0.10677
-3.2192	-0.31381	0.081247
-3.2192	-0.2887	0.032157
-3.2192	-0.21339	0.064451
-3.2192	-0.18828	0.10848
-3.2192	-0.16318	0.1111
-3.2192	-0.13808	0.067553
-3.2192	-0.062762	0.043089
-3.2192	-0.037657	0.11025
-3.2192	-0.012552	0.14925
-3.2192	0.012552	0.12619
-3.2192	0.037657	0.058733
-3.2192	0.11297	0.098742
-3.2192	0.13808	0.19061
-3.2192	0.16318	0.21814
-3.2192	0.18828	0.15389
-3.2192	0.21339	0.049586
-3.2192	0.2636	0.076554
-3.2192	0.2887	0.24563
-3.2192	0.31381	0.39846
-3.2192	0.33891	0.40719
-3.2192	0.36402	0.24608
-3.2192	0.38912	0.043326
-3.2192	0.41423	0.041237
-3.2192	0.43933	0.47198
-3.2192	0.46444	1.353
-3.2192	0.48954	2.5642
-3.2192	0.51464	3.6722
-3.2192	0.53975	4.3719
-3.2192	0.56485	4.3894
-3.2192	0.58996	3.7713
-3.2192	0.61506	2.7432
-3.2192	0.64017	1.6575
-3.2192	0.66527	0.7848
-3.2192	0.69038	0.24978
-3.2192	0.71548	0.028988
-3.2192	0.76569	0.044597
-3.2192	0.79079	0.070706
-3.2192	0.8159	0.0612
-3.2192	0.841	0.033392
-3.2192	1.8201	0.039193
-3.2192	1.8452	0.050554
-3.2192	1.8703	0.054085
-3.2192	1.8954	0.048927
-3.2192	1.9205	0.037586
-3.1942	-0.841	0.031507
-3.1942	-0.8159	0.068601
-3.1942	-0.79079	0.12271
-3.1942	-0.76569	0.18261
-3.1942	-0.74059	0.22998
-3.1942	-0.71548	0.24442
-3.1942	-0.69038	0.21645
-3.1942	-0.66527	0.15076
-3.1942	-0.64017	0.073579
-3.1942	-0.53975	0.059523
-3.1942	-0.51464	0.079002
-3.1942	-0.48954	0.066461
-3.1942	-0.46444	0.031636
-3.1942	-0.38912	0.038463
-3.1942	-0.36402	0.076788
-3.1942	-0.33891	0.089008
-3.1942	-0.31381	0.063885
-3.1942	-0.21339	0.074348
-3.1942	-0.18828	0.1165
-3.1942	-0.16318	0.11338
-3.1942	-0.13808	0.063748
-3.1942	-0.062762	0.06587
-3.1942	-0.037657	0.14883
-3.1942	-0.012552	0.19043
-3.1942	0.012552	0.15103
-3.1942	0.037657	0.061791
-3.1942	0.087866	0.03971
-3.1942	0.11297	0.1691
-3.1942	0.13808	0.29872
-3.1942	0.16318	0.32302
-3.1942	0.18828	0.21047
-3.1942	0.21339	0.053185
-3.1942	0.2636	0.16731
-3.1942	0.2887	0.47032
-3.1942	0.31381	0.7096
-3.1942	0.33891	0.68191
-3.1942	0.36402	0.37071
-3.1942	0.38912	0.036441
-3.1942	0.41423	0.15667
-3.1942	0.43933	1.1435
-3.1942	0.46444	3.0685
-3.1942	0.48954	5.5272
-3.1942	0.51464	7.8101
-3.1942	0.53975	9.1964
-3.1942	0.56485	9.1815
-3.1942	0.58996	7.8504
-3.1942	0.61506	5.6713
-3.1942	0.64017	3.397
-3.1942	0.66527	1.5574
-3.1942	0.69038	0.45526
-3.1942	0.71548	0.039806
-3.1942	0.74059	0.02489
-3.1942	0.76569	0.13687
-3.1942	0.79079	0.19782
-3.1942	0.8159	0.16578
-3.1942	0.841	0.086876
-3.1942	0.94142	0.025353
-3.1942	0.96653	0.029558
-3.1942	1.795	0.026933
-3.1942	1.8201	0.043776
-3.1942	1.8452	0.056641
-3.1942	1.8703	0.061004
-3.1942	1.8954	0.055723
-3.1942	1.9205	0.043242
-3.1942	1.9456	0.028105
-3.1691	-0.79079	0.02523
-3.1691	-0.76569	0.041311
-3.1691	-0.74059	0.056422
-3.1691	-0.71548	0.06331
-3.1691	-0.69038	0.058353
-3.1691	-0.66527	0.041383
-3.1691	-0.53975	0.025371
-3.1691	-0.51464	0.032114
-3.1691	-0.48954	0.025737
-3.1691	-0.36402	0.040992
-3.1691	-0.33891	0.045061
-3.1691	-0.31381	0.030094
-3.1691	-0.21339	0.051159
-3.1691	-0.18828	0.075598
-3.1691	-0.16318	0.069458
-3.1691	-0.13808	0.035438
-3.1691	-0.062762	0.059646
-3.1691	-0.037657	0.12242
-3.1691	-0.012552	0.14936
-3.1691	0.012552	0.11165
-3.1691	0.037657	0.039029
-3.1691	0.087866	0.052804
-3.1691	0.11297	0.18381
-3.1691	0.13808	0.30461
-3.1691	0.16318	0.31498
-3.1691	0.18828	0.19155
-3.1691	0.21339	0.034549
-3.1691	0.2636	0.24907
-3.1691	0.2887	0.63359
-3.1691	0.31381	0.91082
-3.1691	0.33891	0.83874
-3.1691	0.36402	0.40282
-3.1691	0.41423	0.36559
-3.1691	0.43933	2.0905
-3.1691	0.46444	5.3524
-3.1691	0.48954	9.5143
-3.1691	0.51464	13.49
-3.1691	0.53975	15.905
-3.1691	0.56485	15.962
-3.1691	0.58996	13.725
-3.1691	0.61506	9.9573
-3.1691	0.64017	5.9059
-3.1691	0.66527	2.6548
-3.1691	0.69038	0.7251
-3.1691	0.71548	0.03007
-3.1691	0.74059	0.093163
-3.1691	0.76569	0.35431
-3.1691	0.79079	0.47469
-3.1691	0.8159	0.38046
-3.1691	0.841	0.19051
-3.1691	0.86611	0.042275
-3.1691	0.91632	0.036132
-3.1691	0.94142	0.082354
-3.1691	0.96653	0.092554
-3.1691	0.99163	0.064096
-3.1691	1.0167	0.025173
-3.1691	1.795	0.027789
-3.1691	1.8201	0.0455
-3.1691	1.8452	0.059644
-3.1691	1.8703	0.065154
-3.1691	1.8954	0.060437
-3.1691	1.9205	0.047408
-3.1691	1.9456	0.030943
-3.1441	-0.21339	0.027748
-3.1441	-0.18828	0.037944
-3.1441	-0.16318	0.032551
-3.1441	-0.062762	0.038073
-3.1441	-0.037657	0.071961
-3.1441	-0.012552	0.082024
-3.1441	0.012552	0.056431
-3.1441	0.087866	0.043407
-3.1441	0.11297	0.12868
-3.1441	0.13808	0.19931
-3.1441	0.16318	0.19332
-3.1441	0.18828	0.10584
-3.1441	0.23849	0.030229
-3.1441	0.2636	0.21888
-3.1441	0.2887	0.50694
-3.1441	0.31381	0.69187
-3.1441	0.33891	0.59832
-3.1441	0.36402	0.24553
-3.1441	0.41423	0.46928
-3.1441	0.43933	2.2188
-3.1441	0.46444	5.4095
-3.1441	0.48954	9.502
-3.1441	0.51464	13.459
-3.1441	0.53975	15.985
-3.1441	0.56485	16.23
-3.1441	0.58996	14.081
-3.1441	0.61506	10.285
-3.1441	0.64017	6.0891
-3.1441	0.66527	2.6734
-3.1441	0.69038	0.66197
-3.1441	0.74059	0.18862
-3.1441	0.76569	0.56136
-3.1441	0.79079	0.70804
-3.1441	0.8159	0.54966
-3.1441	0.841	0.26132
-3.1441	0.86611	0.047499
-3.1441	0.91632	0.0854
-3.1441	0.94142	0.17436
-3.1441	0.96653	0.18816
-3.1441	0.99163	0.12704
-3.1441	1.0167	0.046564
-3.1441	1.0921	0.04184
-3.1441	1.1172	0.062556
-3.1441	1.1423	0.054965
-3.1441	1.1674	0.028656
-3.1441	1.8201	0.037023
-3.1441	1.8452	0.051583
-3.1441	1.8703	0.059307
-3.1441	1.8954	0.057378
-3.1441	1.9205	0.046534
-3.1441	1.9456	0.030998
-3.119	-0.037657	0.041177
-3.119	-0.012552	0.043789
-3.119	0.012552	0.027374
-3.119	0.087866	0.03221
-3.119	0.11297	0.083511
-3.119	0.13808	0.11995
-3.119	0.16318	0.10781
-3.119	0.18828	0.051372
-3.119	0.23849	0.030701
-3.119	0.2636	0.16519
-3.119	0.2887	0.34375
-3.119	0.31381	0.43793
-3.119	0.33891	0.34825
-3.119	0.36402	0.11582
-3.119	0.41423	0.43864
-3.119	0.43933	1.7864
-3.119	0.46444	4.1035
-3.119	0.48954	7.0247
-3.119	0.51464	9.7563
-3.119	0.53975	11.455
-3.119	0.56485	11.502
-3.119	0.58996	9.8751
-3.119	0.61506	7.1185
-3.119	0.64017	4.1056
-3.119	0.66527	1.7245
-3.119	0.69038	0.3723
-3.119	0.74059	0.21302
-3.119	0.76569	0.52039
-3.119	0.79079	0.61413
-3.119	0.8159	0.45443
-3.119	0.841	0.20069
-3.119	0.86611	0.026385
-3.119	0.91632	0.10711
-3.119	0.94142	0.196
-3.119	0.96653	0.20323
-3.119	0.99163	0.13135
-3.119	1.0167	0.043128
-3.119	1.0921	0.066086
-3.119	1.1172	0.093694
-3.119	1.1423	0.080489
-3.119	1.1674	0.040637
-3.119	1.2678	0.040674
-3.119	1.2929	0.045424
-3.119	1.318	0.031631
-3.119	1.8703	0.027176
-3.119	1.8954	0.031263
-3.119	1.9205	0.028882
-3.0939	-0.841	0.032545
-3.0939	-0.8159	0.043945
-3.0939	-0.79079	0.0492
-3.0939	-0.76569	0.04629
-3.0939	-0.74059	0.036377
-3.0939	0.087866	0.025128
-3.0939	0.11297	0.057704
-3.0939	0.13808	0.076461
-3.0939	0.16318	0.063527
-3.0939	0.18828	0.025782
-3.0939	0.23849	0.030961
-3.0939	0.2636	0.12896
-3.0939	0.2887	0.24539
-3.0939	0.31381	0.29118
-3.0939	0.33891	0.20926
-3.0939	0.36402	0.05151
-3.0939	0.41423	0.41621
-3.0939	0.43933	1.4631
-3.0939	0.46444	3.1934
-3.0939	0.48954	5.2608
-3.0939	0.51464	7.1192
-3.0939	0.53975	8.1905
-3.0939	0.56485	8.0635
-3.0939	0.58996	6.7734
-3.0939	0.61506	4.7567
-3.0939	0.64017	2.6483
-3.0939	0.66527	1.0302
-3.0939	0.69038	0.17286
-3.0939	0.74059	0.20456
-3.0939	0.76569	0.4232
-3.0939	0.79079	0.46312
-3.0939	0.8159	0.32089
-3.0939	0.841	0.12507
-3.0939	0.91632	0.10305
-3.0939	0.94142	0.17071
-3.0939	0.96653	0.16532
-3.0939	0.99163	0.09939
-3.0939	1.0167	0.027253
-3.0939	1.0669	0.024674
-3.0939	1.0921	0.06876
-3.0939	1.1172	0.090957
-3.0939	1.1423	0.074094
-3.0939	1.1674	0.03454
-3.0939	1.2427	0.026597
-3.0939	1.2678	0.05002
-3.0939	1.2929	0.053965
-3.0939	1.318	0.03606
-3.0939	1.4435	0.033083
-3.0939	1.4686	0.029509
-3.0689	-0.86611	0.047616
-3.0689	-0.841	0.081752
-3.0689	-0.8159	0.11389
-3.0689	-0.79079	0.13256
-3.0689	-0.76569	0.13125
-3.0689	-0.74059	0.11025
-3.0689	-0.71548	0.076939
-3.0689	-0.69038	0.042745
-3.0689	0.11297	0.041203
-3.0689	0.13808	0.051451
-3.0689	0.16318	0.039313
-3.0689	0.23849	0.031059
-3.0689	0.2636	0.10798
-3.0689	0.2887	0.18851
-3.0689	0.31381	0.20945
-3.0689	0.33891	0.13406
-3.0689	0.38912	0.040161
-3.0689	0.41423	0.41296
-3.0689	0.43933	1.3042
-3.0689	0.46444	2.698
-3.0689	0.48954	4.3103
-3.0689	0.51464	5.694
-3.0689	0.53975	6.4001
-3.0689	0.56485	6.1659
-3.0689	0.58996	5.0541
-3.0689	0.61506	3.4442
-3.0689	0.64017	1.8384
-3.0689	0.66527	0.65737
-3.0689	0.69038	0.087957
-3.0689	0.74059	0.20234
-3.0689	0.76569	0.36163
-3.0689	0.79079	0.36747
-3.0689	0.8159	0.23554
-3.0689	0.841	0.080723
-3.0689	0.89121	0.026518
-3.0689	0.91632	0.1005
-3.0689	0.94142	0.14988
-3.0689	0.96653	0.13532
-3.0689	0.99163	0.074295
-3.0689	1.0669	0.028831
-3.0689	1.0921	0.067947
-3.0689	1.1172	0.082828
-3.0689	1.1423	0.063029
-3.0689	1.1674	0.02614
-3.0689	1.2427	0.030485
-3.0689	1.2678	0.052248
-3.0689	1.2929	0.052604
-3.0689	1.318	0.032917
-3.0689	1.4184	0.029047
-3.0689	1.4435	0.039972
-3.0689	1.4686	0.034013
-3.0689	1.5941	0.029242
-3.0689	1.6192	0.034065
-3.0689	1.6444	0.025022
-3.0689	1.7448	0.028046
-3.0689	1.7699	0.054063
-3.0689	1.795	0.0723
-3.0689	1.8201	0.075559
-3.0689	1.8452	0.064075
-3.0689	1.8703	0.044367
-3.0689	1.8954	0.024972
-3.0438	-0.89121	0.038202
-3.0438	-0.86611	0.086934
-3.0438	-0.841	0.15196
-3.0438	-0.8159	0.2157
-3.0438	-0.79079	0.25861
-3.0438	-0.76569	0.26415
-3.0438	-0.74059	0.22866
-3.0438	-0.71548	0.1644
-3.0438	-0.69038	0.092988
-3.0438	-0.66527	0.037233
-3.0438	0.11297	0.028775
-3.0438	0.13808	0.034041
-3.0438	0.23849	0.031057
-3.0438	0.2636	0.093025
-3.0438	0.2887	0.15232
-3.0438	0.31381	0.1579
-3.0438	0.33891	0.090532
-3.0438	0.38912	0.061271
-3.0438	0.41423	0.43198
-3.0438	0.43933	1.259
-3.0438	0.46444	2.4773
-3.0438	0.48954	3.8544
-3.0438	0.51464	4.9837
-3.0438	0.53975	5.4878
-3.0438	0.56485	5.1802
-3.0438	0.58996	4.1476
-3.0438	0.61506	2.7386
-3.0438	0.64017	1.3956
-3.0438	0.66527	0.45304
-3.0438	0.69038	0.038123
-3.0438	0.71548	0.039419
-3.0438	0.74059	0.21303
-3.0438	0.76569	0.33784
-3.0438	0.79079	0.31764
-3.0438	0.8159	0.18745
-3.0438	0.841	0.053955
-3.0438	0.89121	0.035158
-3.0438	0.91632	0.1044
-3.0438	0.94142	0.14196
-3.0438	0.96653	0.11889
-3.0438	0.99163	0.058917
-3.0438	1.0669	0.034635
-3.0438	1.0921	0.070553
-3.0438	1.1172	0.079989
-3.0438	1.1423	0.056016
-3.0438	1.2427	0.035577
-3.0438	1.2678	0.055456
-3.0438	1.2929	0.052233
-3.0438	1.318	0.029841
-3.0438	1.4184	0.035466
-3.0438	1.4435	0.045513
-3.0438	1.4686	0.036276
-3.0438	1.5941	0.04041
-3.0438	1.6192	0.044948
-3.0438	1.6444	0.03129
-3.0438	1.7448	0.055366
-3.0438	1.7699	0.10695
-3.0438	1.795	0.1482
-3.0438	1.8201	0.16468
-3.0438	1.8452	0.1521
-3.0438	1.8703	0.11851
-3.0438	1.8954	0.077703
-3.0438	1.9205	0.042019
-3.0188	-0.89121	0.032173
-3.0188	-0.86611	0.075642
-3.0188	-0.841	0.13722
-3.0188	-0.8159	0.20352
-3.0188	-0.79079	0.2563
-3.0188	-0.76569	0.27384
-3.0188	-0.74059	0.24843
-3.0188	-0.71548	0.18623
-3.0188	-0.69038	0.10835
-3.0188	-0.66527	0.042808
-3.0188	-0.56485	0.026052
-3.0188	-0.53975	0.027834
-3.0188	0.23849	0.029101
-3.0188	0.2636	0.078494
-3.0188	0.2887	0.1219
-3.0188	0.31381	0.11956
-3.0188	0.33891	0.060102
-3.0188	0.38912	0.083229
-3.0188	0.41423	0.47039
-3.0188	0.43933	1.2695
-3.0188	0.46444	2.4254
-3.0188	0.48954	3.6914
-3.0188	0.51464	4.6915
-3.0188	0.53975	5.0895
-3.0188	0.56485	4.7194
-3.0188	0.58996	3.7006
-3.0188	0.61506	2.369
-3.0188	0.64017	1.1463
-3.0188	0.66527	0.33
-3.0188	0.71548	0.062966
-3.0188	0.74059	0.24016
-3.0188	0.76569	0.34374
-3.0188	0.79079	0.29964
-3.0188	0.8159	0.16191
-3.0188	0.841	0.038832
-3.0188	0.89121	0.04817
-3.0188	0.91632	0.11794
-3.0188	0.94142	0.14635
-3.0188	0.96653	0.11327
-3.0188	0.99163	0.050042
-3.0188	1.0669	0.04412
-3.0188	1.0921	0.079548
-3.0188	1.1172	0.083087
-3.0188	1.1423	0.053642
-3.0188	1.2427	0.044092
-3.0188	1.2678	0.062573
-3.0188	1.2929	0.055028
-3.0188	1.318	0.028271
-3.0188	1.4184	0.04484
-3.0188	1.4435	0.053264
-3.0188	1.4686	0.039571
-3.0188	1.569	0.031998
-3.0188	1.5941	0.054696
-3.0188	1.6192	0.057295
-3.0188	1.6444	0.036904
-3.0188	1.7197	0.030003
-3.0188	1.7448	0.09598
-3.0188	1.7699	0.17712
-3.0188	1.795	0.24384
-3.0188	1.8201	0.27274
-3.0188	1.8452	0.25631
-3.0188	1.8703	0.20472
-3.0188	1.8954	0.13874
-3.0188	1.9205	0.077861
-3.0188	1.9456	0.034806
-2.9937	-0.86611	0.029448
-2.9937	-0.841	0.054828
-2.9937	-0.8159	0.084711
-2.9937	-0.79079	0.11111
-2.9937	-0.76569	0.12365
-2.9937	-0.74059	0.11616
-2.9937	-0.71548	0.089019
-2.9937	-0.69038	0.052896
-2.9937	0.2636	0.050168
-2.9937	0.2887	0.077987
-2.9937	0.31381	0.074827
-2.9937	0.33891	0.033007
-2.9937	0.38912	0.096318
-2.9937	0.41423	0.47375
-2.9937	0.43933	1.2312
-2.9937	0.46444	2.3276
-2.9937	0.48954	3.5226
-2.9937	0.51464	4.473
-2.9937	0.53975	4.8361
-2.9937	0.56485	4.4466
-2.9937	0.58996	3.4431
-2.9937	0.61506	2.1515
-2.9937	0.64017	0.98836
-2.9937	0.66527	0.24721
-2.9937	0.71548	0.097578
-2.9937	0.74059	0.28854
-2.9937	0.76569	0.37583
-2.9937	0.79079	0.3058
-2.9937	0.8159	0.14987
-2.9937	0.841	0.026477
-2.9937	0.89121	0.069181
-2.9937	0.91632	0.14488
-2.9937	0.94142	0.16552
-2.9937	0.96653	0.11896
-2.9937	0.99163	0.045605
-2.9937	1.0669	0.0606
-2.9937	1.0921	0.097734
-2.9937	1.1172	0.094372
-2.9937	1.1423	0.055481
-2.9937	1.2427	0.059009
-2.9937	1.2678	0.076931
-2.9937	1.2929	0.062453
-2.9937	1.318	0.028459
-2.9937	1.3933	0.032172
-2.9937	1.4184	0.060459
-2.9937	1.4435	0.06668
-2.9937	1.4686	0.04559
-2.9937	1.569	0.048748
-2.9937	1.5941	0.076285
-2.9937	1.6192	0.074721
-2.9937	1.6444	0.043882
-2.9937	1.7197	0.056595
-2.9937	1.7448	0.16099
-2.9937	1.7699	0.28442
-2.9937	1.795	0.38385
-2.9937	1.8201	0.42579
-2.9937	1.8452	0.39842
-2.9937	1.8703	0.31831
-2.9937	1.8954	0.21588
-2.9937	1.9205	0.12105
-2.9937	1.9456	0.053951
-2.9687	-0.79079	0.030607
-2.9687	-0.76569	0.035567
-2.9687	-0.74059	0.034598
-2.9687	-0.71548	0.02722
-2.9687	0.38912	0.061146
-2.9687	0.41423	0.28566
-2.9687	0.43933	0.76798
-2.9687	0.46444	1.5283
-2.9687	0.48954	2.4297
-2.9687	0.51464	3.2094
-2.9687	0.53975	3.6077
-2.9687	0.56485	3.4225
-2.9687	0.58996	2.6989
-2.9687	0.61506	1.692
-2.9687	0.64017	0.75
-2.9687	0.66527	0.16219
-2.9687	0.71548	0.13666
-2.9687	0.74059	0.33131
-2.9687	0.76569	0.40398
-2.9687	0.79079	0.30979
-2.9687	0.8159	0.13815
-2.9687	0.89121	0.10056
-2.9687	0.91632	0.18675
-2.9687	0.94142	0.19841
-2.9687	0.96653	0.13145
-2.9687	0.99163	0.043016
-2.9687	1.0418	0.027209
-2.9687	1.0669	0.089357
-2.9687	1.0921	0.13073
-2.9687	1.1172	0.11752
-2.9687	1.1423	0.062417
-2.9687	1.2176	0.040148
-2.9687	1.2427	0.086159
-2.9687	1.2678	0.10373
-2.9687	1.2929	0.077336
-2.9687	1.318	0.030711
-2.9687	1.3933	0.05258
-2.9687	1.4184	0.088968
-2.9687	1.4435	0.090831
-2.9687	1.4686	0.056598
-2.9687	1.5439	0.028296
-2.9687	1.569	0.079455
-2.9687	1.5941	0.11425
-2.9687	1.6192	0.10391
-2.9687	1.6444	0.054456
-2.9687	1.7197	0.10846
-2.9687	1.7448	0.27951
-2.9687	1.7699	0.47312
-2.9687	1.795	0.62322
-2.9687	1.8201	0.67881
-2.9687	1.8452	0.62697
-2.9687	1.8703	0.49421
-2.9687	1.8954	0.33141
-2.9687	1.9205	0.18273
-2.9687	1.9456	0.078346
-2.9436	0.41423	0.036204
-2.9436	0.43933	0.1257
-2.9436	0.46444	0.30756
-2.9436	0.48954	0.57614
-2.9436	0.51464	0.86365
-2.9436	0.53975	1.0887
-2.9436	0.56485	1.134
-2.9436	0.58996	0.96831
-2.9436	0.61506	0.63957
-2.9436	0.64017	0.28742
-2.9436	0.66527	0.052547
-2.9436	0.71548	0.10597
-2.9436	0.74059	0.23338
-2.9436	0.76569	0.27832
-2.9436	0.79079	0.20952
-2.9436	0.8159	0.085906
-2.9436	0.89121	0.11152
-2.9436	0.91632	0.19125
-2.9436	0.94142	0.1955
-2.9436	0.96653	0.122
-2.9436	0.99163	0.033648
-2.9436	1.0418	0.044189
-2.9436	1.0669	0.12206
-2.9436	1.0921	0.16571
-2.9436	1.1172	0.14033
-2.9436	1.1423	0.067604
-2.9436	1.2176	0.067417
-2.9436	1.2427	0.12996
-2.9436	1.2678	0.14573
-2.9436	1.2929	0.1006
-2.9436	1.318	0.033834
-2.9436	1.3682	0.026989
-2.9436	1.3933	0.091892
-2.9436	1.4184	0.14088
-2.9436	1.4435	0.13354
-2.9436	1.4686	0.075245
-2.9436	1.5439	0.058188
-2.9436	1.569	0.14002
-2.9436	1.5941	0.18631
-2.9436	1.6192	0.15663
-2.9436	1.6444	0.071566
-2.9436	1.6946	0.038611
-2.9436	1.7197	0.22201
-2.9436	1.7448	0.52314
-2.9436	1.7699	0.84702
-2.9436	1.795	1.084
-2.9436	1.8201	1.1565
-2.9436	1.8452	1.0492
-2.9436	1.8703	0.80823
-2.9436	1.8954	0.53367
-2.9436	1.9205	0.28587
-2.9436	1.9456	0.11741
-2.9436	1.9707	0.02984
-2.9186	0.51464	0.030884
-2.9186	0.53975	0.065151
-2.9186	0.56485	0.094018
-2.9186	0.58996	0.10275
-2.9186	0.61506	0.077823
-2.9186	0.64017	0.037168
-2.9186	0.71548	0.032403
-2.9186	0.74059	0.066681
-2.9186	0.76569	0.07958
-2.9186	0.79079	0.059447
-2.9186	0.89121	0.05619
-2.9186	0.91632	0.093415
-2.9186	0.94142	0.093488
-2.9186	0.96653	0.056491
-2.9186	1.0418	0.038076
-2.9186	1.0669	0.094156
-2.9186	1.0921	0.12428
-2.9186	1.1172	0.10211
-2.9186	1.1423	0.045307
-2.9186	1.2176	0.07842
-2.9186	1.2427	0.14189
-2.9186	1.2678	0.15301
-2.9186	1.2929	0.10044
-2.9186	1.318	0.028192
-2.9186	1.3682	0.047557
-2.9186	1.3933	0.13704
-2.9186	1.4184	0.19821
-2.9186	1.4435	0.17787
-2.9186	1.4686	0.091502
-2.9186	1.5439	0.11334
-2.9186	1.569	0.24311
-2.9186	1.5941	0.30198
-2.9186	1.6192	0.2388
-2.9186	1.6444	0.093868
-2.9186	1.6946	0.10424
-2.9186	1.7197	0.46952
-2.9186	1.7448	1.0308
-2.9186	1.7699	1.6141
-2.9186	1.795	2.0165
-2.9186	1.8201	2.109
-2.9186	1.8452	1.8794
-2.9186	1.8703	1.431
-2.9186	1.8954	0.91721
-2.9186	1.9205	0.47548
-2.9186	1.9456	0.18573
-2.9186	1.9707	0.041601
-2.8935	0.41423	0.049182
-2.8935	0.43933	0.073597
-2.8935	0.46444	0.083574
-2.8935	0.48954	0.075196
-2.8935	0.51464	0.05376
-2.8935	0.53975	0.027872
-2.8935	0.91632	0.024722
-2.8935	1.0669	0.036908
-2.8935	1.0921	0.046809
-2.8935	1.1172	0.036555
-2.8935	1.2176	0.044479
-2.8935	1.2427	0.07513
-2.8935	1.2678	0.07845
-2.8935	1.2929	0.048848
-2.8935	1.3682	0.041396
-2.8935	1.3933	0.10685
-2.8935	1.4184	0.14847
-2.8935	1.4435	0.12991
-2.8935	1.4686	0.061815
-2.8935	1.5439	0.13379
-2.8935	1.569	0.2697
-2.8935	1.5941	0.32606
-2.8935	1.6192	0.24682
-2.8935	1.6444	0.082985
-2.8935	1.6946	0.19679
-2.8935	1.7197	0.76943
-2.8935	1.7448	1.6263
-2.8935	1.7699	2.5367
-2.8935	1.795	3.1845
-2.8935	1.8201	3.3342
-2.8935	1.8452	2.999
-2.8935	1.8703	2.2886
-2.8935	1.8954	1.46
-2.8935	1.9205	0.74795
-2.8935	1.9456	0.279
-2.8935	1.9707	0.05555
-2.8935	2.046	0.040789
-2.8935	2.0711	0.042346
-2.8935	2.0962	0.027336
-2.8685	0.38912	0.03928
-2.8685	0.41423	0.088945
-2.8685	0.43933	0.14424
-2.8685	0.46444	0.18515
-2.8685	0.48954	0.1981
-2.8685	0.51464	0.17785
-2.8685	0.53975	0.13426
-2.8685	0.56485	0.083909
-2.8685	0.58996	0.041477
-2.8685	1.2427	0.027699
-2.8685	1.2678	0.027208
-2.8685	1.3933	0.049392
-2.8685	1.4184	0.065298
-2.8685	1.4435	0.053583
-2.8685	1.5439	0.081503
-2.8685	1.569	0.1538
-2.8685	1.5941	0.17906
-2.8685	1.6192	0.12596
-2.8685	1.6444	0.033811
-2.8685	1.6946	0.17862
-2.8685	1.7197	0.62858
-2.8685	1.7448	1.3021
-2.8685	1.7699	2.0564
-2.8685	1.795	2.63
-2.8685	1.8201	2.828
-2.8685	1.8452	2.6056
-2.8685	1.8703	2.0387
-2.8685	1.8954	1.3285
-2.8685	1.9205	0.68264
-2.8685	1.9456	0.25492
-2.8685	1.9707	0.0429
-2.8685	2.0209	0.030554
-2.8685	2.046	0.059255
-2.8685	2.0711	0.059145
-2.8685	2.0962	0.036902
-2.8434	-0.841	0.02543
-2.8434	-0.8159	0.027885
-2.8434	-0.79079	0.02606
-2.8434	0.38912	0.051448
-2.8434	0.41423	0.11473
-2.8434	0.43933	0.18793
-2.8434	0.46444	0.24976
-2.8434	0.48954	0.27789
-2.8434	0.51464	0.26355
-2.8434	0.53975	0.21199
-2.8434	0.56485	0.14248
-2.8434	0.58996	0.077402
-2.8434	0.61506	0.030439
-2.8434	1.4184	0.025458
-2.8434	1.5439	0.040479
-2.8434	1.569	0.071208
-2.8434	1.5941	0.077769
-2.8434	1.6192	0.050875
-2.8434	1.6946	0.11277
-2.8434	1.7197	0.35571
-2.8434	1.7448	0.71155
-2.8434	1.7699	1.0952
-2.8434	1.795	1.3866
-2.8434	1.8201	1.4855
-2.8434	1.8452	1.3614
-2.8434	1.8703	1.0599
-2.8434	1.8954	0.68527
-2.8434	1.9205	0.34785
-2.8434	1.9456	0.11954
-2.8434	2.0209	0.024915
-2.8434	2.046	0.04323
-2.8434	2.0711	0.041008
-2.8434	2.0962	0.024732
-2.8184	-0.86611	0.032714
-2.8184	-0.841	0.042134
-2.8184	-0.8159	0.046221
-2.8184	-0.79079	0.043306
-2.8184	-0.76569	0.03429
-2.8184	0.38912	0.058553
-2.8184	0.41423	0.12628
-2.8184	0.43933	0.20682
-2.8184	0.46444	0.27685
-2.8184	0.48954	0.31276
-2.8184	0.51464	0.30142
-2.8184	0.53975	0.24807
-2.8184	0.56485	0.17018
-2.8184	0.58996	0.093058
-2.8184	0.61506	0.036255
-2.8184	1.569	0.032573
-2.8184	1.5941	0.033469
-2.8184	1.6946	0.069335
-2.8184	1.7197	0.19722
-2.8184	1.7448	0.3767
-2.8184	1.7699	0.56589
-2.8184	1.795	0.7028
-2.8184	1.8201	0.7397
-2.8184	1.8452	0.66708
-2.8184	1.8703	0.50879
-2.8184	1.8954	0.32035
-2.8184	1.9205	0.15588
-2.8184	1.9456	0.04924
-2.7933	-0.89121	0.026283
-2.7933	-0.86611	0.041792
-2.7933	-0.841	0.055613
-2.7933	-0.8159	0.06292
-2.7933	-0.79079	0.060831
-2.7933	-0.76569	0.048843
-2.7933	-0.74059	0.031809
-2.7933	0.38912	0.0587
-2.7933	0.41423	0.12444
-2.7933	0.43933	0.2034
-2.7933	0.46444	0.27363
-2.7933	0.48954	0.31231
-2.7933	0.51464	0.30373
-2.7933	0.53975	0.25198
-2.7933	0.56485	0.17329
-2.7933	0.58996	0.093968
-2.7933	0.61506	0.035053
-2.7933	1.6946	0.041246
-2.7933	1.7197	0.11032
-2.7933	1.7448	0.20416
-2.7933	1.7699	0.29976
-2.7933	1.795	0.3665
-2.7933	1.8201	0.38098
-2.7933	1.8452	0.338
-2.7933	1.8703	0.25435
-2.7933	1.8954	0.15544
-2.7933	1.9205	0.072
-2.7683	-0.841	0.032661
-2.7683	-0.8159	0.03915
-2.7683	-0.79079	0.03984
-2.7683	-0.76569	0.033959
-2.7683	0.38912	0.051097
-2.7683	0.41423	0.10749
-2.7683	0.43933	0.17718
-2.7683	0.46444	0.24198
-2.7683	0.48954	0.28034
-2.7683	0.51464	0.27631
-2.7683	0.53975	0.23114
-2.7683	0.56485	0.15926
-2.7683	0.58996	0.085168
-2.7683	0.61506	0.029853
-2.7683	1.7197	0.058467
-2.7683	1.7448	0.10617
-2.7683	1.7699	0.15472
-2.7683	1.795	0.18858
-2.7683	1.8201	0.19487
-2.7683	1.8452	0.17182
-2.7683	1.8703	0.1271
-2.7683	1.8954	0.076335
-2.7683	1.9205	0.033476
-2.7432	0.38912	0.031724
-2.7432	0.41423	0.070142
-2.7432	0.43933	0.12222
-2.7432	0.46444	0.17538
-2.7432	0.48954	0.21199
-2.7432	0.51464	0.21675
-2.7432	0.53975	0.18601
-2.7432	0.56485	0.13016
-2.7432	0.58996	0.068775
-2.7432	1.7197	0.025282
-2.7432	1.7448	0.046934
-2.7432	1.7699	0.070008
-2.7432	1.795	0.086948
-2.7432	1.8201	0.091221
-2.7432	1.8452	0.081088
-2.7432	1.8703	0.060057
-2.7432	1.8954	0.035353
-2.7182	0.43933	0.041198
-2.7182	0.46444	0.06903
-2.7182	0.48954	0.096358
-2.7182	0.51464	0.11174
-2.7182	0.53975	0.10615
-2.7182	0.56485	0.07965
-2.7182	0.58996	0.043602
-2.7182	1.795	0.028898
-2.7182	1.8201	0.032471
-2.7182	1.8452	0.030463
-2.6931	0.36402	0.02991
-2.6931	0.38912	0.053769
-2.6931	0.41423	0.0695
-2.6931	0.43933	0.070515
-2.6931	0.46444	0.059121
-2.6931	0.48954	0.044201
-2.6931	0.51464	0.032077
-2.6931	0.53975	0.026053
-2.6681	0.36402	0.053541
-2.6681	0.38912	0.10504
-2.6681	0.41423	0.15569
-2.6681	0.43933	0.1867
-2.6681	0.46444	0.1875
-2.6681	0.48954	0.1574
-2.6681	0.51464	0.1109
-2.6681	0.53975	0.064327
-2.6681	0.56485	0.029564
-2.643	0.36402	0.056081
-2.643	0.38912	0.10982
-2.643	0.41423	0.16603
-2.643	0.43933	0.20705
-2.643	0.46444	0.21851
-2.643	0.48954	0.19622
-2.643	0.51464	0.14941
-2.643	0.53975	0.094026
-2.643	0.56485	0.046336
-2.643	1.5439	0.026096
-2.643	1.6695	0.02911
-2.643	1.6946	0.058959
-2.643	1.7197	0.084523
-2.643	1.7448	0.094907
-2.643	1.7699	0.088214
-2.643	1.795	0.06857
-2.643	1.8201	0.045391
-2.618	0.36402	0.05096
-2.618	0.38912	0.09731
-2.618	0.41423	0.14635
-2.618	0.43933	0.18292
-2.618	0.46444	0.19495
-2.618	0.48954	0.17762
-2.618	0.51464	0.13723
-2.618	0.53975	0.087481
-2.618	0.56485	0.04311
-2.618	1.5188	0.032644
-2.618	1.5439	0.039479
-2.618	1.569	0.029595
-2.618	1.6695	0.082135
-2.618	1.6946	0.16285
-2.618	1.7197	0.24143
-2.618	1.7448	0.28654
-2.618	1.7699	0.28114
-2.618	1.795	0.23404
-2.618	1.8201	0.16468
-2.618	1.8452	0.096775
-2.618	1.8703	0.045608
-2.5929	0.36402	0.042534
-2.5929	0.38912	0.079134
-2.5929	0.41423	0.11743
-2.5929	0.43933	0.14633
-2.5929	0.46444	0.15526
-2.5929	0.48954	0.1414
-2.5929	0.51464	0.10888
-2.5929	0.53975	0.068859
-2.5929	0.56485	0.033037
-2.5929	1.6695	0.084038
-2.5929	1.6946	0.1796
-2.5929	1.7197	0.28488
-2.5929	1.7448	0.36506
-2.5929	1.7699	0.39229
-2.5929	1.795	0.35772
-2.5929	1.8201	0.27452
-2.5929	1.8452	0.1754
-2.5929	1.8703	0.088303
-2.5929	1.8954	0.03204
-2.5678	0.36402	0.032236
-2.5678	0.38912	0.058616
-2.5678	0.41423	0.086003
-2.5678	0.43933	0.10643
-2.5678	0.46444	0.1127
-2.5678	0.48954	0.10217
-2.5678	0.51464	0.078205
-2.5678	0.53975	0.048617
-2.5678	1.6695	0.037349
-2.5678	1.6946	0.079352
-2.5678	1.7197	0.12964
-2.5678	1.7448	0.17217
-2.5678	1.7699	0.19393
-2.5678	1.795	0.18599
-2.5678	1.8201	0.15153
-2.5678	1.8452	0.10187
-2.5678	1.8703	0.054109
-2.5428	0.38912	0.03801
-2.5428	0.41423	0.055778
-2.5428	0.43933	0.069004
-2.5428	0.46444	0.073101
-2.5428	0.48954	0.066225
-2.5428	0.51464	0.050267
-2.5428	0.53975	0.03073
-2.5428	1.6946	0.026156
-2.5428	1.7197	0.0432
-2.5428	1.7448	0.058104
-2.5428	1.7699	0.06639
-2.5428	1.795	0.064505
-2.5428	1.8201	0.053089
-2.5428	1.8452	0.036016
-2.5177	0.41423	0.029563
-2.5177	0.43933	0.037264
-2.5177	0.46444	0.040055
-2.5177	0.48954	0.036589
-2.5177	0.51464	0.027997
-2.4676	-0.89121	0.026702
-2.4676	-0.86611	0.026599
-2.4426	-0.89121	0.025872
-2.4426	-0.86611	0.02595
-2.4175	0.36402	0.02957
-2.4175	0.38912	0.034035
-2.4175	0.41423	0.032518
-2.4175	0.43933	0.026393
-2.3925	0.31381	0.031943
-2.3925	0.33891	0.059587
-2.3925	0.36402	0.085536
-2.3925	0.38912	0.099723
-2.3925	0.41423	0.098248
-2.3925	0.43933	0.082628
-2.3925	0.46444	0.059124
-2.3925	0.48954	0.035346
-2.3674	0.31381	0.066841
-2.3674	0.33891	0.12997
-2.3674	0.36402	0.19357
-2.3674	0.38912	0.23279
-2.3674	0.41423	0.23632
-2.3674	0.43933	0.20321
-2.3674	0.46444	0.14655
-2.3674	0.48954	0.088733
-2.3674	0.51464	0.042811
-2.3424	0.31381	0.034685
-2.3424	0.33891	0.081516
-2.3424	0.36402	0.14559
-2.3424	0.38912	0.21421
-2.3424	0.41423	0.25821
-2.3424	0.43933	0.26047
-2.3424	0.46444	0.2153
-2.3424	0.48954	0.14576
-2.3424	0.51464	0.074669
-2.3424	0.53975	0.025041
-2.3173	0.36402	0.027467
-2.3173	0.38912	0.04297
-2.3173	0.41423	0.058593
-2.3173	0.43933	0.068658
-2.3173	0.46444	0.067142
-2.3173	0.48954	0.053751
-2.3173	0.51464	0.033457
-2.2422	0.36402	0.027761
-2.2422	0.38912	0.028547
-2.2422	0.41423	0.025044
-2.2171	0.33891	0.028577
-2.2171	0.36402	0.035047
-2.2171	0.38912	0.03644
-2.2171	0.41423	0.032523
-2.2171	0.43933	0.024676
-2.1921	0.33891	0.030534
-2.1921	0.36402	0.037332
-2.1921	0.38912	0.038858
-2.1921	0.41423	0.034727
-2.1921	0.43933	0.026377
-2.167	0.33891	0.028736
-2.167	0.36402	0.034833
-2.167	0.38912	0.036108
-2.167	0.41423	0.032116
-2.142	0.36402	0.028948
-2.142	0.38912	0.02982
-2.142	0.41423	0.026386
-1.2651	0.23849	0.056393
-1.2651	0.2636	0.095846
-1.2651	0.2887	0.10892
-1.2651	0.31381	0.089993
-1.2651	0.33891	0.046714
-1.2401	0.11297	0.076007
-1.2401	0.13808	0.11555
-1.2401	0.16318	0.10366
-1.2401	0.18828	0.11402
-1.2401	0.21339	0.10327
-1.2401	0.23849	0.078398
-1.2401	0.2636	0.051998
-1.0898	1.4686	0.024721
0.63883	-0.89121	0.048906
0.66388	-0.86611	0.070204
0.68894	-0.841	0.027445
0.71399	-0.841	0.037811
0.73904	-0.8159	0.14624
0.76409	-0.79079	0.24015
0.78914	-0.79079	0.033334
0.78914	-0.76569	0.045137
0.8643	-0.71548	0.03813
0.8643	-0.69038	0.16696
0.88935	-0.69038	0.028103
0.88935	-0.66527	0.37521
0.91441	-0.66527	0.048461
0.91441	-0.64017	0.10742
0.96451	-0.58996	0.069836
0.96451	-0.56485	0.084557
0.96451	-0.18828	0.028339
0.96451	-0.16318	0.028464
0.98956	-0.53975	0.27548
0.98956	-0.21339	0.03409
0.98956	-0.18828	0.038792
0.98956	-0.16318	0.038251
0.98956	-0.13808	0.032623
1.0146	-0.51464	0.028703
1.0146	-0.23849	0.035055
1.0146	-0.21339	0.045159
1.0146	-0.18828	0.049882
1.0146	-0.16318	0.047906
1.0146	-0.13808	0.039899
1.0146	-0.11297	0.02837
1.0397	-0.46444	0.097622
1.0397	-0.43933	0.041203
1.0397	-0.2636	0.032335
1.0397	-0.23849	0.047027
1.0397	-0.21339	0.057659
1.0397	-0.18828	0.061273
1.0397	-0.16318	0.057009
1.0397	-0.13808	0.04599
1.0397	-0.11297	0.031705
1.0647	-0.43933	0.1083
1.0647	-0.41423	0.17505
1.0647	-0.38912	0.076107
1.0647	-0.2887	0.030028
1.0647	-0.2636	0.047979
1.0647	-0.23849	0.063864
1.0647	-0.21339	0.073371
1.0647	-0.18828	0.074044
1.0647	-0.16318	0.065991
1.0647	-0.13808	0.051131
1.0647	-0.11297	0.033887
1.0898	-0.38912	0.073543
1.0898	-0.31381	0.032756
1.0898	-0.2887	0.068989
1.0898	-0.2636	0.079373
1.0898	-0.23849	0.096847
1.0898	-0.21339	0.098123
1.0898	-0.18828	0.091528
1.0898	-0.16318	0.076729
1.0898	-0.13808	0.056374
1.0898	-0.11297	0.035321
1.1148	-0.31381	1.1711
1.1148	-0.2887	0.42431
1.1148	-0.2636	0.046876
1.1148	-0.23849	0.22337
1.1148	-0.21339	0.13195
1.1148	-0.18828	0.1291
1.1148	-0.16318	0.096457
1.1148	-0.13808	0.063735
1.1148	-0.11297	0.037365
1.1399	-0.2887	0.41049
1.1399	-0.2636	1.7173
1.1399	-0.23849	2.2065
1.1399	-0.21339	0.13071
1.1399	-0.18828	0.29048
1.1399	-0.16318	0.16209
1.1399	-0.13808	0.081046
1.1399	-0.11297	0.044158
1.1399	1.0418	0.02861
1.1399	1.0669	0.047771
1.1399	1.0921	0.056857
1.1399	1.1172	0.073085
1.1399	1.1423	0.10495
1.1399	1.1674	0.10988
1.1399	1.1925	0.066048
1.1399	1.2176	0.0589
1.1399	1.2427	0.077658
1.1649	-0.21339	1.2164
1.1649	-0.18828	2.8559
1.1649	-0.16318	0.98419
1.1649	-0.13808	0.10544
1.1649	-0.11297	0.087016
1.1649	-0.087866	0.031337
1.1649	1.0167	0.04164
1.1649	1.0418	0.16907
1.1649	1.0669	0.29716
1.1649	1.0921	0.24605
1.1649	1.1172	0.64805
1.1649	1.1423	1.5987
1.1649	1.1674	2.1072
1.1649	1.1925	0.87951
1.1649	1.2176	0.28057
1.1649	1.2427	0.047965
1.19	-0.21339	0.028139
1.19	-0.16318	0.13219
1.19	-0.13808	0.3338
1.19	-0.11297	0.78171
1.19	-0.087866	0.15856
1.19	0.99163	0.08947
1.19	1.0167	0.59198
1.19	1.0418	2.4607
1.19	1.0669	4.2083
1.19	1.0921	2.7337
1.19	1.1172	1.4922
1.19	1.1423	0.57914
1.19	1.1674	0.25454
1.19	1.1925	0.091701
1.19	1.2176	0.028729
1.215	-0.012552	0.070441
1.215	0.012552	0.061933
1.215	0.037657	0.03082
1.215	0.841	0.029324
1.215	0.86611	0.07503
1.215	0.89121	0.10833
1.215	0.91632	0.073273
1.215	0.96653	0.13608
1.215	0.99163	0.28143
1.215	1.0167	0.36887
1.215	1.0418	0.37767
1.215	1.0669	0.35142
1.215	1.0921	0.25338
1.215	1.1172	0.19467
1.215	1.1423	0.12004
1.215	1.1674	0.064966
1.215	1.1925	0.031207
1.2401	0.71548	0.033647
1.2401	0.74059	0.032327
1.2401	0.8159	0.048633
1.2401	0.841	0.054828
1.2401	0.86611	0.034334
1.2401	0.99163	0.037811
1.2401	1.0167	0.062793
1.2401	1.0418	0.082773
1.2401	1.0669	0.09252
1.2401	1.0921	0.085131
1.2401	1.1172	0.067552
1.2401	1.1423	0.046962
1.2401	1.1674	0.027879
1.2651	0.31381	0.037093
1.2651	0.33891	0.085439
1.2651	0.36402	0.13512
1.2651	0.38912	0.15089
1.2651	0.41423	0.14324
1.2651	0.43933	0.11596
1.2651	0.46444	0.10095
1.2651	0.48954	0.10381
1.2651	0.51464	0.11428
1.2651	0.53975	0.11416
1.2651	0.56485	0.078906
1.2651	0.58996	0.035693
1.2651	1.0418	0.032892
1.2651	1.0669	0.037555
1.2651	1.0921	0.036631
1.2651	1.1172	0.030679
2.2672	0.86611	0.030524
2.2672	0.89121	0.042701
2.2672	0.91632	0.050269
2.2672	0.94142	0.049542
2.2672	0.96653	0.041354
2.2672	0.99163	0.02782
2.2923	0.86611	0.040025
2.2923	0.89121	0.049165
2.2923	0.91632	0.050293
2.2923	0.94142	0.042851
2.2923	0.96653	0.030092
2.9687	-0.53975	0.02635
2.9937	-0.58996	0.031536
2.9937	-0.56485	0.04387
2.9937	-0.53975	0.050896
2.9937	-0.51464	0.05028
2.9937	-0.48954	0.042155
2.9937	-0.46444	0.029498
3.0188	-0.58996	0.039938
3.0188	-0.56485	0.054059
3.0188	-0.53975	0.061407
3.0188	-0.51464	0.058785
3.0188	-0.48954	0.048096
3.0188	-0.46444	0.032283
3.0438	-0.56485	0.031215
3.0438	-0.53975	0.035001
3.0438	-0.51464	0.033334
3.0438	-0.48954	0.026704
3.1942	-0.58996	0.027174
3.1942	-0.56485	0.029098
3.1942	-0.53975	0.026725
3.2192	-0.61506	0.026609
3.2192	-0.58996	0.033163
3.2192	-0.56485	0.034992
3.2192	-0.53975	0.03181
4.1712	-0.79079	0.034997
4.1712	-0.76569	0.041148
4.1712	-0.74059	0.04076
4.1712	-0.71548	0.034271
4.1962	-0.8159	0.03954
4.1962	-0.79079	0.057462
4.1962	-0.76569	0.068824
4.1962	-0.74059	0.069849
4.1962	-0.71548	0.060518
4.1962	-0.69038	0.04438
4.1962	-0.66527	0.027123
4.2213	-0.841	0.028047
4.2213	-0.8159	0.051956
4.2213	-0.79079	0.07561
4.2213	-0.76569	0.091174
4.2213	-0.74059	0.093788
4.2213	-0.71548	0.082216
4.2213	-0.69038	0.06115
4.2213	-0.66527	0.037454
4.2463	-0.841	0.030598
4.2463	-0.8159	0.055948
4.2463	-0.79079	0.081579
4.2463	-0.76569	0.099188
4.2463	-0.74059	0.10268
4.2463	-0.71548	0.090944
4.2463	-0.69038	0.067828
4.2463	-0.66527	0.041447
4.2714	-0.841	0.026603
4.2714	-0.8159	0.048628
4.2714	-0.79079	0.071567
4.2714	-0.76569	0.087857
4.2714	-0.74059	0.092261
4.2714	-0.71548	0.082087
4.2714	-0.69038	0.061709
4.2714	-0.66527	0.037502
4.2965	-0.8159	0.031956
4.2965	-0.79079	0.048304
4.2965	-0.76569	0.060902
4.2965	-0.74059	0.065396
4.2965	-0.71548	0.059334
4.2965	-0.69038	0.045071
4.2965	-0.66527	0.027321
4.3215	-0.76569	0.028951
4.3215	-0.74059	0.03291
4.3215	-0.71548	0.031395
4.4217	-0.841	0.039608
4.4217	-0.8159	0.049825
4.4217	-0.79079	0.052369
4.4217	-0.76569	0.046585
4.4217	-0.74059	0.035091
4.4468	-0.86611	0.035878
4.4468	-0.841	0.056881
4.4468	-0.8159	0.073316
4.4468	-0.79079	0.079505
4.4468	-0.76569	0.073396
4.4468	-0.74059	0.05755
4.4468	-0.71548	0.037632
4.4718	-0.86611	0.038715
4.4718	-0.841	0.061861
4.4718	-0.8159	0.081099
4.4718	-0.79079	0.089748
4.4718	-0.76569	0.084728
4.4718	-0.74059	0.067854
4.4718	-0.71548	0.045052
4.4969	-0.86611	0.031298
4.4969	-0.841	0.050991
4.4969	-0.8159	0.068407
4.4969	-0.79079	0.077576
4.4969	-0.76569	0.074858
4.4969	-0.74059	0.061133
4.4969	-0.71548	0.040997
4.5219	-0.841	0.0288
4.5219	-0.8159	0.04086
4.5219	-0.79079	0.04853
4.5219	-0.76569	0.04888
4.5219	-0.74059	0.041138
4.5219	-0.71548	0.028302
4.6221	-0.89121	0.031183
4.6221	-0.86611	0.043098
4.6221	-0.841	0.048344
4.6221	-0.8159	0.045288
4.6221	-0.79079	0.035699
4.6472	-2.1715	0.031873
4.6472	-2.1464	0.037676
4.6472	-2.1213	0.037851
4.6472	-2.0962	0.032179
4.6472	-0.91632	0.028439
4.6472	-0.89121	0.051611
4.6472	-0.86611	0.073276
4.6472	-0.841	0.085578
4.6472	-0.8159	0.084456
4.6472	-0.79079	0.070613
4.6472	-0.76569	0.049528
4.6472	-0.74059	0.028265
4.6722	-2.1715	0.034899
4.6722	-2.1464	0.04206
4.6722	-2.1213	0.042977
4.6722	-2.0962	0.037219
4.6722	-2.0711	0.026518
4.6722	-0.91632	0.034261
4.6722	-0.89121	0.062449
4.6722	-0.86611	0.090015
4.6722	-0.841	0.10753
4.6722	-0.8159	0.10908
4.6722	-0.79079	0.093874
4.6722	-0.76569	0.067768
4.6722	-0.74059	0.039701
4.6973	-2.1715	0.028815
4.6973	-2.1464	0.035757
4.6973	-2.1213	0.037433
4.6973	-2.0962	0.033097
4.6973	-0.91632	0.030294
4.6973	-0.89121	0.055989
4.6973	-0.86611	0.082595
4.6973	-0.841	0.10141
4.6973	-0.8159	0.10536
4.6973	-0.79079	0.093056
4.6973	-0.76569	0.068437
4.6973	-0.74059	0.040462
4.7223	-0.89121	0.033775
4.7223	-0.86611	0.052554
4.7223	-0.841	0.067737
4.7223	-0.8159	0.073686
4.7223	-0.79079	0.067484
4.7223	-0.76569	0.050979
4.7223	-0.74059	0.030533
4.7474	-0.8159	0.030707
4.7474	-0.79079	0.030968
4.7975	-2.2218	0.027062
4.7975	-2.1967	0.030856
4.7975	-2.1715	0.02917
4.7975	-0.89121	0.027952
4.8225	-2.272	0.026855
4.8225	-2.2469	0.051227
4.8225	-2.2218	0.074904
4.8225	-2.1967	0.090332
4.8225	-2.1715	0.09159
4.8225	-2.1464	0.078598
4.8225	-2.1213	0.056727
4.8225	-2.0962	0.033206
4.8225	-0.94142	0.048945
4.8225	-0.91632	0.07602
4.8225	-0.89121	0.093795
4.8225	-0.86611	0.095537
4.8225	-0.841	0.081743
4.8225	-0.8159	0.059191
4.8225	-0.79079	0.035062
4.8476	-2.272	0.054398
4.8476	-2.2469	0.10194
4.8476	-2.2218	0.15026
4.8476	-2.1967	0.18353
4.8476	-2.1715	0.19047
4.8476	-2.1464	0.16805
4.8476	-2.1213	0.12495
4.8476	-2.0962	0.075559
4.8476	-2.0711	0.034637
4.8476	-0.96653	0.042037
4.8476	-0.94142	0.089644
4.8476	-0.91632	0.14208
4.8476	-0.89121	0.18074
4.8476	-0.86611	0.19277
4.8476	-0.841	0.17459
4.8476	-0.8159	0.13419
4.8476	-0.79079	0.086084
4.8476	-0.76569	0.044012
4.8727	-2.2971	0.035988
4.8727	-2.272	0.092178
4.8727	-2.2469	0.16918
4.8727	-2.2218	0.24751
4.8727	-2.1967	0.30296
4.8727	-2.1715	0.31533
4.8727	-2.1464	0.27992
4.8727	-2.1213	0.20851
4.8727	-2.0962	0.12646
4.8727	-2.0711	0.056752
4.8727	-0.96653	0.058381
4.8727	-0.94142	0.12339
4.8727	-0.91632	0.19641
4.8727	-0.89121	0.25398
4.8727	-0.86611	0.27717
4.8727	-0.841	0.25699
4.8727	-0.8159	0.20279
4.8727	-0.79079	0.13317
4.8727	-0.76569	0.069412
4.8977	-2.2971	0.056054
4.8977	-2.272	0.13636
4.8977	-2.2469	0.2444
4.8977	-2.2218	0.35334
4.8977	-2.1967	0.42953
4.8977	-2.1715	0.44572
4.8977	-2.1464	0.39407
4.8977	-2.1213	0.29247
4.8977	-2.0962	0.17416
4.8977	-2.0711	0.07559
4.8977	-1.9456	0.026295
4.8977	-0.96653	0.062218
4.8977	-0.94142	0.13054
4.8977	-0.91632	0.20944
4.8977	-0.89121	0.27562
4.8977	-0.86611	0.30557
4.8977	-0.841	0.28921
4.8977	-0.8159	0.23177
4.8977	-0.79079	0.15398
4.8977	-0.76569	0.080211
4.8977	-0.74059	0.028343
4.9228	-2.2971	0.077643
4.9228	-2.272	0.18037
4.9228	-2.2469	0.31484
4.9228	-2.2218	0.44874
4.9228	-2.1967	0.54078
4.9228	-2.1715	0.55626
4.9228	-2.1464	0.48838
4.9228	-2.1213	0.35702
4.9228	-2.0962	0.20802
4.9228	-2.0711	0.085512
4.9228	-1.9707	0.035114
4.9228	-1.9456	0.040167
4.9228	-1.9205	0.029144
4.9228	-0.96653	0.047286
4.9228	-0.94142	0.10026
4.9228	-0.91632	0.16533
4.9228	-0.89121	0.2242
4.9228	-0.86611	0.25637
4.9228	-0.841	0.24863
4.9228	-0.8159	0.20412
4.9228	-0.79079	0.13706
4.9228	-0.76569	0.071122
4.9478	-2.3222	0.027716
4.9478	-2.2971	0.096454
4.9478	-2.272	0.21393
4.9478	-2.2469	0.36603
4.9478	-2.2218	0.5146
4.9478	-2.1967	0.61358
4.9478	-2.1715	0.625
4.9478	-2.1464	0.54159
4.9478	-2.1213	0.38997
4.9478	-2.0962	0.22008
4.9478	-2.0711	0.085019
4.9478	-1.9707	0.049249
4.9478	-1.9456	0.052804
4.9478	-1.9205	0.03618
4.9478	-0.94142	0.043799
4.9478	-0.91632	0.080322
4.9478	-0.89121	0.119
4.9478	-0.86611	0.14596
4.9478	-0.841	0.15035
4.9478	-0.8159	0.1293
4.9478	-0.79079	0.089859
4.9478	-0.76569	0.047077
4.9729	-2.3222	0.034141
4.9729	-2.2971	0.10838
4.9729	-2.272	0.23136
4.9729	-2.2469	0.38716
4.9729	-2.2218	0.53671
4.9729	-2.1967	0.63252
4.9729	-2.1715	0.63765
4.9729	-2.1464	0.54438
4.9729	-2.1213	0.38469
4.9729	-2.0962	0.20956
4.9729	-2.0711	0.074474
4.9729	-1.9958	0.035278
4.9729	-1.9707	0.06092
4.9729	-1.9456	0.061698
4.9729	-1.9205	0.039607
4.9729	-1.795	0.032731
4.9729	-1.7699	0.029929
4.9729	-0.86611	0.033113
4.9729	-0.841	0.04356
4.9729	-0.8159	0.044197
4.9729	-0.79079	0.034698
4.9979	-2.3222	0.037447
4.9979	-2.2971	0.10994
4.9979	-2.272	0.22677
4.9979	-2.2469	0.37275
4.9979	-2.2218	0.50946
4.9979	-2.1967	0.59327
4.9979	-2.1715	0.59179
4.9979	-2.1464	0.49825
4.9979	-2.1213	0.3441
4.9979	-2.0962	0.17974
4.9979	-2.0711	0.057661
4.9979	-1.9958	0.043002
4.9979	-1.9707	0.067563
4.9979	-1.9456	0.064287
4.9979	-1.9205	0.038425
4.9979	-1.8201	0.02923
4.9979	-1.795	0.04023
4.9979	-1.7699	0.034618
4.9979	-0.96653	0.03674
4.9979	-0.94142	0.039247
4.9979	-0.91632	0.032179
5.023	-2.3222	0.036107
5.023	-2.2971	0.10031
5.023	-2.272	0.20118
5.023	-2.2469	0.32495
5.023	-2.2218	0.43885
5.023	-2.1967	0.50609
5.023	-2.1715	0.49901
5.023	-2.1464	0.41424
5.023	-2.1213	0.27953
5.023	-2.0962	0.13926
5.023	-2.0711	0.039645
5.023	-1.9958	0.046884
5.023	-1.9707	0.06778
5.023	-1.9456	0.060591
5.023	-1.9205	0.033436
5.023	-1.8201	0.034581
5.023	-1.795	0.044342
5.023	-1.7699	0.035752
5.023	-1.6444	0.030414
5.023	-1.6192	0.032637
5.023	-1.4686	0.033705
5.023	-1.4435	0.028853
5.023	-1.318	0.03547
5.023	-1.2929	0.040489
5.023	-1.2678	0.028707
5.023	-1.1674	0.032707
5.023	-1.1423	0.052779
5.023	-1.1172	0.052926
5.023	-1.0921	0.031662
5.023	-1.0167	0.034982
5.023	-0.99163	0.10199
5.023	-0.96653	0.18024
5.023	-0.94142	0.23203
5.023	-0.91632	0.24485
5.023	-0.89121	0.21302
5.023	-0.86611	0.1537
5.023	-0.841	0.091436
5.023	-0.8159	0.04313
5.048	-2.3222	0.030879
5.048	-2.2971	0.081094
5.048	-2.272	0.15916
5.048	-2.2469	0.25383
5.048	-2.2218	0.34008
5.048	-2.1967	0.38969
5.048	-2.1715	0.38014
5.048	-2.1464	0.31112
5.048	-2.1213	0.20433
5.048	-2.0962	0.09718
5.048	-1.9958	0.045781
5.048	-1.9707	0.061029
5.048	-1.9456	0.051495
5.048	-1.8201	0.036884
5.048	-1.795	0.044005
5.048	-1.7699	0.033171
5.048	-1.6444	0.035717
5.048	-1.6192	0.035976
5.048	-1.4937	0.032554
5.048	-1.4686	0.042307
5.048	-1.4435	0.034047
5.048	-1.3431	0.029677
5.048	-1.318	0.052984
5.048	-1.2929	0.057316
5.048	-1.2678	0.038063
5.048	-1.1674	0.061783
5.048	-1.1423	0.094182
5.048	-1.1172	0.090632
5.048	-1.0921	0.051015
5.048	-1.0167	0.099406
5.048	-0.99163	0.26783
5.048	-0.96653	0.47049
5.048	-0.94142	0.63691
5.048	-0.91632	0.70777
5.048	-0.89121	0.66331
5.048	-0.86611	0.52632
5.048	-0.841	0.35063
5.048	-0.8159	0.19205
5.048	-0.79079	0.080288
5.0731	-2.2971	0.057067
5.0731	-2.272	0.11038
5.0731	-2.2469	0.17411
5.0731	-2.2218	0.233
5.0731	-2.1967	0.26573
5.0731	-2.1715	0.25779
5.0731	-2.1464	0.20838
5.0731	-2.1213	0.13398
5.0731	-2.0962	0.059918
5.0731	-1.9958	0.039721
5.0731	-1.9707	0.049591
5.0731	-1.9456	0.03929
5.0731	-1.8201	0.035326
5.0731	-1.795	0.039547
5.0731	-1.7699	0.027718
5.0731	-1.6444	0.037743
5.0731	-1.6192	0.035693
5.0731	-1.4937	0.038809
5.0731	-1.4686	0.047305
5.0731	-1.4435	0.035651
5.0731	-1.3431	0.0419
5.0731	-1.318	0.069265
5.0731	-1.2929	0.07103
5.0731	-1.2678	0.04342
5.0731	-1.1925	0.037521
5.0731	-1.1674	0.098362
5.0731	-1.1423	0.14128
5.0731	-1.1172	0.12856
5.0731	-1.0921	0.065076
5.0731	-1.0418	0.030932
5.0731	-1.0167	0.20829
5.0731	-0.99163	0.53402
5.0731	-0.96653	0.92554
5.0731	-0.94142	1.2578
5.0731	-0.91632	1.4193
5.0731	-0.89121	1.3589
5.0731	-0.86611	1.1083
5.0731	-0.841	0.76006
5.0731	-0.8159	0.43341
5.0731	-0.79079	0.18643
5.0731	-0.76569	0.049714
5.0731	0.38912	0.027482
5.0731	0.41423	0.027073
5.0981	-2.2971	0.032969
5.0981	-2.272	0.063704
5.0981	-2.2469	0.10142
5.0981	-2.2218	0.13605
5.0981	-2.1967	0.15592
5.0981	-2.1715	0.15103
5.0981	-2.1464	0.12116
5.0981	-2.1213	0.076129
5.0981	-2.0962	0.03198
5.0981	-1.9958	0.030423
5.0981	-1.9707	0.035734
5.0981	-1.9456	0.026657
5.0981	-1.8201	0.030446
5.0981	-1.795	0.031978
5.0981	-1.6444	0.03594
5.0981	-1.6192	0.031917
5.0981	-1.4937	0.041563
5.0981	-1.4686	0.047614
5.0981	-1.4435	0.033388
5.0981	-1.3431	0.052615
5.0981	-1.318	0.081065
5.0981	-1.2929	0.077769
5.0981	-1.2678	0.043443
5.0981	-1.1925	0.058405
5.0981	-1.1674	0.13638
5.0981	-1.1423	0.18473
5.0981	-1.1172	0.15797
5.0981	-1.0921	0.06966
5.0981	-1.0418	0.071149
5.0981	-1.0167	0.37395
5.0981	-0.99163	0.89515
5.0981	-0.96653	1.5131
5.0981	-0.94142	2.0443
5.0981	-0.91632	2.3079
5.0981	-0.89121	2.2191
5.0981	-0.86611	1.8228
5.0981	-0.841	1.2644
5.0981	-0.8159	0.71154
5.0981	-0.79079	0.30113
5.0981	-0.76569	0.076673
5.0981	-0.69038	0.037826
5.0981	-0.66527	0.046875
5.0981	-0.64017	0.035222
5.0981	0.36402	0.031757
5.0981	0.38912	0.03822
5.0981	0.41423	0.038518
5.0981	0.43933	0.032954
5.1232	-2.272	0.027783
5.1232	-2.2469	0.045712
5.1232	-2.2218	0.062966
5.1232	-2.1967	0.073717
5.1232	-2.1715	0.072503
5.1232	-2.1464	0.058276
5.1232	-2.1213	0.036142
5.1232	-1.6444	0.030792
5.1232	-1.4937	0.040207
5.1232	-1.4686	0.043367
5.1232	-1.4435	0.028025
5.1232	-1.3431	0.059392
5.1232	-1.318	0.085174
5.1232	-1.2929	0.077031
5.1232	-1.2678	0.038304
5.1232	-1.1925	0.07982
5.1232	-1.1674	0.16897
5.1232	-1.1423	0.21482
5.1232	-1.1172	0.17153
5.1232	-1.0921	0.0631
5.1232	-1.0418	0.13532
5.1232	-1.0167	0.57676
5.1232	-0.99163	1.3079
5.1232	-0.96653	2.1603
5.1232	-0.94142	2.8817
5.1232	-0.91632	3.2332
5.1232	-0.89121	3.0953
5.1232	-0.86611	2.5379
5.1232	-0.841	1.7467
5.1232	-0.8159	0.97238
5.1232	-0.79079	0.39934
5.1232	-0.76569	0.089522
5.1232	-0.71548	0.028886
5.1232	-0.69038	0.074569
5.1232	-0.66527	0.086823
5.1232	-0.64017	0.063185
5.1232	-0.61506	0.027794
5.1232	0.36402	0.03357
5.1232	0.38912	0.041003
5.1232	0.41423	0.041995
5.1232	0.43933	0.036674
5.1232	0.46444	0.027099
5.1482	-1.4937	0.035038
5.1482	-1.4686	0.035593
5.1482	-1.3431	0.060145
5.1482	-1.318	0.080819
5.1482	-1.2929	0.068183
5.1482	-1.2678	0.029639
5.1482	-1.1925	0.097081
5.1482	-1.1674	0.18793
5.1482	-1.1423	0.22458
5.1482	-1.1172	0.16547
5.1482	-1.0921	0.048303
5.1482	-1.0418	0.2142
5.1482	-1.0167	0.7891
5.1482	-0.99163	1.7026
5.1482	-0.96653	2.7455
5.1482	-0.94142	3.6142
5.1482	-0.91632	4.0132
5.1482	-0.89121	3.8149
5.1482	-0.86611	3.1008
5.1482	-0.841	2.1124
5.1482	-0.8159	1.1512
5.1482	-0.79079	0.44832
5.1482	-0.76569	0.087743
5.1482	-0.71548	0.05512
5.1482	-0.69038	0.12059
5.1482	-0.66527	0.13183
5.1482	-0.64017	0.091404
5.1482	-0.61506	0.037287
5.1482	-0.51464	0.029851
5.1482	-0.48954	0.029229
5.1482	0.36402	0.026288
5.1482	0.38912	0.03299
5.1482	0.41423	0.03487
5.1482	0.43933	0.031252
5.1733	-1.4937	0.027236
5.1733	-1.3431	0.054655
5.1733	-1.318	0.069168
5.1733	-1.2929	0.05404
5.1733	-1.2176	0.028517
5.1733	-1.1925	0.1055
5.1733	-1.1674	0.18891
5.1733	-1.1423	0.21246
5.1733	-1.1172	0.14253
5.1733	-1.0921	0.03035
5.1733	-1.0418	0.29545
5.1733	-1.0167	0.96985
5.1733	-0.99163	1.9991
5.1733	-0.96653	3.1496
5.1733	-0.94142	4.0876
5.1733	-0.91632	4.4918
5.1733	-0.89121	4.2314
5.1733	-0.86611	3.4025
5.1733	-0.841	2.2793
5.1733	-0.8159	1.2068
5.1733	-0.79079	0.44301
5.1733	-0.76569	0.068589
5.1733	-0.71548	0.088109
5.1733	-0.69038	0.1679
5.1733	-0.66527	0.17269
5.1733	-0.64017	0.11297
5.1733	-0.61506	0.041756
5.1733	-0.53975	0.030717
5.1733	-0.51464	0.047888
5.1733	-0.48954	0.044601
5.1983	-1.3431	0.044248
5.1983	-1.318	0.052826
5.1983	-1.2929	0.03827
5.1983	-1.2176	0.032188
5.1983	-1.1925	0.10256
5.1983	-1.1674	0.17113
5.1983	-1.1423	0.18047
5.1983	-1.1172	0.10882
5.1983	-1.0669	0.04066
5.1983	-1.0418	0.36273
5.1983	-1.0167	1.0768
5.1983	-0.99163	2.1319
5.1983	-0.96653	3.2879
5.1983	-0.94142	4.2068
5.1983	-0.91632	4.5685
5.1983	-0.89121	4.2648
5.1983	-0.86611	3.3794
5.1983	-0.841	2.223
5.1983	-0.8159	1.1371
5.1983	-0.79079	0.38752
5.1983	-0.76569	0.046053
5.1983	-0.71548	0.12222
5.1983	-0.69038	0.20667
5.1983	-0.66527	0.19968
5.1983	-0.64017	0.12291
5.1983	-0.61506	0.039983
5.1983	-0.53975	0.046167
5.1983	-0.51464	0.066065
5.1983	-0.48954	0.058057
5.1983	-0.46444	0.031463
5.2234	-1.3431	0.03147
5.2234	-1.318	0.03551
5.2234	-1.2176	0.031653
5.2234	-1.1925	0.088955
5.2234	-1.1674	0.13833
5.2234	-1.1423	0.13683
5.2234	-1.1172	0.072673
5.2234	-1.0669	0.059894
5.2234	-1.0418	0.3904
5.2234	-1.0167	1.0813
5.2234	-0.99163	2.0647
5.2234	-0.96653	3.1233
5.2234	-0.94142	3.938
5.2234	-0.91632	4.2406
5.2234	-0.89121	3.9097
5.2234	-0.86611	3.0575
5.2234	-0.841	1.9677
5.2234	-0.8159	0.97152
5.2234	-0.79079	0.30024
5.2234	-0.74059	0.030854
5.2234	-0.71548	0.14968
5.2234	-0.69038	0.22765
5.2234	-0.66527	0.20721
5.2234	-0.64017	0.11862
5.2234	-0.61506	0.033307
5.2234	-0.53975	0.061051
5.2234	-0.51464	0.08088
5.2234	-0.48954	0.066754
5.2234	-0.46444	0.033163
5.2234	-0.36402	0.029558
5.2234	-0.33891	0.032643
5.2484	-1.2176	0.026961
5.2484	-1.1925	0.067535
5.2484	-1.1674	0.098839
5.2484	-1.1423	0.09155
5.2484	-1.1172	0.041584
5.2484	-1.0669	0.07177
5.2484	-1.0418	0.3754
5.2484	-1.0167	0.97264
5.2484	-0.99163	1.8065
5.2484	-0.96653	2.6886
5.2484	-0.94142	3.3522
5.2484	-0.91632	3.5707
5.2484	-0.89121	3.2597
5.2484	-0.86611	2.5132
5.2484	-0.841	1.5806
5.2484	-0.8159	0.74594
5.2484	-0.79079	0.20792
5.2484	-0.74059	0.045911
5.2484	-0.71548	0.16247
5.2484	-0.69038	0.22677
5.2484	-0.66527	0.19326
5.2484	-0.64017	0.10292
5.2484	-0.56485	0.029686
5.2484	-0.53975	0.072069
5.2484	-0.51464	0.088416
5.2484	-0.48954	0.068643
5.2484	-0.46444	0.030766
5.2484	-0.36402	0.038969
5.2484	-0.33891	0.040131
5.2484	-0.18828	0.026693
5.2484	0.31381	0.030364
5.2484	0.33891	0.037047
5.2484	0.36402	0.036102
5.2484	0.38912	0.029042
5.2735	-1.1925	0.043657
5.2735	-1.1674	0.060997
5.2735	-1.1423	0.052599
5.2735	-1.0669	0.071711
5.2735	-1.0418	0.31708
5.2735	-1.0167	0.7787
5.2735	-0.99163	1.411
5.2735	-0.96653	2.074
5.2735	-0.94142	2.5647
5.2735	-0.91632	2.7124
5.2735	-0.89121	2.4527
5.2735	-0.86611	1.8658
5.2735	-0.841	1.1489
5.2735	-0.8159	0.51584
5.2735	-0.79079	0.12595
5.2735	-0.74059	0.05624
5.2735	-0.71548	0.15805
5.2735	-0.69038	0.20274
5.2735	-0.66527	0.16316
5.2735	-0.64017	0.079692
5.2735	-0.56485	0.036426
5.2735	-0.53975	0.076274
5.2735	-0.51464	0.087738
5.2735	-0.48954	0.063424
5.2735	-0.38912	0.027688
5.2735	-0.36402	0.045557
5.2735	-0.33891	0.044065
5.2735	-0.21339	0.026543
5.2735	-0.18828	0.033241
5.2735	-0.037657	0.026702
5.2735	-0.012552	0.027754
5.2735	0.13808	0.0285
5.2735	0.2887	0.048246
5.2735	0.31381	0.079768
5.2735	0.33891	0.10067
5.2735	0.36402	0.10366
5.2735	0.38912	0.089768
5.2735	0.41423	0.065877
5.2735	0.43933	0.040897
5.2985	-1.1674	0.030448
5.2985	-1.0669	0.05819
5.2985	-1.0418	0.2278
5.2985	-1.0167	0.53852
5.2985	-0.99163	0.96236
5.2985	-0.96653	1.4057
5.2985	-0.94142	1.7332
5.2985	-0.91632	1.8281
5.2985	-0.89121	1.6411
5.2985	-0.86611	1.2346
5.2985	-0.841	0.73967
5.2985	-0.8159	0.31774
5.2985	-0.79079	0.064422
5.2985	-0.74059	0.058013
5.2985	-0.71548	0.1362
5.2985	-0.69038	0.16353
5.2985	-0.66527	0.12393
5.2985	-0.64017	0.054847
5.2985	-0.56485	0.038933
5.2985	-0.53975	0.072724
5.2985	-0.51464	0.078069
5.2985	-0.48954	0.052696
5.2985	-0.38912	0.03184
5.2985	-0.36402	0.047852
5.2985	-0.33891	0.043595
5.2985	-0.21339	0.031492
5.2985	-0.18828	0.037133
5.2985	-0.16318	0.027108
5.2985	-0.037657	0.034751
5.2985	-0.012552	0.034061
5.2985	0.11297	0.030872
5.2985	0.13808	0.042501
5.2985	0.16318	0.037123
5.2985	0.2636	0.0397
5.2985	0.2887	0.095834
5.2985	0.31381	0.15556
5.2985	0.33891	0.19732
5.2985	0.36402	0.20619
5.2985	0.38912	0.18255
5.2985	0.41423	0.13735
5.2985	0.43933	0.086985
5.2985	0.46444	0.045532
5.3236	-1.0669	0.036789
5.3236	-1.0418	0.13319
5.3236	-1.0167	0.30793
5.3236	-0.99163	0.54993
5.3236	-0.96653	0.80524
5.3236	-0.94142	0.9998
5.3236	-0.91632	1.0584
5.3236	-0.89121	0.95138
5.3236	-0.86611	0.71108
5.3236	-0.841	0.41677
5.3236	-0.8159	0.16837
5.3236	-0.79079	0.027244
5.3236	-0.74059	0.05072
5.3236	-0.71548	0.10401
5.3236	-0.69038	0.11665
5.3236	-0.66527	0.083601
5.3236	-0.64017	0.032919
5.3236	-0.56485	0.036823
5.3236	-0.53975	0.062165
5.3236	-0.51464	0.062579
5.3236	-0.48954	0.039222
5.3236	-0.38912	0.032666
5.3236	-0.36402	0.045225
5.3236	-0.33891	0.0387
5.3236	-0.21339	0.033633
5.3236	-0.18828	0.037201
5.3236	-0.062762	0.027241
5.3236	-0.037657	0.040365
5.3236	-0.012552	0.037487
5.3236	0.11297	0.04265
5.3236	0.13808	0.055307
5.3236	0.16318	0.045371
5.3236	0.2636	0.069455
5.3236	0.2887	0.15918
5.3236	0.31381	0.2526
5.3236	0.33891	0.31718
5.3236	0.36402	0.33149
5.3236	0.38912	0.29467
5.3236	0.41423	0.22328
5.3236	0.43933	0.14295
5.3236	0.46444	0.074559
5.3236	0.48954	0.029324
5.3486	-1.0418	0.054655
5.3486	-1.0167	0.13155
5.3486	-0.99163	0.23942
5.3486	-0.96653	0.36082
5.3486	-0.94142	0.4588
5.3486	-0.91632	0.49647
5.3486	-0.89121	0.45283
5.3486	-0.86611	0.33987
5.3486	-0.841	0.19992
5.3486	-0.8159	0.074491
5.3486	-0.74059	0.037163
5.3486	-0.71548	0.068519
5.3486	-0.69038	0.072891
5.3486	-0.66527	0.048884
5.3486	-0.56485	0.030458
5.3486	-0.53975	0.047203
5.3486	-0.51464	0.044847
5.3486	-0.38912	0.029952
5.3486	-0.36402	0.038579
5.3486	-0.33891	0.031026
5.3486	-0.21339	0.032372
5.3486	-0.18828	0.033671
5.3486	-0.062762	0.030449
5.3486	-0.037657	0.042257
5.3486	-0.012552	0.036691
5.3486	0.11297	0.052465
5.3486	0.13808	0.064081
5.3486	0.16318	0.04892
5.3486	0.2636	0.10677
5.3486	0.2887	0.22986
5.3486	0.31381	0.35562
5.3486	0.33891	0.44049
5.3486	0.36402	0.45803
5.3486	0.38912	0.40542
5.3486	0.41423	0.30621
5.3486	0.43933	0.19488
5.3486	0.46444	0.099876
5.3486	0.48954	0.03813
5.3737	-1.0167	0.027796
5.3737	-0.99163	0.058629
5.3737	-0.96653	0.099109
5.3737	-0.94142	0.13785
5.3737	-0.91632	0.16055
5.3737	-0.89121	0.15481
5.3737	-0.86611	0.12037
5.3737	-0.841	0.07113
5.3737	-0.71548	0.037118
5.3737	-0.69038	0.03795
5.3737	-0.53975	0.031291
5.3737	-0.51464	0.027987
5.3737	-0.36402	0.029338
5.3737	-0.21339	0.028074
5.3737	-0.18828	0.027469
5.3737	-0.062762	0.03078
5.3737	-0.037657	0.03984
5.3737	-0.012552	0.032335
5.3737	0.087866	0.030963
5.3737	0.11297	0.057995
5.3737	0.13808	0.06624
5.3737	0.16318	0.047056
5.3737	0.23849	0.040611
5.3737	0.2636	0.14614
5.3737	0.2887	0.29648
5.3737	0.31381	0.44637
5.3737	0.33891	0.54633
5.3737	0.36402	0.56177
5.3737	0.38912	0.49401
5.3737	0.41423	0.36993
5.3737	0.43933	0.23223
5.3737	0.46444	0.11681
5.3737	0.48954	0.042528
5.3987	-0.062762	0.027902
5.3987	-0.037657	0.033894
5.3987	0.087866	0.033627
5.3987	0.11297	0.058006
5.3987	0.13808	0.06233
5.3987	0.16318	0.040318
5.3987	0.23849	0.055828
5.3987	0.2636	0.17772
5.3987	0.2887	0.34498
5.3987	0.31381	0.50691
5.3987	0.33891	0.61044
5.3987	0.36402	0.62141
5.3987	0.38912	0.54021
5.3987	0.41423	0.4006
5.3987	0.43933	0.2475
5.3987	0.46444	0.12125
5.3987	0.48954	0.041499
5.4238	-0.99163	0.026513
5.4238	0.087866	0.032577
5.4238	0.11297	0.05219
5.4238	0.13808	0.052584
5.4238	0.16318	0.030811
5.4238	0.23849	0.068354
5.4238	0.2636	0.19582
5.4238	0.2887	0.36412
5.4238	0.31381	0.52305
5.4238	0.33891	0.62046
5.4238	0.36402	0.6246
5.4238	0.38912	0.53748
5.4238	0.41423	0.39293
5.4238	0.43933	0.23824
5.4238	0.46444	0.11294
5.4238	0.48954	0.035989
5.4489	-1.0418	0.048458
5.4489	-1.0167	0.071588
5.4489	-0.99163	0.085527
5.4489	-0.96653	0.084983
5.4489	-0.94142	0.07083
5.4489	-0.91632	0.049225
5.4489	-0.89121	0.027659
5.4489	0.087866	0.02812
5.4489	0.11297	0.04196
5.4489	0.13808	0.039739
5.4489	0.23849	0.073875
5.4489	0.2636	0.1947
5.4489	0.2887	0.34891
5.4489	0.31381	0.49099
5.4489	0.33891	0.57468
5.4489	0.36402	0.57176
5.4489	0.38912	0.48585
5.4489	0.41423	0.35074
5.4489	0.43933	0.20811
5.4489	0.46444	0.095104
5.4489	0.48954	0.027847
5.4739	-1.0669	0.036272
5.4739	-1.0418	0.071265
5.4739	-1.0167	0.10805
5.4739	-0.99163	0.13447
5.4739	-0.96653	0.14102
5.4739	-0.94142	0.12595
5.4739	-0.91632	0.094749
5.4739	-0.89121	0.058867
5.4739	-0.86611	0.028289
5.4739	0.11297	0.029833
5.4739	0.13808	0.026365
5.4739	0.23849	0.070819
5.4739	0.2636	0.1739
5.4739	0.2887	0.30206
5.4739	0.31381	0.41721
5.4739	0.33891	0.48232
5.4739	0.36402	0.47579
5.4739	0.38912	0.40044
5.4739	0.41423	0.28459
5.4739	0.43933	0.1651
5.4739	0.46444	0.0727
5.499	-1.0669	0.039678
5.499	-1.0418	0.077145
5.499	-1.0167	0.11796
5.499	-0.99163	0.14931
5.499	-0.96653	0.16046
5.499	-0.94142	0.14706
5.499	-0.91632	0.11402
5.499	-0.89121	0.072619
5.499	-0.86611	0.035611
5.499	0.23849	0.059432
5.499	0.2636	0.13789
5.499	0.2887	0.23385
5.499	0.31381	0.31855
5.499	0.33891	0.36555
5.499	0.36402	0.35666
5.499	0.38912	0.29814
5.499	0.41423	0.2086
5.499	0.43933	0.1181
5.499	0.46444	0.049935
5.524	-1.0669	0.033561
5.524	-1.0418	0.064874
5.524	-1.0167	0.099846
5.524	-0.99163	0.12809
5.524	-0.96653	0.13975
5.524	-0.94142	0.1304
5.524	-0.91632	0.10252
5.524	-0.89121	0.065812
5.524	-0.86611	0.032008
5.524	0.23849	0.042417
5.524	0.2636	0.095407
5.524	0.2887	0.15791
5.524	0.31381	0.21411
5.524	0.33891	0.24403
5.524	0.36402	0.23749
5.524	0.38912	0.19668
5.524	0.41423	0.13663
5.524	0.43933	0.076006
5.524	0.46444	0.030134
5.5491	-1.0418	0.041411
5.5491	-1.0167	0.064701
5.5491	-0.99163	0.085031
5.5491	-0.96653	0.094948
5.5491	-0.94142	0.090173
5.5491	-0.91632	0.071981
5.5491	-0.89121	0.046213
5.5491	0.2636	0.053399
5.5491	0.2887	0.089377
5.5491	0.31381	0.12143
5.5491	0.33891	0.13921
5.5491	0.36402	0.13605
5.5491	0.38912	0.11276
5.5491	0.41423	0.07764
5.5491	0.43933	0.042138
5.5741	-1.0167	0.029267
5.5741	-0.99163	0.040243
5.5741	-0.96653	0.046921
5.5741	-0.94142	0.046303
5.5741	-0.91632	0.037847
5.5741	0.2887	0.038402
5.5741	0.31381	0.053723
5.5741	0.33891	0.063139
5.5741	0.36402	0.062952
5.5741	0.38912	0.052949
5.5741	0.41423	0.036647
5.6994	-1.0418	0.034983
5.6994	-1.0167	0.039568
5.6994	-0.99163	0.037944
5.6994	-0.96653	0.030975
5.7244	-1.0669	0.02873
5.7244	-1.0418	0.039009
5.7244	-1.0167	0.04464
5.7244	-0.99163	0.043576
5.7244	-0.96653	0.036293
5.7495	-1.0418	0.034766
5.7495	-1.0167	0.0402
5.7495	-0.99163	0.039639
5.7495	-0.96653	0.033246
5.7745	-1.0167	0.029259
5.7745	-0.99163	0.02919
