-6	0
-5.9749	0.0011221
-5.9499	0.00063769
-5.9248	0.00029833
-5.8998	0.00015844
-5.8747	0.00019904
-5.8497	0.0003608
-5.8246	0.00058089
-5.7996	0.00080706
-5.7745	0.00099709
-5.7495	0.0011072
-5.7244	0.0010992
-5.6994	0.00095405
-5.6743	0.00069912
-5.6493	0.00041817
-5.6242	0.00022402
-5.5992	0.00021011
-5.5741	0.00039603
-5.5491	0.00070684
-5.524	0.00099727
-5.499	0.0011266
-5.4739	0.0010389
-5.4489	0.0008041
-5.4238	0.00059096
-5.3987	0.00058284
-5.3737	0.00086948
-5.3486	0.0013833
-5.3236	0.0019142
-5.2985	0.0022144
-5.2735	0.0021296
-5.2484	0.0016887
-5.2234	0.0011108
-5.1983	0.00069918
-5.1733	0.00067548
-5.1482	0.0010655
-5.1232	0.0016699
-5.0981	0.0021605
-5.0731	0.0022665
-5.048	0.0019153
-5.023	0.0012928
-4.9979	0.00074223
-4.9729	0.00058234
-4.9478	0.00092189
-4.9228	0.0015815
-4.8977	0.0021957
-4.8727	0.0023986
-4.8476	0.0020444
-4.8225	0.0013108
-4.7975	0.00061921
-4.7724	0.00040501
-4.7474	0.00087097
-4.7223	0.0018578
-4.6973	0.0028991
-4.6722	0.0034704
-4.6472	0.0032769
-4.6221	0.0024315
-4.5971	0.0014056
-4.572	0.00077561
-4.547	0.0009005
-4.5219	0.0016999
-4.4969	0.0027091
-4.4718	0.0033204
-4.4468	0.003169
-4.4217	0.0023737
-4.3967	0.0014968
-4.3716	0.0012144
-4.3466	0.0018835
-4.3215	0.0032776
-4.2965	0.0046205
-4.2714	0.005057
-4.2463	0.0042334
-4.2213	0.0026632
-4.1962	0.0016745
-4.1712	0.0027715
-4.1461	0.0067317
-4.1211	0.012984
-4.096	0.019545
-4.071	0.023708
-4.0459	0.023483
-4.0209	0.018633
-3.9958	0.011174
-3.9708	0.0046344
-3.9457	0.0024678
-3.9207	0.0063377
-3.8956	0.014919
-3.8706	0.02432
-3.8455	0.029793
-3.8205	0.028331
-3.7954	0.020715
-3.7704	0.010445
-3.7453	0.0042219
-3.7203	0.0073971
-3.6952	0.020715
-3.6701	0.03871
-3.6451	0.054848
-3.62	0.062442
-3.595	0.052706
-3.5699	0.031436
-3.5449	0.017754
-3.5198	0.024514
-3.4948	0.065153
-3.4697	0.13523
-3.4447	0.20567
-3.4196	0.29418
-3.3946	0.44673
-3.3695	0.56804
-3.3445	0.47325
-3.3194	0.33632
-3.2944	0.31498
-3.2693	0.39852
-3.2443	0.59689
-3.2192	1.0015
-3.1942	1.8596
-3.1691	3.0714
-3.1441	3.0917
-3.119	2.2214
-3.0939	1.5913
-3.0689	1.2682
-3.0438	1.1308
-3.0188	1.0761
-2.9937	1.0302
-2.9687	0.84383
-2.9436	0.49569
-2.9186	0.47781
-2.8935	0.66181
-2.8685	0.56606
-2.8434	0.33187
-2.8184	0.20304
-2.7933	0.1398
-2.7683	0.09646
-2.7432	0.061465
-2.7182	0.031363
-2.6931	0.022554
-2.6681	0.043325
-2.643	0.062665
-2.618	0.091782
-2.5929	0.10095
-2.5678	0.058885
-2.5428	0.028656
-2.5177	0.013568
-2.4927	0.0079941
-2.4676	0.0066425
-2.4426	0.0078611
-2.4175	0.012867
-2.3925	0.024572
-2.3674	0.046969
-2.3424	0.048589
-2.3173	0.016161
-2.2923	0.0054979
-2.2672	0.0048046
-2.2422	0.0061891
-2.2171	0.0079115
-2.1921	0.010528
-2.167	0.010164
-2.142	0.0071954
-2.1169	0.0048363
-2.0919	0.0030888
-2.0668	0.0018775
-2.0418	0.0011479
-2.0167	0.0008001
-1.9916	0.00069472
-1.9666	0.00069804
-1.9415	0.00071606
-1.9165	0.00070495
-1.8914	0.00066041
-1.8664	0.00059779
-1.8413	0.0005337
-1.8163	0.00047336
-1.7912	0.0004111
-1.7662	0.0003399
-1.7411	0.00025827
-1.7161	0.00017421
-1.691	0.00010429
-1.666	6.4503e-05
-1.6409	6.3257e-05
-1.6159	9.643e-05
-1.5908	0.0001477
-1.5658	0.0001949
-1.5407	0.00021756
-1.5157	0.00020621
-1.4906	0.00016435
-1.4656	0.00010817
-1.4405	6.1184e-05
-1.4154	4.6241e-05
-1.3904	7.988e-05
-1.3653	0.00017167
-1.3403	0.00033653
-1.3152	0.00065337
-1.2902	0.0016967
-1.2651	0.015993
-1.2401	0.021354
-1.215	0.0030855
-1.19	0.0010349
-1.1649	0.00072337
-1.1399	0.00061425
-1.1148	0.00067116
-1.0898	0.0023846
-1.0647	0.0022199
-1.0397	0.00071265
-1.0146	0.000235
-0.98956	0.00017703
-0.96451	0.00014615
-0.93946	0.00010552
-0.91441	5.1004e-05
-0.88935	2.514e-05
-0.8643	2.5598e-05
-0.83925	2.1545e-05
-0.8142	3.8292e-05
-0.78914	4.3267e-05
-0.76409	5.8813e-05
-0.73904	4.4291e-05
-0.71399	2.2818e-05
-0.68894	1.0407e-05
-0.66388	8.0762e-06
-0.63883	1.0989e-05
-0.61378	1.7965e-05
-0.58873	3.3842e-05
-0.56367	4.067e-05
-0.53862	3.9148e-05
-0.51357	3.7918e-05
-0.48852	1.7646e-05
-0.46347	5.1624e-06
-0.43841	3.2225e-06
-0.41336	8.7412e-06
-0.38831	2.5688e-05
-0.36326	2.7098e-05
-0.3382	3.3605e-05
-0.31315	2.3112e-05
-0.2881	1.5391e-05
-0.26305	1.3125e-05
-0.238	9.0863e-06
-0.21294	1.6635e-05
-0.18789	3.5826e-05
-0.16284	5.2845e-05
-0.13779	4.7931e-05
-0.11273	4.1991e-05
-0.087683	3.5127e-05
-0.06263	3.2885e-05
-0.037578	4.2007e-05
-0.012526	6.2695e-05
0.012526	0.00012316
0.037578	0.00018078
0.06263	0.00022446
0.087683	0.00023119
0.11273	0.00020157
0.13779	0.00017015
0.16284	0.00018296
0.18789	8.9763e-05
0.21294	4.6456e-05
0.238	0.0001053
0.26305	0.0002866
0.2881	0.00023989
0.31315	0.0001845
0.3382	0.00016911
0.36326	0.00011979
0.38831	0.00045379
0.41336	0.00011365
0.43841	0.00049469
0.46347	0.00022116
0.48852	0.00048623
0.51357	0.00094113
0.53862	0.0005098
0.56367	0.00038277
0.58873	0.00016783
0.61378	0.00071816
0.63883	0.0020029
0.66388	0.0027617
0.68894	0.0016863
0.71399	0.0026254
0.73904	0.0061211
0.76409	0.0094293
0.78914	0.0036922
0.8142	0.0012162
0.83925	0.001301
0.8643	0.0086799
0.88935	0.016035
0.91441	0.0090582
0.93946	0.0059599
0.96451	0.012859
0.98956	0.01924
1.0146	0.013916
1.0397	0.01999
1.0647	0.030635
1.0898	0.029424
1.1148	0.088391
1.1399	0.20433
1.1649	0.41201
1.19	0.49844
1.215	0.10055
1.2401	0.042214
1.2651	0.054746
1.2902	0.0075933
1.3152	0.0033575
1.3403	0.0017421
1.3653	0.00085137
1.3904	0.00037541
1.4154	0.00020091
1.4405	0.00023816
1.4656	0.00038741
1.4906	0.00054441
1.5157	0.00062381
1.5407	0.0005846
1.5658	0.00044515
1.5908	0.00027289
1.6159	0.00016124
1.6409	0.00018624
1.666	0.00037133
1.691	0.0006702
1.7161	0.00098274
1.7411	0.0011896
1.7662	0.0012057
1.7912	0.0010218
1.8163	0.00072053
1.8413	0.00045346
1.8664	0.00038109
1.8914	0.00061692
1.9165	0.0011688
1.9415	0.0019324
1.9666	0.0027016
1.9916	0.0032675
2.0167	0.0034608
2.0418	0.0032246
2.0668	0.0026436
2.0919	0.0019221
2.1169	0.001307
2.142	0.00094069
2.167	0.0010547
2.1921	0.001819
2.2171	0.0034598
2.2422	0.0066885
2.2672	0.012592
2.2923	0.012978
2.3173	0.0068802
2.3424	0.0050552
2.3674	0.0050518
2.3925	0.0052685
2.4175	0.0046249
2.4426	0.001798
2.4676	0.0017657
2.4927	0.00446
2.5177	0.0054265
2.5428	0.0053445
2.5678	0.0052246
2.5929	0.0058411
2.618	0.0070952
2.643	0.0059887
2.6681	0.0034158
2.6931	0.0022393
2.7182	0.0018989
2.7432	0.0022531
2.7683	0.0041855
2.7933	0.0043728
2.8184	0.0034323
2.8434	0.0026885
2.8685	0.0019707
2.8935	0.0016799
2.9186	0.0020694
2.9436	0.0034167
2.9687	0.0065563
2.9937	0.012076
3.0188	0.014392
3.0438	0.0090685
3.0689	0.0047177
3.0939	0.0024015
3.119	0.0018484
3.1441	0.0027402
3.1691	0.0048352
3.1942	0.0078983
3.2192	0.0089443
3.2443	0.006298
3.2693	0.0036826
3.2944	0.0021136
3.3194	0.0014537
3.3445	0.0018988
3.3695	0.0037699
3.3946	0.0053522
3.4196	0.0054196
3.4447	0.0047841
3.4697	0.0039236
3.4948	0.0024459
3.5198	0.0010885
3.5449	0.0010704
3.5699	0.0022577
3.595	0.00443
3.62	0.0065107
3.6451	0.0064255
3.6701	0.0050059
3.6952	0.0034306
3.7203	0.0018765
3.7453	0.0012043
3.7704	0.0018515
3.7954	0.003399
3.8205	0.0047229
3.8455	0.005038
3.8706	0.0042603
3.8956	0.0028485
3.9207	0.0017596
3.9457	0.0018017
3.9708	0.0030945
3.9958	0.0049287
4.0209	0.0061811
4.0459	0.0059768
4.071	0.0043777
4.096	0.0025188
4.1211	0.0021412
4.1461	0.0046508
4.1712	0.010205
4.1962	0.017317
4.2213	0.023334
4.2463	0.025647
4.2714	0.022994
4.2965	0.016289
4.3215	0.0084349
4.3466	0.0030893
4.3716	0.0029159
4.3967	0.0081172
4.4217	0.016296
4.4468	0.023394
4.4718	0.025722
4.4969	0.021934
4.5219	0.013902
4.547	0.005961
4.572	0.0027553
4.5971	0.0068759
4.6221	0.017088
4.6472	0.028671
4.6722	0.035533
4.6973	0.033657
4.7223	0.023451
4.7474	0.01079
4.7724	0.0048693
4.7975	0.014134
4.8225	0.042129
4.8476	0.084798
4.8727	0.13101
4.8977	0.16715
4.9228	0.18301
4.9478	0.17784
4.9729	0.16256
4.9979	0.1576
5.023	0.18654
5.048	0.26669
5.0731	0.40033
5.0981	0.5742
5.1232	0.75865
5.1482	0.91547
5.1733	1.0108
5.1983	1.0245
5.2234	0.95482
5.2484	0.81906
5.2735	0.64838
5.2985	0.47612
5.3236	0.33209
5.3486	0.23228
5.3737	0.17679
5.3987	0.15562
5.4238	0.15237
5.4489	0.15057
5.4739	0.13985
5.499	0.11732
5.524	0.086512
5.5491	0.054533
5.5741	0.028515
5.5992	0.012492
5.6242	0.0067252
5.6493	0.0083154
5.6743	0.012958
5.6994	0.016769
5.7244	0.017533
5.7495	0.015033
5.7745	0.010528
5.7996	0.0058153
5.8246	0.0023754
5.8497	0.00082283
5.8747	0.00092525
5.8998	0.001902
5.9248	0.0029006
5.9499	0.0033374
5.9749	0.0030598
6	0
