-5.9901	0.0014551
-5.9782	0.0012092
-5.9663	0.0009611
-5.9544	0.00072871
-5.9425	0.0005265
-5.9306	0.00036462
-5.9187	0.00024864
-5.9068	0.00017981
-5.8949	0.00015572
-5.883	0.00017126
-5.871	0.00021972
-5.8591	0.00029373
-5.8472	0.00038607
-5.8353	0.00049011
-5.8234	0.00060003
-5.8115	0.00071074
-5.7996	0.00081762
-5.7877	0.00091619
-5.7758	0.0010019
-5.7639	0.00107
-5.752	0.0011158
-5.74	0.0011348
-5.7281	0.0011237
-5.7162	0.0010805
-5.7043	0.0010059
-5.6924	0.00090311
-5.6805	0.00077864
-5.6686	0.00064181
-5.6567	0.0005042
-5.6448	0.00037868
-5.6329	0.00027805
-5.621	0.00021352
-5.6091	0.00019322
-5.5971	0.00022098
-5.5852	0.00029551
-5.5733	0.00041018
-5.5614	0.00055346
-5.5495	0.00071008
-5.5376	0.00086274
-5.5257	0.00099414
-5.5138	0.0010893
-5.5019	0.0011375
-5.49	0.001134
-5.4781	0.0010812
-5.4661	0.00098829
-5.4542	0.00087058
-5.4423	0.00074792
-5.4304	0.0006422
-5.4185	0.0005745
-5.4066	0.0005623
-5.3947	0.00061692
-5.3828	0.00074165
-5.3709	0.00093079
-5.359	0.0011699
-5.3471	0.001437
-5.3351	0.0017052
-5.3232	0.0019457
-5.3113	0.0021312
-5.2994	0.0022397
-5.2875	0.0022574
-5.2756	0.0021807
-5.2637	0.0020173
-5.2518	0.0017855
-5.2399	0.0015123
-5.228	0.0012304
-5.2161	0.00097436
-5.2042	0.00077617
-5.1922	0.0006613
-5.1803	0.00064531
-5.1684	0.00073164
-5.1565	0.00091087
-5.1446	0.0011617
-5.1327	0.0014532
-5.1208	0.0017488
-5.1089	0.0020108
-5.097	0.0022048
-5.0851	0.002305
-5.0732	0.002297
-5.0612	0.0021804
-5.0493	0.0019689
-5.0374	0.0016889
-5.0255	0.0013764
-5.0136	0.001072
-5.0017	0.0008165
-4.9898	0.00064464
-4.9779	0.00058093
-4.966	0.00063598
-4.9541	0.00080478
-4.9422	0.0010669
-4.9302	0.0013891
-4.9183	0.0017289
-4.9064	0.0020406
-4.8945	0.0022809
-4.8826	0.0024151
-4.8707	0.002422
-4.8588	0.0022969
-4.8469	0.0020535
-4.835	0.0017218
-4.8231	0.0013454
-4.8112	0.00097564
-4.7993	0.00066543
-4.7873	0.000462
-4.7754	0.00040062
-4.7635	0.00049951
-4.7516	0.00075687
-4.7397	0.0011504
-4.7278	0.0016395
-4.7159	0.0021699
-4.704	0.0026805
-4.6921	0.0031106
-4.6802	0.0034085
-4.6683	0.0035379
-4.6563	0.0034832
-4.6444	0.0032519
-4.6325	0.0028744
-4.6206	0.0023999
-4.6087	0.0018906
-4.5968	0.0014137
-4.5849	0.0010323
-4.573	0.00079724
-4.5611	0.00074002
-4.5492	0.00086826
-4.5373	0.0011643
-4.5253	0.0015874
-4.5134	0.0020786
-4.5015	0.0025693
-4.4896	0.0029901
-4.4777	0.0032815
-4.4658	0.0034023
-4.4539	0.0033362
-4.442	0.0030952
-4.4301	0.0027186
-4.4182	0.0022684
-4.4063	0.0018207
-4.3944	0.0014551
-4.3824	0.0012433
-4.3705	0.0012371
-4.3586	0.00146
-4.3467	0.0019019
-4.3348	0.0025179
-4.3229	0.0032328
-4.311	0.0039507
-4.2991	0.0045678
-4.2872	0.0049882
-4.2753	0.0051399
-4.2634	0.0049884
-4.2514	0.0045471
-4.2395	0.0038805
-4.2276	0.0031016
-4.2157	0.0023618
-4.2038	0.0018343
-4.1919	0.001693
-4.18	0.0020895
-4.1681	0.0031297
-4.1562	0.0048543
-4.1443	0.0072251
-4.1324	0.01012
-4.1204	0.013339
-4.1085	0.016619
-4.0966	0.019661
-4.0847	0.022161
-4.0728	0.023851
-4.0609	0.024528
-4.049	0.024084
-4.0371	0.022528
-4.0252	0.019989
-4.0133	0.016712
-4.0014	0.013038
-3.9895	0.009372
-3.9775	0.0061426
-3.9656	0.0037532
-3.9537	0.0025309
-3.9418	0.0026817
-3.9299	0.0042589
-3.918	0.0071502
-3.9061	0.011085
-3.8942	0.015661
-3.8823	0.02038
-3.8704	0.024698
-3.8585	0.02808
-3.8465	0.030081
-3.8346	0.030428
-3.8227	0.029097
-3.8108	0.026286
-3.7989	0.022298
-3.787	0.017496
-3.7751	0.012448
-3.7632	0.0079968
-3.7513	0.004998
-3.7394	0.0040342
-3.7275	0.0054243
-3.7155	0.0092935
-3.7036	0.015493
-3.6917	0.023433
-3.6798	0.032158
-3.6679	0.040832
-3.656	0.04898
-3.6441	0.056101
-3.6322	0.061259
-3.6203	0.063216
-3.6084	0.060997
-3.5965	0.054451
-3.5846	0.044659
-3.5726	0.033964
-3.5607	0.024867
-3.5488	0.018951
-3.5369	0.017199
-3.525	0.020928
-3.5131	0.03199
-3.5012	0.051722
-3.4893	0.079828
-3.4774	0.11389
-3.4655	0.14954
-3.4536	0.18349
-3.4416	0.21721
-3.4297	0.25616
-3.4178	0.30689
-3.4059	0.3744
-3.394	0.45648
-3.3821	0.53459
-3.3702	0.57504
-3.3583	0.55642
-3.3464	0.4921
-3.3345	0.41472
-3.3226	0.35249
-3.3106	0.319
-3.2987	0.31439
-3.2868	0.33427
-3.2749	0.37619
-3.263	0.44133
-3.2511	0.53469
-3.2392	0.66544
-3.2273	0.84839
-3.2154	1.1088
-3.2035	1.4851
-3.1916	2.0072
-3.1797	2.6296
-3.1677	3.1577
-3.1558	3.3372
-3.1439	3.1252
-3.132	2.7128
-3.1201	2.2869
-3.1082	1.9299
-3.0963	1.6568
-3.0844	1.4576
-3.0725	1.3174
-3.0606	1.2226
-3.0487	1.1624
-3.0367	1.1257
-3.0248	1.1008
-3.0129	1.0804
-3.001	1.0604
-2.9891	1.0278
-2.9772	0.95232
-2.9653	0.80704
-2.9534	0.62194
-2.9415	0.4837
-2.9296	0.44348
-2.9177	0.48988
-2.9058	0.58471
-2.8938	0.66943
-2.8819	0.67545
-2.87	0.58906
-2.8581	0.46629
-2.8462	0.35755
-2.8343	0.27696
-2.8224	0.22058
-2.8105	0.18114
-2.7986	0.15234
-2.7867	0.12904
-2.7748	0.10821
-2.7628	0.089361
-2.7509	0.072455
-2.739	0.056827
-2.7271	0.041962
-2.7152	0.02882
-2.7033	0.021323
-2.6914	0.023808
-2.6795	0.033658
-2.6676	0.04423
-2.6557	0.053366
-2.6438	0.062769
-2.6318	0.074831
-2.6199	0.090308
-2.608	0.10429
-2.5961	0.10521
-2.5842	0.089319
-2.5723	0.067323
-2.5604	0.048353
-2.5485	0.034287
-2.5366	0.024146
-2.5247	0.016868
-2.5128	0.011989
-2.5009	0.0091902
-2.4889	0.007735
-2.477	0.0069661
-2.4651	0.0067206
-2.4532	0.0070638
-2.4413	0.0081125
-2.4294	0.010022
-2.4175	0.013038
-2.4056	0.017538
-2.3937	0.024087
-2.3818	0.033341
-2.3699	0.045091
-2.3579	0.054952
-2.346	0.052909
-2.3341	0.037496
-2.3222	0.021206
-2.3103	0.011334
-2.2984	0.0067026
-2.2865	0.0049678
-2.2746	0.0046765
-2.2627	0.0050614
-2.2508	0.0057235
-2.2389	0.0064754
-2.2269	0.0072716
-2.215	0.0081995
-2.2031	0.0094161
-2.1912	0.010737
-2.1793	0.011193
-2.1674	0.010336
-2.1555	0.0088911
-2.1436	0.0074741
-2.1317	0.0062276
-2.1198	0.0051427
-2.1079	0.0041977
-2.096	0.0033818
-2.084	0.0026898
-2.0721	0.0021186
-2.0602	0.0016625
-2.0483	0.0013133
-2.0364	0.0010595
-2.0245	0.00088696
-2.0126	0.00078013
-2.0007	0.00072313
-1.9888	0.00070083
-1.9769	0.00069977
-1.965	0.00070878
-1.953	0.00071936
-1.9411	0.00072577
-1.9292	0.00072474
-1.9173	0.00071518
-1.9054	0.00069762
-1.8935	0.00067362
-1.8816	0.00064523
-1.8697	0.00061453
-1.8578	0.00058322
-1.8459	0.00055241
-1.834	0.00052255
-1.822	0.00049346
-1.8101	0.00046449
-1.7982	0.00043474
-1.7863	0.00040328
-1.7744	0.00036941
-1.7625	0.00033286
-1.7506	0.00029386
-1.7387	0.00025322
-1.7268	0.00021228
-1.7149	0.00017275
-1.703	0.0001366
-1.6911	0.00010574
-1.6791	8.1907e-05
-1.6672	6.6385e-05
-1.6553	5.9873e-05
-1.6434	6.2379e-05
-1.6315	7.3189e-05
-1.6196	9.0913e-05
-1.6077	0.00011359
-1.5958	0.00013888
-1.5839	0.00016421
-1.572	0.0001871
-1.5601	0.00020528
-1.5481	0.00021695
-1.5362	0.00022094
-1.5243	0.00021677
-1.5124	0.00020475
-1.5005	0.00018589
-1.4886	0.00016188
-1.4767	0.00013491
-1.4648	0.00010752
-1.4529	8.2395e-05
-1.441	6.2201e-05
-1.4291	4.9368e-05
-1.4171	4.5976e-05
-1.4052	5.3664e-05
-1.3933	7.3633e-05
-1.3814	0.00010676
-1.3695	0.00015385
-1.3576	0.0002162
-1.3457	0.0002966
-1.3338	0.00040139
-1.3219	0.00054497
-1.31	0.00076155
-1.2981	0.0011409
-1.2862	0.0019714
-1.2742	0.0046195
-1.2623	0.022073
-1.2504	0.045679
-1.2385	0.016728
-1.2266	0.0047491
-1.2147	0.0031086
-1.2028	0.0018551
-1.1909	0.0010715
-1.179	0.00097572
-1.1671	0.00078883
-1.1552	0.00064597
-1.1432	0.00064837
-1.1313	0.00054952
-1.1194	0.00052571
-1.1075	0.0010406
-1.0956	0.0020154
-1.0837	0.0027097
-1.0718	0.0026304
-1.0599	0.0019519
-1.048	0.0011419
-1.0361	0.0005703
-1.0242	0.00030668
-1.0122	0.00022539
-1.0003	0.00019842
-0.98843	0.00017445
-0.97652	0.00015675
-0.96461	0.00014992
-0.95271	0.00013513
-0.9408	0.00010604
-0.92889	7.8384e-05
-0.91698	5.7583e-05
-0.90507	4.0351e-05
-0.89316	2.7548e-05
-0.88125	2.1371e-05
-0.86934	1.8952e-05
-0.85743	3.0963e-05
-0.84553	2.5096e-05
-0.83362	2.3396e-05
-0.82171	3.5978e-05
-0.8098	3.1927e-05
-0.79789	3.6832e-05
-0.78598	4.8257e-05
-0.77407	4.1777e-05
-0.76216	5.5611e-05
-0.75026	3.9213e-05
-0.73835	4.0834e-05
-0.72644	2.8206e-05
-0.71453	2.318e-05
-0.70262	1.5622e-05
-0.69071	1.097e-05
-0.6788	7.3133e-06
-0.66689	7.7562e-06
-0.65498	4.9224e-06
-0.64308	1.0536e-05
-0.63117	9.3137e-06
-0.61926	1.4277e-05
-0.60735	1.9087e-05
-0.59544	2.4963e-05
-0.58353	3.4779e-05
-0.57162	3.4974e-05
-0.55971	4.207e-05
-0.54781	4.7776e-05
-0.5359	3.7529e-05
-0.52399	4.1717e-05
-0.51208	3.7084e-05
-0.50017	2.2014e-05
-0.48826	1.7655e-05
-0.47635	1.3782e-05
-0.46444	4.019e-06
-0.45253	7.1679e-07
-0.44063	-2.0628e-07
-0.42872	8.4641e-07
-0.41681	3.1882e-06
-0.4049	7.7214e-06
-0.39299	1.8614e-05
-0.38108	1.9231e-05
-0.36917	2.0239e-05
-0.35726	2.3092e-05
-0.34536	2.7322e-05
-0.33345	3.1091e-05
-0.32154	2.3779e-05
-0.30963	1.9989e-05
-0.29772	1.6751e-05
-0.28581	1.4282e-05
-0.2739	1.4817e-05
-0.26199	1.2418e-05
-0.25009	9.0431e-06
-0.23818	9.1818e-06
-0.22627	1.1583e-05
-0.21436	1.5782e-05
-0.20245	2.1701e-05
-0.19054	3.0456e-05
-0.17863	4.2954e-05
-0.16672	4.7911e-05
-0.15481	4.7779e-05
-0.14291	4.706e-05
-0.131	4.5413e-05
-0.11909	4.2693e-05
-0.10718	3.9273e-05
-0.095271	3.586e-05
-0.083362	3.3287e-05
-0.071453	3.2322e-05
-0.059544	3.3506e-05
-0.047635	3.7102e-05
-0.035726	4.3214e-05
-0.023818	5.2e-05
-0.011909	6.3823e-05
0	9.9689e-05
0.011909	0.00012335
0.023818	0.00015032
0.035726	0.00017813
0.047635	0.00020337
0.059544	0.00022265
0.071453	0.00023343
0.083362	0.00023456
0.095271	0.0002264
0.10718	0.00021067
0.11909	0.00019018
0.131	0.00016875
0.14291	0.00015142
0.15481	0.00014494
0.16672	0.00015319
0.17863	0.00012996
0.19054	5.7859e-05
0.20245	3.708e-05
0.21436	4.7239e-05
0.22627	7.1162e-05
0.23818	0.00010561
0.25009	0.00015854
0.26199	0.00027475
0.2739	0.00033982
0.28581	0.0002409
0.29772	0.00020837
0.30963	0.00019184
0.32154	0.00017697
0.33345	0.00017646
0.34536	0.00015283
0.35726	0.00012571
0.36917	0.00012709
0.38108	0.00023693
0.39299	0.00044893
0.4049	0.00015113
0.41681	0.00012218
0.42872	0.0002362
0.44063	0.00040033
0.45253	0.00019305
0.46444	0.00023619
0.47635	0.00065169
0.48826	0.00052195
0.50017	0.0004337
0.51208	0.00093061
0.52399	0.00090974
0.5359	0.00047247
0.54781	0.00074714
0.55971	0.00045962
0.57162	0.00020646
0.58353	0.00017794
0.59544	0.00014862
0.60735	0.00035656
0.61926	0.00073254
0.63117	0.00061966
0.64308	0.0026266
0.65498	0.00093652
0.66689	0.0025504
0.6788	0.0012089
0.69071	0.002069
0.70262	0.001626
0.71453	0.0029256
0.72644	0.0026248
0.73835	0.0055526
0.75026	0.0035243
0.76216	0.0090612
0.77407	0.0034342
0.78598	0.0062027
0.79789	0.0023153
0.8098	0.0015652
0.82171	0.00096355
0.83362	0.0014563
0.84553	0.0030454
0.85743	0.0098187
0.86934	0.0071961
0.88125	0.008596
0.89316	0.015249
0.90507	0.011632
0.91698	0.0066569
0.92889	0.0058459
0.9408	0.0061484
0.95271	0.0085641
0.96461	0.013866
0.97652	0.017943
0.98843	0.018328
1.0003	0.016257
1.0122	0.014038
1.0242	0.014383
1.0361	0.019162
1.048	0.026079
1.0599	0.029642
1.0718	0.029579
1.0837	0.028584
1.0956	0.031507
1.1075	0.052703
1.1194	0.10821
1.1313	0.16786
1.1432	0.2523
1.1552	0.34628
1.1671	0.45902
1.179	0.55726
1.1909	0.48841
1.2028	0.25649
1.2147	0.10449
1.2266	0.074483
1.2385	0.045003
1.2504	0.049249
1.2623	0.064073
1.2742	0.014639
1.2862	0.0076962
1.2981	0.0052048
1.31	0.0037764
1.3219	0.0027965
1.3338	0.0020696
1.3457	0.0015117
1.3576	0.0010805
1.3695	0.00075166
1.3814	0.00050964
1.3933	0.00034323
1.4052	0.00024287
1.4171	0.00019923
1.4291	0.00020252
1.441	0.00024216
1.4529	0.00030687
1.4648	0.00038507
1.4767	0.00046542
1.4886	0.00053749
1.5005	0.00059248
1.5124	0.00062386
1.5243	0.00062788
1.5362	0.0006039
1.5481	0.00055444
1.5601	0.00048497
1.572	0.00040343
1.5839	0.00031944
1.5958	0.00024346
1.6077	0.00018564
1.6196	0.00015488
1.6315	0.00015777
1.6434	0.00019785
1.6553	0.00027509
1.6672	0.0003857
1.6791	0.00052233
1.6911	0.00067462
1.703	0.0008301
1.7149	0.00097533
1.7268	0.0010972
1.7387	0.0011843
1.7506	0.0012281
1.7625	0.001224
1.7744	0.0011722
1.7863	0.0010776
1.7982	0.0009501
1.8101	0.00080345
1.822	0.00065454
1.834	0.00052186
1.8459	0.00042387
1.8578	0.00037729
1.8697	0.00039548
1.8816	0.00048706
1.8935	0.00065488
1.9054	0.00089548
1.9173	0.0011991
1.9292	0.0015502
1.9411	0.0019287
1.953	0.0023111
1.965	0.0026729
1.9769	0.0029899
1.9888	0.0032405
2.0007	0.0034077
2.0126	0.0034802
2.0245	0.0034532
2.0364	0.0033295
2.0483	0.0031189
2.0602	0.002838
2.0721	0.002509
2.084	0.0021596
2.096	0.0018203
2.1079	0.0015162
2.1198	0.001257
2.1317	0.0010533
2.1436	0.00093645
2.1555	0.00093553
2.1674	0.0010682
2.1793	0.0013479
2.1912	0.0017909
2.2031	0.0024238
2.215	0.0032949
2.2269	0.0044916
2.2389	0.0061597
2.2508	0.0084896
2.2627	0.011489
2.2746	0.014161
2.2865	0.01423
2.2984	0.011394
2.3103	0.0082441
2.3222	0.0062724
2.3341	0.0053477
2.346	0.0050324
2.3579	0.0050108
2.3699	0.0051096
2.3818	0.0052372
2.3937	0.0053003
2.4056	0.0051662
2.4175	0.0046531
2.4294	0.0035539
2.4413	0.0019709
2.4532	0.0009523
2.4651	0.0015046
2.477	0.0029271
2.4889	0.0041862
2.5009	0.0049859
2.5128	0.005386
2.5247	0.0054996
2.5366	0.0054382
2.5485	0.0053202
2.5604	0.0052458
2.5723	0.0052936
2.5842	0.0055433
2.5961	0.0060312
2.608	0.006682
2.6199	0.0071862
2.6318	0.0069829
2.6438	0.0059361
2.6557	0.0046054
2.6676	0.0034745
2.6795	0.0027123
2.6914	0.0022926
2.7033	0.0020723
2.7152	0.0019353
2.7271	0.0018854
2.739	0.0020844
2.7509	0.0027581
2.7628	0.0037981
2.7748	0.004539
2.7867	0.0045845
2.7986	0.0042025
2.8105	0.0037342
2.8224	0.0033202
2.8343	0.0029651
2.8462	0.0026238
2.8581	0.0022675
2.87	0.0019463
2.8819	0.0017425
2.8938	0.0016894
2.9058	0.0017899
2.9177	0.0020552
2.9296	0.0025228
2.9415	0.003267
2.9534	0.0043951
2.9653	0.0060254
2.9772	0.0082579
2.9891	0.011028
3.001	0.013695
3.0129	0.014851
3.0248	0.013576
3.0367	0.010813
3.0487	0.0080599
3.0606	0.0059133
3.0725	0.0043012
3.0844	0.0030899
3.0963	0.002283
3.1082	0.0018896
3.1201	0.0018609
3.132	0.0021515
3.1439	0.0027402
3.1558	0.0036026
3.1677	0.0047166
3.1797	0.006091
3.1916	0.0076323
3.2035	0.0088808
3.2154	0.0091649
3.2273	0.0083487
3.2392	0.0069623
3.2511	0.0055273
3.263	0.0042706
3.2749	0.0032577
3.2868	0.0024908
3.2987	0.0019414
3.3106	0.001586
3.3226	0.0014364
3.3345	0.0015492
3.3464	0.002002
3.3583	0.0028176
3.3702	0.0038461
3.3821	0.004774
3.394	0.0053642
3.4059	0.0055771
3.4178	0.0054852
3.4297	0.0052188
3.4416	0.0048965
3.4536	0.0045502
3.4655	0.0041267
3.4774	0.0035549
3.4893	0.0028232
3.5012	0.0020228
3.5131	0.0013424
3.525	0.00095819
3.5369	0.00091953
3.5488	0.0011818
3.5607	0.0016971
3.5726	0.0024523
3.5846	0.003444
3.5965	0.0046096
3.6084	0.0057537
3.6203	0.0065625
3.6322	0.0068009
3.6441	0.0065031
3.656	0.0058924
3.6679	0.0051732
3.6798	0.0044341
3.6917	0.0036754
3.7036	0.0028921
3.7155	0.0021431
3.7275	0.0015549
3.7394	0.0012432
3.7513	0.0012474
3.7632	0.0015495
3.7751	0.0021098
3.787	0.0028536
3.7989	0.0036469
3.8108	0.0043363
3.8227	0.0048221
3.8346	0.0050657
3.8465	0.005052
3.8585	0.0047812
3.8704	0.0042855
3.8823	0.0036357
3.8942	0.0029335
3.9061	0.0022929
3.918	0.0018215
3.9299	0.0016037
3.9418	0.0016879
3.9537	0.0020788
3.9656	0.0027351
3.9775	0.0035729
3.9895	0.0044761
4.0014	0.0053124
4.0133	0.005953
4.0252	0.0062936
4.0371	0.0062717
4.049	0.0058794
4.0609	0.0051695
4.0728	0.0042532
4.0847	0.0032904
4.0966	0.0024731
4.1085	0.002002
4.1204	0.0020609
4.1324	0.0027896
4.1443	0.0042607
4.1562	0.0064632
4.1681	0.0092957
4.18	0.012571
4.1919	0.016029
4.2038	0.019366
4.2157	0.022264
4.2276	0.024423
4.2395	0.025603
4.2514	0.025652
4.2634	0.024527
4.2753	0.022309
4.2872	0.019202
4.2991	0.015514
4.311	0.011627
4.3229	0.0079586
4.3348	0.0049162
4.3467	0.0028473
4.3586	0.0019988
4.3705	0.0024852
4.3824	0.004271
4.3944	0.0071703
4.4063	0.010864
4.4182	0.014933
4.4301	0.018905
4.442	0.022307
4.4539	0.024724
4.4658	0.025849
4.4777	0.025525
4.4896	0.02377
4.5015	0.020781
4.5134	0.016916
4.5253	0.012659
4.5373	0.008563
4.5492	0.0051838
4.5611	0.0030126
4.573	0.0024108
4.5849	0.00356
4.5968	0.0064302
4.6087	0.010774
4.6206	0.016145
4.6325	0.021945
4.6444	0.02749
4.6563	0.032087
4.6683	0.035132
4.6802	0.036185
4.6921	0.035043
4.704	0.031788
4.7159	0.026801
4.7278	0.020743
4.7397	0.014503
4.7516	0.0091121
4.7635	0.0056379
4.7754	0.005066
4.7873	0.0081832
4.7993	0.015473
4.8112	0.027041
4.8231	0.042571
4.835	0.06133
4.8469	0.082217
4.8588	0.10385
4.8707	0.12472
4.8826	0.14329
4.8945	0.15825
4.9064	0.16859
4.9183	0.17382
4.9302	0.174
4.9422	0.16985
4.9541	0.16271
4.966	0.15449
4.9779	0.14751
4.9898	0.14437
5.0017	0.14769
5.0136	0.1599
5.0255	0.18302
5.0374	0.21842
5.0493	0.2667
5.0612	0.32754
5.0732	0.39965
5.0851	0.48086
5.097	0.56816
5.1089	0.65794
5.1208	0.74615
5.1327	0.82864
5.1446	0.90138
5.1565	0.96077
5.1684	1.0039
5.1803	1.0286
5.1922	1.0338
5.2042	1.0195
5.2161	0.98672
5.228	0.93727
5.2399	0.87393
5.2518	0.80002
5.2637	0.71923
5.2756	0.63535
5.2875	0.55203
5.2994	0.47262
5.3113	0.39985
5.3232	0.3358
5.3351	0.2818
5.3471	0.2384
5.359	0.2054
5.3709	0.18198
5.3828	0.16679
5.3947	0.15813
5.4066	0.15413
5.4185	0.15289
5.4304	0.15266
5.4423	0.15193
5.4542	0.14954
5.4661	0.14475
5.4781	0.1372
5.49	0.12693
5.5019	0.11429
5.5138	0.099918
5.5257	0.084565
5.5376	0.069077
5.5495	0.054265
5.5614	0.040843
5.5733	0.029366
5.5852	0.020192
5.5971	0.013472
5.6091	0.0091545
5.621	0.0070136
5.6329	0.0066863
5.6448	0.0077211
5.6567	0.0096282
5.6686	0.011927
5.6805	0.014188
5.6924	0.016063
5.7043	0.017306
5.7162	0.017781
5.7281	0.017456
5.74	0.016394
5.752	0.014728
5.7639	0.01264
5.7758	0.010332
5.7877	0.0080049
5.7996	0.005836
5.8115	0.0039647
5.8234	0.0024829
5.8353	0.0014328
5.8472	0.00080884
5.8591	0.00056554
5.871	0.0006276
5.883	0.00090209
5.8949	0.0012907
5.9068	0.0017011
5.9187	0.0020554
5.9306	0.0022975
5.9425	0.0023952
5.9544	0.002341
5.9663	0.0021498
5.9782	0.0018538
5.9901	0.0014969
