-4.071	0.69038	0.096837
-4.071	0.71548	0.10805
-4.071	0.74059	0.10099
-4.0459	0.69038	0.096375
-4.0459	0.71548	0.10896
-4.0459	0.74059	0.10248
-3.8455	0.66527	0.11685
-3.8455	0.69038	0.11606
-3.8205	0.66527	0.1145
-3.8205	0.69038	0.11536
-3.6701	0.58996	0.09947
-3.6701	0.61506	0.11451
-3.6701	0.64017	0.12022
-3.6701	0.66527	0.10211
-3.6451	0.58996	0.12651
-3.6451	0.61506	0.14768
-3.6451	0.64017	0.15768
-3.6451	0.66527	0.13942
-3.6451	0.69038	0.11502
-3.62	0.58996	0.14103
-3.62	0.61506	0.1667
-3.62	0.64017	0.18048
-3.62	0.66527	0.16416
-3.62	0.69038	0.13719
-3.595	0.58996	0.1196
-3.595	0.61506	0.14524
-3.595	0.64017	0.16135
-3.595	0.66527	0.1537
-3.595	0.69038	0.13093
-3.4948	-0.76569	0.1554
-3.4948	-0.74059	0.18315
-3.4948	-0.71548	0.19682
-3.4948	-0.69038	0.1752
-3.4948	-0.66527	0.14481
-3.4948	0.53975	0.13585
-3.4948	0.56485	0.16733
-3.4948	0.58996	0.18523
-3.4948	0.61506	0.16944
-3.4948	0.64017	0.14155
-3.4697	-0.79079	0.14286
-3.4697	-0.76569	0.275
-3.4697	-0.74059	0.32635
-3.4697	-0.71548	0.35455
-3.4697	-0.69038	0.32561
-3.4697	-0.66527	0.27436
-3.4697	-0.64017	0.14403
-3.4697	0.51464	0.11094
-3.4697	0.53975	0.26638
-3.4697	0.56485	0.33698
-3.4697	0.58996	0.4014
-3.4697	0.61506	0.3841
-3.4697	0.64017	0.33757
-3.4697	0.66527	0.19859
-3.4697	0.69038	0.12999
-3.4447	-0.8159	0.15013
-3.4447	-0.79079	0.24995
-3.4447	-0.76569	0.46962
-3.4447	-0.74059	0.55442
-3.4447	-0.71548	0.60069
-3.4447	-0.69038	0.55083
-3.4447	-0.66527	0.46397
-3.4447	-0.64017	0.24205
-3.4447	-0.61506	0.14255
-3.4447	0.51464	0.1334
-3.4447	0.53975	0.3193
-3.4447	0.56485	0.40854
-3.4447	0.58996	0.50371
-3.4447	0.61506	0.49222
-3.4447	0.64017	0.44247
-3.4447	0.66527	0.27286
-3.4447	0.69038	0.1826
-3.4196	-0.8159	0.2879
-3.4196	-0.79079	0.46713
-3.4196	-0.76569	0.85287
-3.4196	-0.74059	0.99787
-3.4196	-0.71548	1.0734
-3.4196	-0.69038	0.97173
-3.4196	-0.66527	0.81237
-3.4196	-0.64017	0.4134
-3.4196	-0.61506	0.23744
-3.4196	-0.58996	0.10754
-3.4196	0.51464	0.12988
-3.4196	0.53975	0.30794
-3.4196	0.56485	0.39591
-3.4196	0.58996	0.49624
-3.4196	0.61506	0.4896
-3.4196	0.64017	0.44433
-3.4196	0.66527	0.27817
-3.4196	0.69038	0.18657
-3.3946	-0.841	0.11854
-3.3946	-0.8159	0.53721
-3.3946	-0.79079	0.85397
-3.3946	-0.76569	1.5253
-3.3946	-0.74059	1.7729
-3.3946	-0.71548	1.8966
-3.3946	-0.69038	1.6977
-3.3946	-0.66527	1.4084
-3.3946	-0.64017	0.69669
-3.3946	-0.61506	0.3883
-3.3946	-0.58996	0.16551
-3.3946	-0.51464	0.097058
-3.3946	-0.48954	0.11163
-3.3946	-0.46444	0.10044
-3.3946	0.51464	0.11359
-3.3946	0.53975	0.2725
-3.3946	0.56485	0.35427
-3.3946	0.58996	0.45458
-3.3946	0.61506	0.45331
-3.3946	0.64017	0.41513
-3.3946	0.66527	0.26236
-3.3946	0.69038	0.17536
-3.3695	-0.841	0.17656
-3.3695	-0.8159	0.74001
-3.3695	-0.79079	1.1621
-3.3695	-0.76569	2.0593
-3.3695	-0.74059	2.3929
-3.3695	-0.71548	2.5611
-3.3695	-0.69038	2.2924
-3.3695	-0.66527	1.8968
-3.3695	-0.64017	0.91864
-3.3695	-0.61506	0.49692
-3.3695	-0.58996	0.19764
-3.3695	-0.51464	0.17533
-3.3695	-0.48954	0.19385
-3.3695	-0.46444	0.16905
-3.3695	0.53975	0.19709
-3.3695	0.56485	0.26722
-3.3695	0.58996	0.36793
-3.3695	0.61506	0.3775
-3.3695	0.64017	0.35407
-3.3695	0.66527	0.23086
-3.3695	0.69038	0.15485
-3.3445	-0.841	0.16942
-3.3445	-0.8159	0.66186
-3.3445	-0.79079	1.0262
-3.3445	-0.76569	1.7988
-3.3445	-0.74059	2.086
-3.3445	-0.71548	2.23
-3.3445	-0.69038	1.9886
-3.3445	-0.66527	1.6376
-3.3445	-0.64017	0.77182
-3.3445	-0.61506	0.40246
-3.3445	-0.58996	0.14659
-3.3445	-0.51464	0.20035
-3.3445	-0.48954	0.21364
-3.3445	-0.46444	0.18054
-3.3445	-0.31381	0.097509
-3.3445	0.58996	0.1744
-3.3445	0.61506	0.19867
-3.3445	0.64017	0.20296
-3.3445	0.66527	0.14969
-3.3445	0.69038	0.10426
-3.3194	-0.841	0.13671
-3.3194	-0.8159	0.49729
-3.3194	-0.79079	0.7579
-3.3194	-0.76569	1.2995
-3.3194	-0.74059	1.4945
-3.3194	-0.71548	1.5851
-3.3194	-0.69038	1.3883
-3.3194	-0.66527	1.1289
-3.3194	-0.64017	0.508
-3.3194	-0.61506	0.25161
-3.3194	-0.51464	0.16957
-3.3194	-0.48954	0.17339
-3.3194	-0.46444	0.14069
-3.2944	-0.841	0.11266
-3.2944	-0.8159	0.3838
-3.2944	-0.79079	0.5748
-3.2944	-0.76569	0.96154
-3.2944	-0.74059	1.0946
-3.2944	-0.71548	1.1491
-3.2944	-0.69038	0.98278
-3.2944	-0.66527	0.78619
-3.2944	-0.64017	0.33385
-3.2944	-0.61506	0.15507
-3.2944	-0.51464	0.1394
-3.2944	-0.48954	0.13627
-3.2944	-0.46444	0.10548
-3.2944	0.46444	0.123
-3.2944	0.48954	0.19757
-3.2944	0.51464	0.26233
-3.2944	0.53975	0.308
-3.2944	0.56485	0.28148
-3.2944	0.58996	0.16935
-3.2944	0.61506	0.10971
-3.2693	-0.841	0.10006
-3.2693	-0.8159	0.32245
-3.2693	-0.79079	0.47565
-3.2693	-0.76569	0.77845
-3.2693	-0.74059	0.87781
-3.2693	-0.71548	0.91274
-3.2693	-0.69038	0.76198
-3.2693	-0.66527	0.59903
-3.2693	-0.64017	0.2384
-3.2693	-0.61506	0.10255
-3.2693	-0.51464	0.12416
-3.2693	-0.48954	0.11598
-3.2693	0.31381	0.10676
-3.2693	0.33891	0.1379
-3.2693	0.36402	0.10872
-3.2693	0.46444	0.29013
-3.2693	0.48954	0.4702
-3.2693	0.51464	0.64405
-3.2693	0.53975	0.84419
-3.2693	0.56485	0.83473
-3.2693	0.58996	0.62583
-3.2693	0.61506	0.47321
-3.2693	0.64017	0.32386
-3.2693	0.66527	0.10475
-3.2443	-0.8159	0.26882
-3.2443	-0.79079	0.39254
-3.2443	-0.76569	0.63467
-3.2443	-0.74059	0.71175
-3.2443	-0.71548	0.73499
-3.2443	-0.69038	0.59903
-3.2443	-0.66527	0.46057
-3.2443	-0.64017	0.16555
-3.2443	-0.51464	0.12445
-3.2443	-0.48954	0.10884
-3.2443	-0.012552	0.10537
-3.2443	0.13808	0.13661
-3.2443	0.16318	0.1507
-3.2443	0.18828	0.13094
-3.2443	0.2887	0.14338
-3.2443	0.31381	0.22281
-3.2443	0.33891	0.25486
-3.2443	0.36402	0.18545
-3.2443	0.43933	0.14915
-3.2443	0.46444	0.84183
-3.2443	0.48954	1.3269
-3.2443	0.51464	1.8053
-3.2443	0.53975	2.4151
-3.2443	0.56485	2.4402
-3.2443	0.58996	1.9446
-3.2443	0.61506	1.5283
-3.2443	0.64017	1.0923
-3.2443	0.66527	0.38865
-3.2443	0.69038	0.17731
-3.2192	-0.8159	0.17606
-3.2192	-0.79079	0.26061
-3.2192	-0.76569	0.43367
-3.2192	-0.74059	0.49277
-3.2192	-0.71548	0.51464
-3.2192	-0.69038	0.42477
-3.2192	-0.66527	0.32575
-3.2192	-0.64017	0.11086
-3.2192	-0.51464	0.11653
-3.2192	-0.48954	0.098355
-3.2192	-0.33891	0.10519
-3.2192	-0.18828	0.11647
-3.2192	-0.16318	0.11097
-3.2192	-0.037657	0.11883
-3.2192	-0.012552	0.15076
-3.2192	0.012552	0.1161
-3.2192	0.13808	0.21759
-3.2192	0.16318	0.22933
-3.2192	0.18828	0.18937
-3.2192	0.2636	0.13054
-3.2192	0.2887	0.2696
-3.2192	0.31381	0.39603
-3.2192	0.33891	0.41428
-3.2192	0.36402	0.28172
-3.2192	0.43933	0.36524
-3.2192	0.46444	1.7693
-3.2192	0.48954	2.7218
-3.2192	0.51464	3.6521
-3.2192	0.53975	4.8264
-3.2192	0.56485	4.8673
-3.2192	0.58996	3.8778
-3.2192	0.61506	3.0476
-3.2192	0.64017	2.1755
-3.2192	0.66527	0.7607
-3.2192	0.69038	0.33641
-3.1942	-0.79079	0.097048
-3.1942	-0.76569	0.17105
-3.1942	-0.74059	0.19928
-3.1942	-0.71548	0.21271
-3.1942	-0.69038	0.18097
-3.1942	-0.66527	0.13937
-3.1942	-0.18828	0.11678
-3.1942	-0.16318	0.10752
-3.1942	-0.037657	0.15121
-3.1942	-0.012552	0.18455
-3.1942	0.012552	0.13048
-3.1942	0.11297	0.14419
-3.1942	0.13808	0.32028
-3.1942	0.16318	0.32492
-3.1942	0.18828	0.25583
-3.1942	0.2636	0.25738
-3.1942	0.2887	0.49028
-3.1942	0.31381	0.68729
-3.1942	0.33891	0.66153
-3.1942	0.36402	0.41752
-3.1942	0.41423	0.19431
-3.1942	0.43933	0.87057
-3.1942	0.46444	3.733
-3.1942	0.48954	5.6246
-3.1942	0.51464	7.4552
-3.1942	0.53975	9.7307
-3.1942	0.56485	9.7788
-3.1942	0.58996	7.7443
-3.1942	0.61506	6.0598
-3.1942	0.64017	4.2949
-3.1942	0.66527	1.4496
-3.1942	0.69038	0.61112
-3.1942	0.76569	0.11638
-3.1942	0.79079	0.21444
-3.1942	0.8159	0.18685
-3.1691	-0.037657	0.12026
-3.1691	-0.012552	0.14183
-3.1691	0.11297	0.15226
-3.1691	0.13808	0.30971
-3.1691	0.16318	0.30449
-3.1691	0.18828	0.22926
-3.1691	0.2636	0.34815
-3.1691	0.2887	0.62509
-3.1691	0.31381	0.84735
-3.1691	0.33891	0.76223
-3.1691	0.36402	0.44454
-3.1691	0.41423	0.41821
-3.1691	0.43933	1.5516
-3.1691	0.46444	6.1328
-3.1691	0.48954	9.159
-3.1691	0.51464	12.119
-3.1691	0.53975	15.915
-3.1691	0.56485	16.075
-3.1691	0.58996	12.845
-3.1691	0.61506	10.071
-3.1691	0.64017	7.1258
-3.1691	0.66527	2.3334
-3.1691	0.69038	0.93207
-3.1691	0.74059	0.097769
-3.1691	0.76569	0.29408
-3.1691	0.79079	0.48034
-3.1691	0.8159	0.40733
-3.1691	0.841	0.13477
-3.1441	0.11297	0.10946
-3.1441	0.13808	0.20157
-3.1441	0.16318	0.18988
-3.1441	0.18828	0.13449
-3.1441	0.2636	0.29424
-3.1441	0.2887	0.49879
-3.1441	0.31381	0.65094
-3.1441	0.33891	0.53721
-3.1441	0.36402	0.28228
-3.1441	0.41423	0.51003
-3.1441	0.43933	1.6462
-3.1441	0.46444	6.071
-3.1441	0.48954	8.9959
-3.1441	0.51464	11.889
-3.1441	0.53975	15.738
-3.1441	0.56485	15.998
-3.1441	0.58996	12.948
-3.1441	0.61506	10.196
-3.1441	0.64017	7.2181
-3.1441	0.66527	2.2951
-3.1441	0.69038	0.86061
-3.1441	0.74059	0.18603
-3.1441	0.76569	0.45873
-3.1441	0.79079	0.68481
-3.1441	0.8159	0.56856
-3.1441	0.841	0.17265
-3.1441	0.91632	0.10436
-3.1441	0.94142	0.16612
-3.1441	0.96653	0.16988
-3.1441	0.99163	0.11859
-3.119	0.13808	0.12217
-3.119	0.16318	0.10915
-3.119	0.2636	0.21596
-3.119	0.2887	0.34449
-3.119	0.31381	0.42897
-3.119	0.33891	0.31494
-3.119	0.36402	0.14322
-3.119	0.41423	0.47711
-3.119	0.43933	1.369
-3.119	0.46444	4.6516
-3.119	0.48954	6.7632
-3.119	0.51464	8.8215
-3.119	0.53975	11.472
-3.119	0.56485	11.581
-3.119	0.58996	9.2388
-3.119	0.61506	7.2036
-3.119	0.64017	5.0279
-3.119	0.66527	1.4987
-3.119	0.69038	0.511
-3.119	0.74059	0.20942
-3.119	0.76569	0.44197
-3.119	0.79079	0.5975
-3.119	0.8159	0.48008
-3.119	0.841	0.12847
-3.119	0.91632	0.12603
-3.119	0.94142	0.18844
-3.119	0.96653	0.1818
-3.119	0.99163	0.12285
-3.0939	0.2636	0.16497
-3.0939	0.2887	0.24832
-3.0939	0.31381	0.29456
-3.0939	0.33891	0.18895
-3.0939	0.41423	0.44264
-3.0939	0.43933	1.1508
-3.0939	0.46444	3.6048
-3.0939	0.48954	5.1236
-3.0939	0.51464	6.564
-3.0939	0.53975	8.2905
-3.0939	0.56485	8.2571
-3.0939	0.58996	6.3965
-3.0939	0.61506	4.8967
-3.0939	0.64017	3.3374
-3.0939	0.66527	0.90672
-3.0939	0.69038	0.27129
-3.0939	0.74059	0.20209
-3.0939	0.76569	0.3742
-3.0939	0.79079	0.45252
-3.0939	0.8159	0.34727
-3.0939	0.91632	0.11914
-3.0939	0.94142	0.16647
-3.0939	0.96653	0.14714
-3.0689	-0.8159	0.10148
-3.0689	-0.79079	0.11322
-3.0689	-0.76569	0.10928
-3.0689	0.2636	0.13435
-3.0689	0.2887	0.19181
-3.0689	0.31381	0.21701
-3.0689	0.33891	0.11983
-3.0689	0.38912	0.10643
-3.0689	0.41423	0.43335
-3.0689	0.43933	1.0382
-3.0689	0.46444	3.0217
-3.0689	0.48954	4.202
-3.0689	0.51464	5.288
-3.0689	0.53975	6.4782
-3.0689	0.56485	6.3579
-3.0689	0.58996	4.7654
-3.0689	0.61506	3.5723
-3.0689	0.64017	2.3686
-3.0689	0.66527	0.57618
-3.0689	0.69038	0.14513
-3.0689	0.74059	0.1984
-3.0689	0.76569	0.32915
-3.0689	0.79079	0.35625
-3.0689	0.8159	0.2596
-3.0689	0.91632	0.11246
-3.0689	0.94142	0.14706
-3.0689	0.96653	0.11763
-3.0438	-0.841	0.11799
-3.0438	-0.8159	0.19996
-3.0438	-0.79079	0.22718
-3.0438	-0.76569	0.22827
-3.0438	-0.74059	0.20127
-3.0438	-0.71548	0.16139
-3.0438	0.2636	0.11433
-3.0438	0.2887	0.15582
-3.0438	0.31381	0.16859
-3.0438	0.38912	0.12991
-3.0438	0.41423	0.44801
-3.0438	0.43933	1.0034
-3.0438	0.46444	2.74
-3.0438	0.48954	3.7367
-3.0438	0.51464	4.6268
-3.0438	0.53975	5.5095
-3.0438	0.56485	5.3309
-3.0438	0.58996	3.8655
-3.0438	0.61506	2.8347
-3.0438	0.64017	1.8247
-3.0438	0.66527	0.3904
-3.0438	0.74059	0.20582
-3.0438	0.76569	0.31102
-3.0438	0.79079	0.30235
-3.0438	0.8159	0.20842
-3.0438	0.91632	0.11279
-3.0438	0.94142	0.13857
-3.0438	0.96653	0.099777
-3.0438	1.795	0.12233
-3.0438	1.8201	0.14319
-3.0438	1.8452	0.13372
-3.0188	-0.841	0.096394
-3.0188	-0.8159	0.17856
-3.0188	-0.79079	0.21282
-3.0188	-0.76569	0.23533
-3.0188	-0.74059	0.21706
-3.0188	-0.71548	0.1813
-3.0188	0.2887	0.11173
-3.0188	0.31381	0.11473
-3.0188	0.38912	0.17104
-3.0188	0.41423	0.49665
-3.0188	0.43933	1.0326
-3.0188	0.46444	2.6298
-3.0188	0.48954	3.513
-3.0188	0.51464	4.2757
-3.0188	0.53975	4.9327
-3.0188	0.56485	4.6917
-3.0188	0.58996	3.2543
-3.0188	0.61506	2.3104
-3.0188	0.64017	1.4193
-3.0188	0.66527	0.24029
-3.0188	0.71548	0.1169
-3.0188	0.74059	0.24496
-3.0188	0.76569	0.32927
-3.0188	0.79079	0.27414
-3.0188	0.8159	0.17247
-3.0188	0.91632	0.13034
-3.0188	0.94142	0.14676
-3.0188	1.7448	0.13137
-3.0188	1.7699	0.19503
-3.0188	1.795	0.25016
-3.0188	1.8201	0.29753
-3.0188	1.8452	0.28327
-3.0188	1.8703	0.19996
-3.0188	1.8954	0.14766
-3.0188	1.9205	0.099037
-2.9937	-0.76569	0.098759
-2.9937	0.38912	0.17484
-2.9937	0.41423	0.47631
-2.9937	0.43933	0.96961
-2.9937	0.46444	2.4527
-2.9937	0.48954	3.283
-2.9937	0.51464	4.0057
-2.9937	0.53975	4.633
-2.9937	0.56485	4.4
-2.9937	0.58996	3.011
-2.9937	0.61506	2.1038
-2.9937	0.64017	1.2562
-2.9937	0.66527	0.17608
-2.9937	0.71548	0.15881
-2.9937	0.74059	0.29329
-2.9937	0.76569	0.36976
-2.9937	0.79079	0.27952
-2.9937	0.8159	0.1646
-2.9937	0.91632	0.15818
-2.9937	0.94142	0.16874
-2.9937	1.7448	0.21223
-2.9937	1.7699	0.3069
-2.9937	1.795	0.3874
-2.9937	1.8201	0.45313
-2.9937	1.8452	0.42964
-2.9937	1.8703	0.30189
-2.9937	1.8954	0.22247
-2.9937	1.9205	0.14869
-2.9687	0.41423	0.25432
-2.9687	0.43933	0.53656
-2.9687	0.46444	1.4789
-2.9687	0.48954	2.0631
-2.9687	0.51464	2.6162
-2.9687	0.53975	3.2331
-2.9687	0.56485	3.1536
-2.9687	0.58996	2.2374
-2.9687	0.61506	1.571
-2.9687	0.64017	0.92781
-2.9687	0.66527	0.10575
-2.9687	0.71548	0.19183
-2.9687	0.74059	0.32396
-2.9687	0.76569	0.39045
-2.9687	0.79079	0.27407
-2.9687	0.8159	0.15132
-2.9687	0.91632	0.19699
-2.9687	0.94142	0.20063
-2.9687	0.96653	0.096798
-2.9687	1.0921	0.12568
-2.9687	1.1172	0.11365
-2.9687	1.2678	0.10681
-2.9687	1.4184	0.097509
-2.9687	1.5941	0.11558
-2.9687	1.6192	0.096279
-2.9687	1.7197	0.096481
-2.9687	1.7448	0.35701
-2.9687	1.7699	0.50212
-2.9687	1.795	0.62178
-2.9687	1.8201	0.70873
-2.9687	1.8452	0.66546
-2.9687	1.8703	0.45921
-2.9687	1.8954	0.33499
-2.9687	1.9205	0.22106
-2.9436	0.46444	0.27838
-2.9436	0.48954	0.43943
-2.9436	0.51464	0.62038
-2.9436	0.53975	0.91519
-2.9436	0.56485	0.96018
-2.9436	0.58996	0.76491
-2.9436	0.61506	0.55869
-2.9436	0.64017	0.33597
-2.9436	0.71548	0.1319
-2.9436	0.74059	0.21295
-2.9436	0.76569	0.25341
-2.9436	0.79079	0.17376
-2.9436	0.91632	0.19014
-2.9436	0.94142	0.189
-2.9436	1.0669	0.11736
-2.9436	1.0921	0.15678
-2.9436	1.1172	0.13111
-2.9436	1.2427	0.13774
-2.9436	1.2678	0.14799
-2.9436	1.4184	0.14792
-2.9436	1.4435	0.13246
-2.9436	1.569	0.15154
-2.9436	1.5941	0.18727
-2.9436	1.6192	0.1399
-2.9436	1.7197	0.19575
-2.9436	1.7448	0.64389
-2.9436	1.7699	0.88094
-2.9436	1.795	1.0689
-2.9436	1.8201	1.1819
-2.9436	1.8452	1.0955
-2.9436	1.8703	0.73684
-2.9436	1.8954	0.5296
-2.9436	1.9205	0.34319
-2.9186	1.0921	0.1145
-2.9186	1.2427	0.14356
-2.9186	1.2678	0.15078
-2.9186	1.3933	0.12672
-2.9186	1.4184	0.19708
-2.9186	1.4435	0.17028
-2.9186	1.4686	0.11016
-2.9186	1.569	0.25234
-2.9186	1.5941	0.2991
-2.9186	1.6192	0.20238
-2.9186	1.6946	0.14105
-2.9186	1.7197	0.40571
-2.9186	1.7448	1.2146
-2.9186	1.7699	1.6251
-2.9186	1.795	1.9393
-2.9186	1.8201	2.0904
-2.9186	1.8452	1.9156
-2.9186	1.8703	1.2568
-2.9186	1.8954	0.88942
-2.9186	1.9205	0.56502
-2.9186	1.9456	0.14347
-2.8935	1.3933	0.099258
-2.8935	1.4184	0.14759
-2.8935	1.4435	0.12473
-2.8935	1.569	0.27576
-2.8935	1.5941	0.32088
-2.8935	1.6192	0.20354
-2.8935	1.6946	0.24853
-2.8935	1.7197	0.65123
-2.8935	1.7448	1.8679
-2.8935	1.7699	2.494
-2.8935	1.795	2.9826
-2.8935	1.8201	3.2421
-2.8935	1.8452	2.9827
-2.8935	1.8703	1.9619
-2.8935	1.8954	1.3834
-2.8935	1.9205	0.87058
-2.8935	1.9456	0.20807
-2.8685	0.43933	0.12618
-2.8685	0.46444	0.18163
-2.8685	0.48954	0.18796
-2.8685	0.51464	0.1778
-2.8685	0.53975	0.1213
-2.8685	1.569	0.16317
-2.8685	1.5941	0.18495
-2.8685	1.6192	0.10726
-2.8685	1.6946	0.22538
-2.8685	1.7197	0.55217
-2.8685	1.7448	1.5517
-2.8685	1.7699	2.0889
-2.8685	1.795	2.5318
-2.8685	1.8201	2.8483
-2.8685	1.8452	2.6694
-2.8685	1.8703	1.818
-2.8685	1.8954	1.2995
-2.8685	1.9205	0.82399
-2.8685	1.9456	0.19067
-2.8434	0.41423	0.11369
-2.8434	0.43933	0.16484
-2.8434	0.46444	0.24827
-2.8434	0.48954	0.26541
-2.8434	0.51464	0.26091
-2.8434	0.53975	0.19589
-2.8434	0.56485	0.14805
-2.8434	1.6946	0.14355
-2.8434	1.7197	0.32758
-2.8434	1.7448	0.87292
-2.8434	1.7699	1.1623
-2.8434	1.795	1.4
-2.8434	1.8201	1.567
-2.8434	1.8452	1.4674
-2.8434	1.8703	0.99681
-2.8434	1.8954	0.70931
-2.8434	1.9205	0.44524
-2.8184	0.41423	0.12652
-2.8184	0.43933	0.18315
-2.8184	0.46444	0.2797
-2.8184	0.48954	0.30258
-2.8184	0.51464	0.30163
-2.8184	0.53975	0.23369
-2.8184	0.56485	0.17943
-2.8184	1.7197	0.18789
-2.8184	1.7448	0.47223
-2.8184	1.7699	0.61815
-2.8184	1.795	0.73439
-2.8184	1.8201	0.80308
-2.8184	1.8452	0.74349
-2.8184	1.8703	0.49143
-2.8184	1.8954	0.34312
-2.8184	1.9205	0.20974
-2.7933	0.41423	0.12711
-2.7933	0.43933	0.1835
-2.7933	0.46444	0.2822
-2.7933	0.48954	0.30724
-2.7933	0.51464	0.30842
-2.7933	0.53975	0.24201
-2.7933	0.56485	0.18647
-2.7933	1.7197	0.10894
-2.7933	1.7448	0.26124
-2.7933	1.7699	0.33731
-2.7933	1.795	0.39625
-2.7933	1.8201	0.42462
-2.7933	1.8452	0.38885
-2.7933	1.8703	0.24987
-2.7933	1.8954	0.17088
-2.7933	1.9205	0.10135
-2.7683	0.41423	0.1023
-2.7683	0.43933	0.14932
-2.7683	0.46444	0.23696
-2.7683	0.48954	0.26218
-2.7683	0.51464	0.26708
-2.7683	0.53975	0.2139
-2.7683	0.56485	0.1652
-2.7683	1.7448	0.10149
-2.7683	1.7699	0.13035
-2.7683	1.795	0.15258
-2.7683	1.8201	0.16215
-2.7683	1.8452	0.14742
-2.7432	0.46444	0.16566
-2.7432	0.48954	0.1902
-2.7432	0.51464	0.20009
-2.7432	0.53975	0.16814
-2.7432	0.56485	0.13169
-2.6681	0.38912	0.12087
-2.6681	0.41423	0.15535
-2.6681	0.43933	0.17938
-2.6681	0.46444	0.18057
-2.6681	0.48954	0.15848
-2.6681	0.51464	0.12699
-2.643	0.38912	0.12649
-2.643	0.41423	0.16544
-2.643	0.43933	0.19601
-2.643	0.46444	0.21202
-2.643	0.48954	0.19471
-2.643	0.51464	0.16417
-2.618	0.38912	0.11303
-2.618	0.41423	0.14753
-2.618	0.43933	0.17524
-2.618	0.46444	0.1923
-2.618	0.48954	0.17841
-2.618	0.51464	0.15213
-2.618	1.6946	0.16284
-2.618	1.7197	0.21456
-2.618	1.7448	0.26531
-2.618	1.7699	0.25617
-2.618	1.795	0.22695
-2.618	1.8201	0.13744
-2.5929	0.41423	0.12065
-2.5929	0.43933	0.1428
-2.5929	0.46444	0.15639
-2.5929	0.48954	0.14509
-2.5929	0.51464	0.12363
-2.5929	1.6946	0.20081
-2.5929	1.7197	0.2782
-2.5929	1.7448	0.38536
-2.5929	1.7699	0.39477
-2.5929	1.795	0.37106
-2.5929	1.8201	0.25212
-2.5929	1.8452	0.17995
-2.5678	0.43933	0.10733
-2.5678	0.46444	0.11691
-2.5678	0.48954	0.10814
-2.5678	1.6946	0.10058
-2.5678	1.7197	0.14254
-2.5678	1.7448	0.21082
-2.5678	1.7699	0.2247
-2.5678	1.795	0.22047
-2.5678	1.8201	0.16425
-2.5678	1.8452	0.12286
-2.3674	0.33891	0.13259
-2.3674	0.36402	0.17355
-2.3674	0.38912	0.2181
-2.3674	0.41423	0.21394
-2.3674	0.43933	0.19312
-2.3674	0.46444	0.1218
-2.3424	0.33891	0.10605
-2.3424	0.36402	0.15798
-2.3424	0.38912	0.25389
-2.3424	0.41423	0.27788
-2.3424	0.43933	0.27655
-2.3424	0.46444	0.20361
-2.3424	0.48954	0.14817
-1.2651	0.2636	0.12366
-1.2651	0.2887	0.12488
-1.2651	0.31381	0.10959
-1.2401	0.13808	0.1065
0.73904	-0.8159	0.16816
0.76409	-0.79079	0.30713
0.8643	-0.69038	0.17103
0.88935	-0.66527	0.47425
0.98956	-0.53975	0.30064
1.0397	-0.46444	0.11543
1.0647	-0.43933	0.30069
1.0647	-0.41423	0.14982
1.0898	-0.23849	0.11332
1.0898	-0.21339	0.1137
1.1148	-0.31381	1.62
1.1148	-0.2887	0.73
1.1148	-0.2636	0.38941
1.1148	-0.23849	0.23088
1.1148	-0.21339	0.19447
1.1148	-0.18828	0.13415
1.1399	-0.2887	0.11257
1.1399	-0.2636	0.57513
1.1399	-0.23849	2.2618
1.1399	-0.21339	0.82538
1.1399	-0.18828	0.27086
1.1399	-0.16318	0.17618
1.1399	-0.13808	0.11434
1.1399	1.1172	0.11567
1.1399	1.1423	0.13047
1.1399	1.1674	0.14534
1.1399	1.1925	0.14497
1.1399	1.2176	0.13951
1.1649	-0.23849	0.14043
1.1649	-0.21339	0.40877
1.1649	-0.18828	4.0209
1.1649	-0.16318	1.15
1.1649	-0.13808	0.38976
1.1649	1.0418	0.18713
1.1649	1.0669	0.31216
1.1649	1.0921	0.49583
1.1649	1.1172	1.1925
1.1649	1.1423	1.8492
1.1649	1.1674	2.0691
1.1649	1.1925	0.87503
1.1649	1.2176	0.28806
1.19	-0.13808	0.19907
1.19	-0.11297	0.84583
1.19	-0.087866	0.23846
1.19	0.99163	0.1766
1.19	1.0167	0.53778
1.19	1.0418	3.2115
1.19	1.0669	4.5342
1.19	1.0921	3.5
1.19	1.1172	1.1756
1.19	1.1423	0.66239
1.19	1.1674	0.19583
1.215	0.96653	0.2263
1.215	0.99163	0.34018
1.215	1.0167	0.40314
1.215	1.0418	0.40944
1.215	1.0669	0.37148
1.215	1.0921	0.31806
1.215	1.1172	0.19677
1.215	1.1423	0.14151
1.2651	0.33891	0.11746
1.2651	0.36402	0.15779
1.2651	0.38912	0.18347
1.2651	0.41423	0.167
1.2651	0.43933	0.14278
1.2651	0.46444	0.11626
1.2651	0.48954	0.12355
1.2651	0.51464	0.13728
1.2651	0.53975	0.13579
4.6722	-0.8159	0.11215
4.6973	-0.8159	0.11444
4.8476	-2.2469	0.12061
4.8476	-2.2218	0.15631
4.8476	-2.1967	0.18395
4.8476	-2.1715	0.19675
4.8476	-2.1464	0.17953
4.8476	-2.1213	0.1139
4.8476	-0.91632	0.13823
4.8476	-0.89121	0.19489
4.8476	-0.86611	0.20145
4.8476	-0.841	0.19138
4.8476	-0.8159	0.13386
4.8727	-2.2469	0.19609
4.8727	-2.2218	0.25323
4.8727	-2.1967	0.29801
4.8727	-2.1715	0.32071
4.8727	-2.1464	0.29396
4.8727	-2.1213	0.18783
4.8727	-2.0962	0.12716
4.8727	-0.94142	0.13506
4.8727	-0.91632	0.19022
4.8727	-0.89121	0.27433
4.8727	-0.86611	0.28804
4.8727	-0.841	0.27842
4.8727	-0.8159	0.20202
4.8727	-0.79079	0.14967
4.8977	-2.272	0.12234
4.8977	-2.2469	0.28041
4.8977	-2.2218	0.35958
4.8977	-2.1967	0.42138
4.8977	-2.1715	0.45147
4.8977	-2.1464	0.41299
4.8977	-2.1213	0.26159
4.8977	-2.0962	0.17518
4.8977	-0.94142	0.14624
4.8977	-0.91632	0.20702
4.8977	-0.89121	0.30484
4.8977	-0.86611	0.32413
4.8977	-0.841	0.31734
4.8977	-0.8159	0.23573
4.8977	-0.79079	0.17612
4.9228	-2.272	0.16255
4.9228	-2.2469	0.36073
4.9228	-2.2218	0.45859
4.9228	-2.1967	0.53399
4.9228	-2.1715	0.56637
4.9228	-2.1464	0.51526
4.9228	-2.1213	0.32061
4.9228	-2.0962	0.21104
4.9228	-2.0711	0.11639
4.9228	-0.94142	0.12033
4.9228	-0.91632	0.17313
4.9228	-0.89121	0.26444
4.9228	-0.86611	0.28627
4.9228	-0.841	0.28504
4.9228	-0.8159	0.21756
4.9228	-0.79079	0.16387
4.9478	-2.272	0.19658
4.9478	-2.2469	0.4227
4.9478	-2.2218	0.53238
4.9478	-2.1967	0.6153
4.9478	-2.1715	0.644
4.9478	-2.1464	0.58143
4.9478	-2.1213	0.35329
4.9478	-2.0962	0.22752
4.9478	-2.0711	0.12073
4.9478	-0.89121	0.16277
4.9478	-0.86611	0.18328
4.9478	-0.841	0.18893
4.9478	-0.8159	0.15225
4.9478	-0.79079	0.11676
4.9729	-2.2971	0.12833
4.9729	-2.272	0.22144
4.9729	-2.2469	0.45578
4.9729	-2.2218	0.56608
4.9729	-2.1967	0.64658
4.9729	-2.1715	0.66151
4.9729	-2.1464	0.58907
4.9729	-2.1213	0.34269
4.9729	-2.0962	0.21196
4.9979	-2.2971	0.12729
4.9979	-2.272	0.21473
4.9979	-2.2469	0.4307
4.9979	-2.2218	0.53036
4.9979	-2.1967	0.60123
4.9979	-2.1715	0.60561
4.9979	-2.1464	0.53393
4.9979	-2.1213	0.30053
4.9979	-2.0962	0.18008
5.023	-2.2971	0.11461
5.023	-2.272	0.18966
5.023	-2.2469	0.37213
5.023	-2.2218	0.45483
5.023	-2.1967	0.51217
5.023	-2.1715	0.50836
5.023	-2.1464	0.4437
5.023	-2.1213	0.24106
5.023	-2.0962	0.13935
5.023	-0.99163	0.1143
5.023	-0.96653	0.18069
5.023	-0.94142	0.28259
5.023	-0.91632	0.29733
5.023	-0.89121	0.24663
5.023	-0.86611	0.19516
5.023	-0.841	0.13987
5.048	-2.272	0.15093
5.048	-2.2469	0.29121
5.048	-2.2218	0.35398
5.048	-2.1967	0.39658
5.048	-2.1715	0.38871
5.048	-2.1464	0.33602
5.048	-2.1213	0.17592
5.048	-1.0167	0.14078
5.048	-0.99163	0.27882
5.048	-0.96653	0.43967
5.048	-0.94142	0.71433
5.048	-0.91632	0.77683
5.048	-0.89121	0.70516
5.048	-0.86611	0.59142
5.048	-0.841	0.45394
5.048	-0.8159	0.19661
5.0731	-2.2469	0.20281
5.0731	-2.2218	0.24596
5.0731	-2.1967	0.27492
5.0731	-2.1715	0.26726
5.0731	-2.1464	0.22914
5.0731	-2.1213	0.11555
5.0731	-1.1423	0.15225
5.0731	-1.1172	0.14157
5.0731	-1.0167	0.28215
5.0731	-0.99163	0.53727
5.0731	-0.96653	0.83494
5.0731	-0.94142	1.3591
5.0731	-0.91632	1.4919
5.0731	-0.89121	1.3939
5.0731	-0.86611	1.1907
5.0731	-0.841	0.93243
5.0731	-0.8159	0.42123
5.0731	-0.79079	0.23145
5.0981	-2.2469	0.12162
5.0981	-2.2218	0.14804
5.0981	-2.1967	0.16594
5.0981	-2.1715	0.16134
5.0981	-2.1464	0.13762
5.0981	-1.1674	0.12096
5.0981	-1.1423	0.19541
5.0981	-1.1172	0.17404
5.0981	-1.0167	0.48092
5.0981	-0.99163	0.88148
5.0981	-0.96653	1.3449
5.0981	-0.94142	2.1632
5.0981	-0.91632	2.3753
5.0981	-0.89121	2.2339
5.0981	-0.86611	1.9167
5.0981	-0.841	1.5075
5.0981	-0.8159	0.68228
5.0981	-0.79079	0.37141
5.1232	-1.1674	0.15215
5.1232	-1.1423	0.22537
5.1232	-1.1172	0.19119
5.1232	-1.0167	0.72173
5.1232	-0.99163	1.2768
5.1232	-0.96653	1.9106
5.1232	-0.94142	3.0188
5.1232	-0.91632	3.3018
5.1232	-0.89121	3.0926
5.1232	-0.86611	2.6488
5.1232	-0.841	2.0769
5.1232	-0.8159	0.92427
5.1232	-0.79079	0.49199
5.1482	-1.1674	0.17352
5.1482	-1.1423	0.23568
5.1482	-1.1172	0.1893
5.1482	-1.0418	0.13335
5.1482	-1.0167	0.97231
5.1482	-0.99163	1.6653
5.1482	-0.96653	2.4448
5.1482	-0.94142	3.7847
5.1482	-0.91632	4.1143
5.1482	-0.89121	3.8165
5.1482	-0.86611	3.2513
5.1482	-0.841	2.5313
5.1482	-0.8159	1.0953
5.1482	-0.79079	0.56495
5.1482	-0.69038	0.12652
5.1482	-0.66527	0.13474
5.1733	-1.1925	0.1116
5.1733	-1.1674	0.18017
5.1733	-1.1423	0.22428
5.1733	-1.1172	0.16939
5.1733	-1.0418	0.19599
5.1733	-1.0167	1.1889
5.1733	-0.99163	1.9772
5.1733	-0.96653	2.8507
5.1733	-0.94142	4.32
5.1733	-0.91632	4.6628
5.1733	-0.89121	4.2701
5.1733	-0.86611	3.6106
5.1733	-0.841	2.7837
5.1733	-0.8159	1.1617
5.1733	-0.79079	0.57609
5.1733	-0.69038	0.17515
5.1733	-0.66527	0.17888
5.1983	-1.1674	0.1596
5.1983	-1.1423	0.17398
5.1983	-1.1172	0.11779
5.1983	-1.0418	0.27637
5.1983	-1.0167	1.3551
5.1983	-0.99163	2.1686
5.1983	-0.96653	3.0499
5.1983	-0.94142	4.4812
5.1983	-0.91632	4.7822
5.1983	-0.89121	4.2834
5.1983	-0.86611	3.573
5.1983	-0.841	2.7059
5.1983	-0.8159	1.0565
5.1983	-0.79079	0.48635
5.1983	-0.69038	0.23129
5.1983	-0.66527	0.2219
5.2234	-1.1674	0.12968
5.2234	-1.1423	0.12911
5.2234	-1.0418	0.30083
5.2234	-1.0167	1.3198
5.2234	-0.99163	2.0664
5.2234	-0.96653	2.8646
5.2234	-0.94142	4.1309
5.2234	-0.91632	4.3764
5.2234	-0.89121	3.861
5.2234	-0.86611	3.1889
5.2234	-0.841	2.383
5.2234	-0.8159	0.88324
5.2234	-0.79079	0.38234
5.2234	-0.71548	0.12597
5.2234	-0.69038	0.2461
5.2234	-0.66527	0.22657
5.2484	-1.0418	0.29158
5.2484	-1.0167	1.1672
5.2484	-0.99163	1.7939
5.2484	-0.96653	2.4564
5.2484	-0.94142	3.4861
5.2484	-0.91632	3.6695
5.2484	-0.89121	3.1912
5.2484	-0.86611	2.6095
5.2484	-0.841	1.9228
5.2484	-0.8159	0.67248
5.2484	-0.79079	0.27045
5.2484	-0.71548	0.13977
5.2484	-0.69038	0.23861
5.2484	-0.66527	0.21089
5.2735	-1.0418	0.24912
5.2735	-1.0167	0.92644
5.2735	-0.99163	1.403
5.2735	-0.96653	1.9034
5.2735	-0.94142	2.6697
5.2735	-0.91632	2.7966
5.2735	-0.89121	2.4026
5.2735	-0.86611	1.946
5.2735	-0.841	1.4135
5.2735	-0.8159	0.46362
5.2735	-0.79079	0.17056
5.2735	-0.71548	0.13899
5.2735	-0.69038	0.21084
5.2735	-0.66527	0.17892
5.2735	0.33891	0.11607
5.2735	0.36402	0.11825
5.2985	-1.0418	0.18334
5.2985	-1.0167	0.64559
5.2985	-0.99163	0.96869
5.2985	-0.96653	1.3076
5.2985	-0.94142	1.8251
5.2985	-0.91632	1.9079
5.2985	-0.89121	1.6262
5.2985	-0.86611	1.3064
5.2985	-0.841	0.93595
5.2985	-0.8159	0.28615
5.2985	-0.71548	0.12372
5.2985	-0.69038	0.16906
5.2985	-0.66527	0.13776
5.2985	0.31381	0.15209
5.2985	0.33891	0.21736
5.2985	0.36402	0.22348
5.2985	0.38912	0.18275
5.2985	0.41423	0.14581
5.3236	-1.0167	0.37846
5.3236	-0.99163	0.56762
5.3236	-0.96653	0.7682
5.3236	-0.94142	1.0806
5.3236	-0.91632	1.1332
5.3236	-0.89121	0.96635
5.3236	-0.86611	0.7724
5.3236	-0.841	0.54688
5.3236	-0.8159	0.15499
5.3236	-0.69038	0.12184
5.3236	0.2887	0.16877
5.3236	0.31381	0.24117
5.3236	0.33891	0.34056
5.3236	0.36402	0.35018
5.3236	0.38912	0.28807
5.3236	0.41423	0.23081
5.3236	0.43933	0.16927
5.3486	-1.0167	0.1698
5.3486	-0.99163	0.25945
5.3486	-0.96653	0.35786
5.3486	-0.94142	0.52115
5.3486	-0.91632	0.55431
5.3486	-0.89121	0.48157
5.3486	-0.86611	0.38568
5.3486	-0.841	0.27133
5.3486	0.2636	0.14543
5.3486	0.2887	0.24067
5.3486	0.31381	0.33736
5.3486	0.33891	0.46788
5.3486	0.36402	0.47913
5.3486	0.38912	0.39236
5.3486	0.41423	0.31369
5.3486	0.43933	0.22927
5.3737	-0.94142	0.17598
5.3737	-0.91632	0.19571
5.3737	-0.89121	0.18168
5.3737	-0.86611	0.1485
5.3737	0.2636	0.19283
5.3737	0.2887	0.30907
5.3737	0.31381	0.42512
5.3737	0.33891	0.57757
5.3737	0.36402	0.58776
5.3737	0.38912	0.47644
5.3737	0.41423	0.37875
5.3737	0.43933	0.27474
5.3987	0.2636	0.23211
5.3987	0.2887	0.36141
5.3987	0.31381	0.4882
5.3987	0.33891	0.64921
5.3987	0.36402	0.65581
5.3987	0.38912	0.52454
5.3987	0.41423	0.41373
5.3987	0.43933	0.2971
5.4238	0.2636	0.25505
5.4238	0.2887	0.3869
5.4238	0.31381	0.51389
5.4238	0.33891	0.66909
5.4238	0.36402	0.67067
5.4238	0.38912	0.52838
5.4238	0.41423	0.41295
5.4238	0.43933	0.29299
5.4489	0.2636	0.24795
5.4489	0.2887	0.36368
5.4489	0.31381	0.47239
5.4489	0.33891	0.59739
5.4489	0.36402	0.59203
5.4489	0.38912	0.45554
5.4489	0.41423	0.35065
5.4489	0.43933	0.24378
5.4739	-1.0167	0.12575
5.4739	-0.99163	0.14627
5.4739	-0.96653	0.15586
5.4739	-0.94142	0.13771
5.4739	-0.91632	0.11375
5.4739	0.2636	0.21597
5.4739	0.2887	0.31096
5.4739	0.31381	0.39896
5.4739	0.33891	0.49639
5.4739	0.36402	0.48867
5.4739	0.38912	0.37042
5.4739	0.41423	0.28219
5.4739	0.43933	0.19334
5.499	-1.0167	0.13213
5.499	-0.99163	0.15548
5.499	-0.96653	0.16804
5.499	-0.94142	0.15341
5.499	-0.91632	0.1289
5.499	0.2636	0.16882
5.499	0.2887	0.23955
5.499	0.31381	0.30446
5.499	0.33891	0.37426
5.499	0.36402	0.36657
5.499	0.38912	0.27433
5.499	0.41423	0.20691
5.499	0.43933	0.13968
5.524	-0.99163	0.13144
5.524	-0.96653	0.1436
5.524	-0.94142	0.13404
5.524	-0.91632	0.11371
5.524	0.2636	0.11587
5.524	0.2887	0.1629
5.524	0.31381	0.20599
5.524	0.33891	0.2519
5.524	0.36402	0.24615
5.524	0.38912	0.18264
5.524	0.41423	0.13658
5.5491	0.31381	0.1192
5.5491	0.33891	0.14683
5.5491	0.36402	0.1439
