-4.1461	0.66527	0.027049
-4.1461	0.69038	0.031775
-4.1461	0.71548	0.033006
-4.1461	0.74059	0.02953
-4.1211	0.66527	0.048093
-4.1211	0.69038	0.057274
-4.1211	0.71548	0.061938
-4.1211	0.74059	0.05682
-4.1211	0.76569	0.047936
-4.1211	0.79079	0.02585
-4.096	0.64017	0.034522
-4.096	0.66527	0.068803
-4.096	0.69038	0.082396
-4.096	0.71548	0.090835
-4.096	0.74059	0.084314
-4.096	0.76569	0.072001
-4.096	0.79079	0.039669
-4.096	0.8159	0.024743
-4.071	0.64017	0.041329
-4.071	0.66527	0.08177
-4.071	0.69038	0.09826
-4.071	0.71548	0.10964
-4.071	0.74059	0.10247
-4.071	0.76569	0.088056
-4.071	0.79079	0.048799
-4.071	0.8159	0.030279
-4.0459	0.64017	0.040944
-4.0459	0.66527	0.080965
-4.0459	0.69038	0.097792
-4.0459	0.71548	0.11056
-4.0459	0.74059	0.10398
-4.0459	0.76569	0.089801
-4.0459	0.79079	0.049799
-4.0459	0.8159	0.030591
-4.0209	0.64017	0.03234
-4.0209	0.66527	0.065043
-4.0209	0.69038	0.079477
-4.0209	0.71548	0.091958
-4.0209	0.74059	0.08735
-4.0209	0.76569	0.076027
-4.0209	0.79079	0.042298
-4.0209	0.8159	0.025701
-3.9958	0.66527	0.039056
-3.9958	0.69038	0.049141
-3.9958	0.71548	0.059847
-3.9958	0.74059	0.05806
-3.9958	0.76569	0.051416
-3.9958	0.79079	0.029114
-3.8956	0.58996	0.026098
-3.8956	0.61506	0.037648
-3.8956	0.64017	0.047721
-3.8956	0.66527	0.056323
-3.8956	0.69038	0.053379
-3.8956	0.71548	0.036701
-3.8956	0.74059	0.026335
-3.8706	0.58996	0.040946
-3.8706	0.61506	0.059447
-3.8706	0.64017	0.076514
-3.8706	0.66527	0.094709
-3.8706	0.69038	0.092522
-3.8706	0.71548	0.068366
-3.8706	0.74059	0.051137
-3.8706	0.76569	0.034255
-3.8455	0.58996	0.049343
-3.8455	0.61506	0.071786
-3.8455	0.64017	0.093189
-3.8455	0.66527	0.11856
-3.8455	0.69038	0.11776
-3.8455	0.71548	0.090173
-3.8455	0.74059	0.068633
-3.8455	0.76569	0.046686
-3.8205	0.58996	0.046348
-3.8205	0.61506	0.067809
-3.8205	0.64017	0.088933
-3.8205	0.66527	0.11618
-3.8205	0.69038	0.11705
-3.8205	0.71548	0.092007
-3.8205	0.74059	0.070746
-3.8205	0.76569	0.048407
-3.7954	0.58996	0.032819
-3.7954	0.61506	0.049012
-3.7954	0.64017	0.065743
-3.7954	0.66527	0.089822
-3.7954	0.69038	0.092379
-3.7954	0.71548	0.075178
-3.7954	0.74059	0.058507
-3.7954	0.76569	0.040269
-3.7704	0.64017	0.031082
-3.7704	0.66527	0.047544
-3.7704	0.69038	0.051249
-3.7704	0.71548	0.044993
-3.7704	0.74059	0.036009
-3.7704	0.76569	0.025258
-3.6952	-0.71548	0.029038
-3.6952	-0.69038	0.039481
-3.6952	-0.66527	0.040293
-3.6952	-0.64017	0.032339
-3.6952	-0.61506	0.025168
-3.6952	0.56485	0.033332
-3.6952	0.58996	0.059175
-3.6952	0.61506	0.065983
-3.6952	0.64017	0.066645
-3.6952	0.66527	0.051358
-3.6952	0.69038	0.039025
-3.6701	-2.0209	0.025623
-3.6701	-1.9958	0.024979
-3.6701	-0.74059	0.032019
-3.6701	-0.71548	0.043661
-3.6701	-0.69038	0.060851
-3.6701	-0.66527	0.063106
-3.6701	-0.64017	0.0525
-3.6701	-0.61506	0.041615
-3.6701	-0.58996	0.029489
-3.6701	0.53975	0.032214
-3.6701	0.56485	0.054759
-3.6701	0.58996	0.10093
-3.6701	0.61506	0.11619
-3.6701	0.64017	0.12199
-3.6701	0.66527	0.10361
-3.6701	0.69038	0.083593
-3.6701	0.71548	0.039869
-3.6451	-2.046	0.036449
-3.6451	-2.0209	0.040862
-3.6451	-1.9958	0.039784
-3.6451	-1.9707	0.034603
-3.6451	-1.9456	0.027508
-3.6451	-0.76569	0.027638
-3.6451	-0.74059	0.042477
-3.6451	-0.71548	0.058318
-3.6451	-0.69038	0.082952
-3.6451	-0.66527	0.087012
-3.6451	-0.64017	0.073955
-3.6451	-0.61506	0.059095
-3.6451	-0.58996	0.042033
-3.6451	0.53975	0.040912
-3.6451	0.56485	0.068831
-3.6451	0.58996	0.12837
-3.6451	0.61506	0.14985
-3.6451	0.64017	0.16
-3.6451	0.66527	0.14147
-3.6451	0.69038	0.11671
-3.6451	0.71548	0.058232
-3.6451	0.74059	0.033551
-3.62	-2.0711	0.025966
-3.62	-2.046	0.042947
-3.62	-2.0209	0.047909
-3.62	-1.9958	0.046326
-3.62	-1.9707	0.040146
-3.62	-1.9456	0.03175
-3.62	-0.76569	0.026524
-3.62	-0.74059	0.04144
-3.62	-0.71548	0.057979
-3.62	-0.69038	0.085746
-3.62	-0.66527	0.091612
-3.62	-0.64017	0.080325
-3.62	-0.61506	0.064866
-3.62	-0.58996	0.04634
-3.62	0.53975	0.045041
-3.62	0.56485	0.075515
-3.62	0.58996	0.1431
-3.62	0.61506	0.16915
-3.62	0.64017	0.18313
-3.62	0.66527	0.16657
-3.62	0.69038	0.13921
-3.62	0.71548	0.070686
-3.62	0.74059	0.040664
-3.595	-2.0711	0.026945
-3.595	-2.046	0.043417
-3.595	-2.0209	0.047991
-3.595	-1.9958	0.045658
-3.595	-1.9707	0.039215
-3.595	-1.9456	0.030678
-3.595	-0.71548	0.032919
-3.595	-0.69038	0.05299
-3.595	-0.66527	0.058686
-3.595	-0.64017	0.054525
-3.595	-0.61506	0.044937
-3.595	-0.58996	0.03248
-3.595	0.53975	0.035469
-3.595	0.56485	0.060744
-3.595	0.58996	0.12136
-3.595	0.61506	0.14737
-3.595	0.64017	0.16372
-3.595	0.66527	0.15596
-3.595	0.69038	0.13285
-3.595	0.71548	0.069054
-3.595	0.74059	0.039592
-3.5699	-2.0711	0.029023
-3.5699	-2.046	0.04547
-3.5699	-2.0209	0.04972
-3.5699	-1.9958	0.046339
-3.5699	-1.9707	0.039341
-3.5699	-1.9456	0.030344
-3.5699	0.58996	0.054812
-3.5699	0.61506	0.071241
-3.5699	0.64017	0.08404
-3.5699	0.66527	0.088379
-3.5699	0.69038	0.0783
-3.5699	0.71548	0.04293
-3.5699	0.74059	0.02475
-3.5449	-2.0711	0.031625
-3.5449	-2.046	0.048461
-3.5449	-2.0209	0.052541
-3.5449	-1.9958	0.04814
-3.5449	-1.9707	0.040446
-3.5449	-1.9456	0.03078
-3.5198	-2.0711	0.028795
-3.5198	-2.046	0.043477
-3.5198	-2.0209	0.046887
-3.5198	-1.9958	0.042475
-3.5198	-1.9707	0.035403
-3.5198	-1.9456	0.026635
-3.5198	-0.76569	0.030469
-3.5198	-0.74059	0.033106
-3.5198	-0.71548	0.032162
-3.4948	-2.046	0.028197
-3.4948	-2.0209	0.030087
-3.4948	-1.9958	0.02661
-3.4948	-0.8159	0.046762
-3.4948	-0.79079	0.081521
-3.4948	-0.76569	0.15769
-3.4948	-0.74059	0.18584
-3.4948	-0.71548	0.19971
-3.4948	-0.69038	0.17778
-3.4948	-0.66527	0.14694
-3.4948	-0.64017	0.073972
-3.4948	-0.61506	0.043271
-3.4948	0.36402	0.025044
-3.4948	0.48954	0.026372
-3.4948	0.51464	0.058449
-3.4948	0.53975	0.13784
-3.4948	0.56485	0.16979
-3.4948	0.58996	0.18796
-3.4948	0.61506	0.17193
-3.4948	0.64017	0.14363
-3.4948	0.66527	0.074958
-3.4948	0.69038	0.045749
-3.4697	-0.8159	0.084825
-3.4697	-0.79079	0.14496
-3.4697	-0.76569	0.27904
-3.4697	-0.74059	0.33115
-3.4697	-0.71548	0.35977
-3.4697	-0.69038	0.33039
-3.4697	-0.66527	0.2784
-3.4697	-0.64017	0.14615
-3.4697	-0.61506	0.087123
-3.4697	-0.58996	0.04268
-3.4697	0.36402	0.031138
-3.4697	0.38912	0.026462
-3.4697	0.48954	0.052529
-3.4697	0.51464	0.11257
-3.4697	0.53975	0.27029
-3.4697	0.56485	0.34193
-3.4697	0.58996	0.4073
-3.4697	0.61506	0.38974
-3.4697	0.64017	0.34254
-3.4697	0.66527	0.20151
-3.4697	0.69038	0.1319
-3.4697	0.71548	0.035615
-3.4447	-0.841	0.026349
-3.4447	-0.8159	0.15233
-3.4447	-0.79079	0.25363
-3.4447	-0.76569	0.47653
-3.4447	-0.74059	0.56257
-3.4447	-0.71548	0.60952
-3.4447	-0.69038	0.55893
-3.4447	-0.66527	0.47079
-3.4447	-0.64017	0.24561
-3.4447	-0.61506	0.14465
-3.4447	-0.58996	0.068786
-3.4447	0.36402	0.025677
-3.4447	0.48954	0.065381
-3.4447	0.51464	0.13537
-3.4447	0.53975	0.324
-3.4447	0.56485	0.41454
-3.4447	0.58996	0.51112
-3.4447	0.61506	0.49945
-3.4447	0.64017	0.44898
-3.4447	0.66527	0.27688
-3.4447	0.69038	0.18529
-3.4447	0.71548	0.051125
-3.4196	-0.96653	0.027556
-3.4196	-0.94142	0.031772
-3.4196	-0.841	0.057891
-3.4196	-0.8159	0.29213
-3.4196	-0.79079	0.474
-3.4196	-0.76569	0.8654
-3.4196	-0.74059	1.0125
-3.4196	-0.71548	1.0892
-3.4196	-0.69038	0.98601
-3.4196	-0.66527	0.82431
-3.4196	-0.64017	0.41948
-3.4196	-0.61506	0.24093
-3.4196	-0.58996	0.10912
-3.4196	-0.51464	0.043695
-3.4196	-0.48954	0.052639
-3.4196	-0.46444	0.048999
-3.4196	0.48954	0.065577
-3.4196	0.51464	0.13179
-3.4196	0.53975	0.31247
-3.4196	0.56485	0.40173
-3.4196	0.58996	0.50354
-3.4196	0.61506	0.4968
-3.4196	0.64017	0.45086
-3.4196	0.66527	0.28226
-3.4196	0.69038	0.18931
-3.4196	0.71548	0.050567
-3.4196	1.8703	0.028581
-3.4196	1.8954	0.03138
-3.4196	1.9205	0.031487
-3.4196	1.9456	0.024501
-3.3946	-0.99163	0.029147
-3.3946	-0.96653	0.042874
-3.3946	-0.94142	0.045143
-3.3946	-0.91632	0.028627
-3.3946	-0.86611	0.029643
-3.3946	-0.841	0.12028
-3.3946	-0.8159	0.54511
-3.3946	-0.79079	0.86652
-3.3946	-0.76569	1.5477
-3.3946	-0.74059	1.7989
-3.3946	-0.71548	1.9244
-3.3946	-0.69038	1.7227
-3.3946	-0.66527	1.4291
-3.3946	-0.64017	0.70693
-3.3946	-0.61506	0.39401
-3.3946	-0.58996	0.16795
-3.3946	-0.51464	0.098484
-3.3946	-0.48954	0.11327
-3.3946	-0.46444	0.10192
-3.3946	-0.43933	0.03818
-3.3946	-0.33891	0.028969
-3.3946	-0.31381	0.034982
-3.3946	-0.2887	0.026477
-3.3946	0.48954	0.058012
-3.3946	0.51464	0.11526
-3.3946	0.53975	0.27651
-3.3946	0.56485	0.35947
-3.3946	0.58996	0.46126
-3.3946	0.61506	0.45998
-3.3946	0.64017	0.42123
-3.3946	0.66527	0.26622
-3.3946	0.69038	0.17794
-3.3946	0.71548	0.044946
-3.3946	1.8954	0.025618
-3.3946	1.9205	0.026188
-3.3695	-0.99163	0.032804
-3.3695	-0.96653	0.046477
-3.3695	-0.94142	0.044954
-3.3695	-0.91632	0.025759
-3.3695	-0.86611	0.051225
-3.3695	-0.841	0.17915
-3.3695	-0.8159	0.75089
-3.3695	-0.79079	1.1792
-3.3695	-0.76569	2.0895
-3.3695	-0.74059	2.428
-3.3695	-0.71548	2.5988
-3.3695	-0.69038	2.3261
-3.3695	-0.66527	1.9246
-3.3695	-0.64017	0.93214
-3.3695	-0.61506	0.50422
-3.3695	-0.58996	0.20055
-3.3695	-0.53975	0.044686
-3.3695	-0.51464	0.1779
-3.3695	-0.48954	0.1967
-3.3695	-0.46444	0.17154
-3.3695	-0.43933	0.057917
-3.3695	-0.36402	0.038775
-3.3695	-0.33891	0.065261
-3.3695	-0.31381	0.073752
-3.3695	-0.2887	0.054143
-3.3695	-0.2636	0.02903
-3.3695	-0.18828	0.030001
-3.3695	-0.16318	0.037663
-3.3695	-0.13808	0.036467
-3.3695	0.48954	0.036344
-3.3695	0.51464	0.075766
-3.3695	0.53975	0.19999
-3.3695	0.56485	0.27115
-3.3695	0.58996	0.37334
-3.3695	0.61506	0.38305
-3.3695	0.64017	0.35928
-3.3695	0.66527	0.23425
-3.3695	0.69038	0.15712
-3.3695	0.71548	0.037472
-3.3695	0.8159	0.024877
-3.3695	0.841	0.025178
-3.3445	-0.99163	0.024649
-3.3445	-0.96653	0.033561
-3.3445	-0.94142	0.029351
-3.3445	-0.86611	0.055157
-3.3445	-0.841	0.17191
-3.3445	-0.8159	0.67159
-3.3445	-0.79079	1.0413
-3.3445	-0.76569	1.8253
-3.3445	-0.74059	2.1166
-3.3445	-0.71548	2.2627
-3.3445	-0.69038	2.0179
-3.3445	-0.66527	1.6616
-3.3445	-0.64017	0.78317
-3.3445	-0.61506	0.40838
-3.3445	-0.58996	0.14875
-3.3445	-0.53975	0.063757
-3.3445	-0.51464	0.2033
-3.3445	-0.48954	0.21678
-3.3445	-0.46444	0.18319
-3.3445	-0.43933	0.054746
-3.3445	-0.36402	0.059252
-3.3445	-0.33891	0.093325
-3.3445	-0.31381	0.098943
-3.3445	-0.2887	0.070129
-3.3445	-0.2636	0.035176
-3.3445	-0.18828	0.055338
-3.3445	-0.16318	0.067397
-3.3445	-0.13808	0.063944
-3.3445	-0.11297	0.024893
-3.3445	-0.012552	0.036245
-3.3445	0.012552	0.044468
-3.3445	0.037657	0.033999
-3.3445	0.16318	0.026127
-3.3445	0.18828	0.025912
-3.3445	0.53975	0.057588
-3.3445	0.56485	0.096126
-3.3445	0.58996	0.17697
-3.3445	0.61506	0.20159
-3.3445	0.64017	0.20594
-3.3445	0.66527	0.1519
-3.3445	0.69038	0.10579
-3.3445	0.71548	0.024809
-3.3445	0.8159	0.028036
-3.3445	0.841	0.027414
-3.3194	-0.86611	0.048996
-3.3194	-0.841	0.13872
-3.3194	-0.8159	0.5046
-3.3194	-0.79079	0.76904
-3.3194	-0.76569	1.3186
-3.3194	-0.74059	1.5164
-3.3194	-0.71548	1.6084
-3.3194	-0.69038	1.4088
-3.3194	-0.66527	1.1455
-3.3194	-0.64017	0.51547
-3.3194	-0.61506	0.2553
-3.3194	-0.58996	0.082434
-3.3194	-0.53975	0.065321
-3.3194	-0.51464	0.17206
-3.3194	-0.48954	0.17594
-3.3194	-0.46444	0.14276
-3.3194	-0.43933	0.036226
-3.3194	-0.36402	0.06221
-3.3194	-0.33891	0.091841
-3.3194	-0.31381	0.089952
-3.3194	-0.2887	0.060722
-3.3194	-0.2636	0.027787
-3.3194	-0.18828	0.06482
-3.3194	-0.16318	0.076002
-3.3194	-0.13808	0.069839
-3.3194	-0.037657	0.032067
-3.3194	-0.012552	0.053144
-3.3194	0.012552	0.061992
-3.3194	0.037657	0.046141
-3.3194	0.062762	0.02449
-3.3194	0.13808	0.042434
-3.3194	0.16318	0.054184
-3.3194	0.18828	0.053904
-3.3194	0.31381	0.03389
-3.3194	0.33891	0.046566
-3.3194	0.36402	0.03768
-3.3194	0.46444	0.026279
-3.3194	0.48954	0.036705
-3.3194	0.51464	0.039426
-3.3194	0.66527	0.029066
-3.3194	0.69038	0.025292
-3.2944	-0.86611	0.04371
-3.2944	-0.841	0.11431
-3.2944	-0.8159	0.38944
-3.2944	-0.79079	0.58325
-3.2944	-0.76569	0.97568
-3.2944	-0.74059	1.1106
-3.2944	-0.71548	1.166
-3.2944	-0.69038	0.99723
-3.2944	-0.66527	0.79774
-3.2944	-0.64017	0.33876
-3.2944	-0.61506	0.15735
-3.2944	-0.58996	0.043262
-3.2944	-0.53975	0.063483
-3.2944	-0.51464	0.14145
-3.2944	-0.48954	0.13827
-3.2944	-0.46444	0.10703
-3.2944	-0.36402	0.060408
-3.2944	-0.33891	0.083717
-3.2944	-0.31381	0.0748
-3.2944	-0.2887	0.047468
-3.2944	-0.18828	0.065796
-3.2944	-0.16318	0.073747
-3.2944	-0.13808	0.064928
-3.2944	-0.037657	0.039663
-3.2944	-0.012552	0.061624
-3.2944	0.012552	0.066489
-3.2944	0.037657	0.047199
-3.2944	0.13808	0.060277
-3.2944	0.16318	0.074393
-3.2944	0.18828	0.072118
-3.2944	0.21339	0.02887
-3.2944	0.2887	0.037179
-3.2944	0.31381	0.067337
-3.2944	0.33891	0.092213
-3.2944	0.36402	0.07511
-3.2944	0.46444	0.1248
-3.2944	0.48954	0.20048
-3.2944	0.51464	0.26619
-3.2944	0.53975	0.31253
-3.2944	0.56485	0.28561
-3.2944	0.58996	0.17184
-3.2944	0.61506	0.11132
-3.2944	0.64017	0.062324
-3.2693	-0.86611	0.041406
-3.2693	-0.841	0.10153
-3.2693	-0.8159	0.32719
-3.2693	-0.79079	0.48264
-3.2693	-0.76569	0.78989
-3.2693	-0.74059	0.89072
-3.2693	-0.71548	0.92616
-3.2693	-0.69038	0.77318
-3.2693	-0.66527	0.60784
-3.2693	-0.64017	0.24191
-3.2693	-0.61506	0.10405
-3.2693	-0.53975	0.065435
-3.2693	-0.51464	0.12598
-3.2693	-0.48954	0.11769
-3.2693	-0.46444	0.086559
-3.2693	-0.36402	0.062483
-3.2693	-0.33891	0.081606
-3.2693	-0.31381	0.066159
-3.2693	-0.2887	0.039062
-3.2693	-0.21339	0.024851
-3.2693	-0.18828	0.069735
-3.2693	-0.16318	0.074547
-3.2693	-0.13808	0.062521
-3.2693	-0.037657	0.049214
-3.2693	-0.012552	0.071782
-3.2693	0.012552	0.070721
-3.2693	0.037657	0.047241
-3.2693	0.13808	0.080125
-3.2693	0.16318	0.09473
-3.2693	0.18828	0.088312
-3.2693	0.21339	0.030551
-3.2693	0.2887	0.063611
-3.2693	0.31381	0.10833
-3.2693	0.33891	0.13993
-3.2693	0.36402	0.11032
-3.2693	0.43933	0.039356
-3.2693	0.46444	0.29439
-3.2693	0.48954	0.47711
-3.2693	0.51464	0.65351
-3.2693	0.53975	0.8566
-3.2693	0.56485	0.847
-3.2693	0.58996	0.63503
-3.2693	0.61506	0.48016
-3.2693	0.64017	0.32862
-3.2693	0.66527	0.10629
-3.2693	0.69038	0.046572
-3.2443	-0.86611	0.038697
-3.2443	-0.841	0.088899
-3.2443	-0.8159	0.27277
-3.2443	-0.79079	0.39831
-3.2443	-0.76569	0.644
-3.2443	-0.74059	0.72222
-3.2443	-0.71548	0.7458
-3.2443	-0.69038	0.60784
-3.2443	-0.66527	0.46734
-3.2443	-0.64017	0.16799
-3.2443	-0.61506	0.062622
-3.2443	-0.56485	0.034329
-3.2443	-0.53975	0.078756
-3.2443	-0.51464	0.12628
-3.2443	-0.48954	0.11044
-3.2443	-0.46444	0.074855
-3.2443	-0.36402	0.079009
-3.2443	-0.33891	0.095219
-3.2443	-0.31381	0.066396
-3.2443	-0.2887	0.034442
-3.2443	-0.21339	0.041205
-3.2443	-0.18828	0.092073
-3.2443	-0.16318	0.091641
-3.2443	-0.13808	0.070952
-3.2443	-0.062762	0.043023
-3.2443	-0.037657	0.080052
-3.2443	-0.012552	0.10692
-3.2443	0.012552	0.090896
-3.2443	0.037657	0.054272
-3.2443	0.11297	0.048004
-3.2443	0.13808	0.13862
-3.2443	0.16318	0.15292
-3.2443	0.18828	0.13287
-3.2443	0.21339	0.034048
-3.2443	0.2636	0.063577
-3.2443	0.2887	0.14549
-3.2443	0.31381	0.22609
-3.2443	0.33891	0.25861
-3.2443	0.36402	0.18817
-3.2443	0.43933	0.15134
-3.2443	0.46444	0.85421
-3.2443	0.48954	1.3464
-3.2443	0.51464	1.8318
-3.2443	0.53975	2.4506
-3.2443	0.56485	2.4761
-3.2443	0.58996	1.9732
-3.2443	0.61506	1.5507
-3.2443	0.64017	1.1084
-3.2443	0.66527	0.39437
-3.2443	0.69038	0.17991
-3.2443	0.79079	0.028306
-3.2443	0.8159	0.02534
-3.2443	1.8201	0.036163
-3.2443	1.8452	0.04302
-3.2443	1.8703	0.045294
-3.2443	1.8954	0.040717
-3.2443	1.9205	0.033592
-3.2192	-0.86611	0.025244
-3.2192	-0.841	0.057342
-3.2192	-0.8159	0.17865
-3.2192	-0.79079	0.26444
-3.2192	-0.76569	0.44004
-3.2192	-0.74059	0.50002
-3.2192	-0.71548	0.5222
-3.2192	-0.69038	0.43101
-3.2192	-0.66527	0.33054
-3.2192	-0.64017	0.11249
-3.2192	-0.61506	0.037354
-3.2192	-0.56485	0.039454
-3.2192	-0.53975	0.080483
-3.2192	-0.51464	0.11824
-3.2192	-0.48954	0.099801
-3.2192	-0.46444	0.064198
-3.2192	-0.38912	0.025703
-3.2192	-0.36402	0.092449
-3.2192	-0.33891	0.10673
-3.2192	-0.31381	0.067752
-3.2192	-0.2887	0.031773
-3.2192	-0.21339	0.059782
-3.2192	-0.18828	0.11818
-3.2192	-0.16318	0.11261
-3.2192	-0.13808	0.082577
-3.2192	-0.062762	0.070263
-3.2192	-0.037657	0.12057
-3.2192	-0.012552	0.15298
-3.2192	0.012552	0.1178
-3.2192	0.037657	0.064377
-3.2192	0.087866	0.026115
-3.2192	0.11297	0.088635
-3.2192	0.13808	0.22079
-3.2192	0.16318	0.2327
-3.2192	0.18828	0.19215
-3.2192	0.21339	0.037752
-3.2192	0.2636	0.13246
-3.2192	0.2887	0.27356
-3.2192	0.31381	0.40186
-3.2192	0.33891	0.42038
-3.2192	0.36402	0.28586
-3.2192	0.41423	0.062165
-3.2192	0.43933	0.37061
-3.2192	0.46444	1.7953
-3.2192	0.48954	2.7618
-3.2192	0.51464	3.7058
-3.2192	0.53975	4.8974
-3.2192	0.56485	4.9388
-3.2192	0.58996	3.9348
-3.2192	0.61506	3.0924
-3.2192	0.64017	2.2074
-3.2192	0.66527	0.77188
-3.2192	0.69038	0.34136
-3.2192	0.76569	0.039136
-3.2192	0.79079	0.083383
-3.2192	0.8159	0.074535
-3.2192	0.841	0.028477
-3.2192	1.8201	0.042195
-3.2192	1.8452	0.0504
-3.2192	1.8703	0.054101
-3.2192	1.8954	0.04928
-3.2192	1.9205	0.041257
-3.1942	-0.8159	0.064462
-3.1942	-0.79079	0.098475
-3.1942	-0.76569	0.17356
-3.1942	-0.74059	0.20221
-3.1942	-0.71548	0.21584
-3.1942	-0.69038	0.18363
-3.1942	-0.66527	0.14142
-3.1942	-0.64017	0.045646
-3.1942	-0.56485	0.027927
-3.1942	-0.53975	0.052293
-3.1942	-0.51464	0.072071
-3.1942	-0.48954	0.059064
-3.1942	-0.46444	0.036055
-3.1942	-0.38912	0.024617
-3.1942	-0.36402	0.075869
-3.1942	-0.33891	0.084879
-3.1942	-0.31381	0.049597
-3.1942	-0.23849	0.028025
-3.1942	-0.21339	0.065611
-3.1942	-0.18828	0.1185
-3.1942	-0.16318	0.1091
-3.1942	-0.13808	0.076158
-3.1942	-0.062762	0.094993
-3.1942	-0.037657	0.15344
-3.1942	-0.012552	0.18727
-3.1942	0.012552	0.1324
-3.1942	0.037657	0.065706
-3.1942	0.087866	0.051642
-3.1942	0.11297	0.14631
-3.1942	0.13808	0.32499
-3.1942	0.16318	0.32969
-3.1942	0.18828	0.2596
-3.1942	0.21339	0.036456
-3.1942	0.2636	0.26117
-3.1942	0.2887	0.49748
-3.1942	0.31381	0.6974
-3.1942	0.33891	0.67125
-3.1942	0.36402	0.42366
-3.1942	0.41423	0.19716
-3.1942	0.43933	0.88337
-3.1942	0.46444	3.7878
-3.1942	0.48954	5.7073
-3.1942	0.51464	7.5648
-3.1942	0.53975	9.8738
-3.1942	0.56485	9.9226
-3.1942	0.58996	7.8582
-3.1942	0.61506	6.1489
-3.1942	0.64017	4.358
-3.1942	0.66527	1.4709
-3.1942	0.69038	0.6201
-3.1942	0.74059	0.029167
-3.1942	0.76569	0.1181
-3.1942	0.79079	0.21759
-3.1942	0.8159	0.1896
-3.1942	0.841	0.068117
-3.1942	0.94142	0.027612
-3.1942	0.96653	0.031088
-3.1942	1.8201	0.046584
-3.1942	1.8452	0.05576
-3.1942	1.8703	0.060495
-3.1942	1.8954	0.055461
-3.1942	1.9205	0.04672
-3.1942	1.9456	0.025097
-3.1691	-0.76569	0.041374
-3.1691	-0.74059	0.050968
-3.1691	-0.71548	0.056933
-3.1691	-0.69038	0.05147
-3.1691	-0.66527	0.040117
-3.1691	-0.51464	0.02943
-3.1691	-0.36402	0.040274
-3.1691	-0.33891	0.043454
-3.1691	-0.21339	0.044899
-3.1691	-0.18828	0.074298
-3.1691	-0.16318	0.065869
-3.1691	-0.13808	0.043382
-3.1691	-0.062762	0.079479
-3.1691	-0.037657	0.12203
-3.1691	-0.012552	0.14392
-3.1691	0.012552	0.093327
-3.1691	0.037657	0.04124
-3.1691	0.087866	0.062115
-3.1691	0.11297	0.1545
-3.1691	0.13808	0.31426
-3.1691	0.16318	0.30897
-3.1691	0.18828	0.23263
-3.1691	0.2636	0.35327
-3.1691	0.2887	0.63428
-3.1691	0.31381	0.85981
-3.1691	0.33891	0.77343
-3.1691	0.36402	0.45107
-3.1691	0.41423	0.42435
-3.1691	0.43933	1.5744
-3.1691	0.46444	6.223
-3.1691	0.48954	9.2937
-3.1691	0.51464	12.297
-3.1691	0.53975	16.149
-3.1691	0.56485	16.311
-3.1691	0.58996	13.033
-3.1691	0.61506	10.219
-3.1691	0.64017	7.2305
-3.1691	0.66527	2.3677
-3.1691	0.69038	0.94577
-3.1691	0.74059	0.099206
-3.1691	0.76569	0.29841
-3.1691	0.79079	0.4874
-3.1691	0.8159	0.41331
-3.1691	0.841	0.13675
-3.1691	0.86611	0.039189
-3.1691	0.91632	0.049325
-3.1691	0.94142	0.083921
-3.1691	0.96653	0.089777
-3.1691	0.99163	0.063997
-3.1691	1.0167	0.033981
-3.1691	1.8201	0.048042
-3.1691	1.8452	0.058123
-3.1691	1.8703	0.064468
-3.1691	1.8954	0.059686
-3.1691	1.9205	0.050688
-3.1691	1.9456	0.027423
-3.1441	-0.21339	0.02524
-3.1441	-0.18828	0.0378
-3.1441	-0.16318	0.031871
-3.1441	-0.062762	0.050079
-3.1441	-0.037657	0.072705
-3.1441	-0.012552	0.082042
-3.1441	0.012552	0.047223
-3.1441	0.087866	0.049936
-3.1441	0.11297	0.11106
-3.1441	0.13808	0.20454
-3.1441	0.16318	0.19267
-3.1441	0.18828	0.13647
-3.1441	0.2636	0.29856
-3.1441	0.2887	0.50612
-3.1441	0.31381	0.66051
-3.1441	0.33891	0.54511
-3.1441	0.36402	0.28643
-3.1441	0.38912	0.042942
-3.1441	0.41423	0.51752
-3.1441	0.43933	1.6704
-3.1441	0.46444	6.1603
-3.1441	0.48954	9.1282
-3.1441	0.51464	12.064
-3.1441	0.53975	15.97
-3.1441	0.56485	16.233
-3.1441	0.58996	13.139
-3.1441	0.61506	10.346
-3.1441	0.64017	7.3243
-3.1441	0.66527	2.3289
-3.1441	0.69038	0.87326
-3.1441	0.74059	0.18877
-3.1441	0.76569	0.46548
-3.1441	0.79079	0.69488
-3.1441	0.8159	0.57692
-3.1441	0.841	0.17518
-3.1441	0.86611	0.04171
-3.1441	0.91632	0.1059
-3.1441	0.94142	0.16856
-3.1441	0.96653	0.17237
-3.1441	0.99163	0.12034
-3.1441	1.0167	0.061108
-3.1441	1.0921	0.03113
-3.1441	1.1172	0.062844
-3.1441	1.1423	0.057691
-3.1441	1.8201	0.039489
-3.1441	1.8452	0.049864
-3.1441	1.8703	0.059396
-3.1441	1.8954	0.056588
-3.1441	1.9205	0.049217
-3.1441	1.9456	0.02745
-3.119	-0.062762	0.031027
-3.119	-0.037657	0.042622
-3.119	-0.012552	0.045848
-3.119	0.087866	0.037187
-3.119	0.11297	0.074936
-3.119	0.13808	0.12397
-3.119	0.16318	0.11075
-3.119	0.18828	0.072541
-3.119	0.2636	0.21913
-3.119	0.2887	0.34956
-3.119	0.31381	0.43528
-3.119	0.33891	0.31957
-3.119	0.36402	0.14532
-3.119	0.38912	0.068128
-3.119	0.41423	0.48412
-3.119	0.43933	1.3892
-3.119	0.46444	4.72
-3.119	0.48954	6.8626
-3.119	0.51464	8.9512
-3.119	0.53975	11.641
-3.119	0.56485	11.751
-3.119	0.58996	9.3746
-3.119	0.61506	7.3095
-3.119	0.64017	5.1018
-3.119	0.66527	1.5207
-3.119	0.69038	0.51851
-3.119	0.74059	0.2125
-3.119	0.76569	0.44847
-3.119	0.79079	0.60629
-3.119	0.8159	0.48714
-3.119	0.841	0.13035
-3.119	0.91632	0.12789
-3.119	0.94142	0.19122
-3.119	0.96653	0.18448
-3.119	0.99163	0.12466
-3.119	1.0167	0.059309
-3.119	1.0921	0.050173
-3.119	1.1172	0.093251
-3.119	1.1423	0.084421
-3.119	1.1674	0.029584
-3.119	1.2678	0.037676
-3.119	1.2929	0.041768
-3.119	1.318	0.030322
-3.119	1.8703	0.030918
-3.119	1.8954	0.032826
-3.119	1.9205	0.031189
-3.0939	-0.841	0.025414
-3.0939	-0.8159	0.040131
-3.0939	-0.79079	0.043394
-3.0939	-0.76569	0.038628
-3.0939	-0.74059	0.031722
-3.0939	-0.037657	0.025913
-3.0939	-0.012552	0.026632
-3.0939	0.087866	0.028657
-3.0939	0.11297	0.053082
-3.0939	0.13808	0.07921
-3.0939	0.16318	0.066857
-3.0939	0.18828	0.039979
-3.0939	0.2636	0.16739
-3.0939	0.2887	0.25197
-3.0939	0.31381	0.29889
-3.0939	0.33891	0.19173
-3.0939	0.36402	0.072008
-3.0939	0.38912	0.087864
-3.0939	0.41423	0.44914
-3.0939	0.43933	1.1677
-3.0939	0.46444	3.6578
-3.0939	0.48954	5.1989
-3.0939	0.51464	6.6605
-3.0939	0.53975	8.4124
-3.0939	0.56485	8.3784
-3.0939	0.58996	6.4906
-3.0939	0.61506	4.9687
-3.0939	0.64017	3.3864
-3.0939	0.66527	0.92005
-3.0939	0.69038	0.27528
-3.0939	0.71548	0.040357
-3.0939	0.74059	0.20506
-3.0939	0.76569	0.3797
-3.0939	0.79079	0.45917
-3.0939	0.8159	0.35238
-3.0939	0.841	0.078904
-3.0939	0.91632	0.12089
-3.0939	0.94142	0.16891
-3.0939	0.96653	0.1493
-3.0939	0.99163	0.095624
-3.0939	1.0167	0.04122
-3.0939	1.0921	0.054686
-3.0939	1.1172	0.091317
-3.0939	1.1423	0.079886
-3.0939	1.1674	0.024741
-3.0939	1.2427	0.030108
-3.0939	1.2678	0.04724
-3.0939	1.2929	0.049887
-3.0939	1.318	0.035272
-3.0939	1.4184	0.026566
-3.0939	1.4435	0.032191
-3.0939	1.4686	0.030428
-3.0689	-0.86611	0.041051
-3.0689	-0.841	0.062469
-3.0689	-0.8159	0.10297
-3.0689	-0.79079	0.11489
-3.0689	-0.76569	0.11089
-3.0689	-0.74059	0.095749
-3.0689	-0.71548	0.075239
-3.0689	-0.69038	0.032837
-3.0689	0.11297	0.039136
-3.0689	0.13808	0.053178
-3.0689	0.16318	0.042337
-3.0689	0.2636	0.13632
-3.0689	0.2887	0.19463
-3.0689	0.31381	0.2202
-3.0689	0.33891	0.1216
-3.0689	0.36402	0.035169
-3.0689	0.38912	0.10799
-3.0689	0.41423	0.43972
-3.0689	0.43933	1.0535
-3.0689	0.46444	3.0661
-3.0689	0.48954	4.2637
-3.0689	0.51464	5.3657
-3.0689	0.53975	6.5735
-3.0689	0.56485	6.4514
-3.0689	0.58996	4.8355
-3.0689	0.61506	3.6248
-3.0689	0.64017	2.4035
-3.0689	0.66527	0.58465
-3.0689	0.69038	0.14726
-3.0689	0.71548	0.05734
-3.0689	0.74059	0.20132
-3.0689	0.76569	0.33399
-3.0689	0.79079	0.36148
-3.0689	0.8159	0.26342
-3.0689	0.841	0.047146
-3.0689	0.91632	0.11412
-3.0689	0.94142	0.14922
-3.0689	0.96653	0.11936
-3.0689	0.99163	0.071498
-3.0689	1.0167	0.027074
-3.0689	1.0669	0.026194
-3.0689	1.0921	0.055774
-3.0689	1.1172	0.082909
-3.0689	1.1423	0.069257
-3.0689	1.2427	0.033817
-3.0689	1.2678	0.049725
-3.0689	1.2929	0.048371
-3.0689	1.318	0.032526
-3.0689	1.4184	0.033417
-3.0689	1.4435	0.039116
-3.0689	1.4686	0.035986
-3.0689	1.5941	0.025372
-3.0689	1.6192	0.03113
-3.0689	1.7448	0.031176
-3.0689	1.7699	0.047245
-3.0689	1.795	0.059306
-3.0689	1.8201	0.062332
-3.0689	1.8452	0.053886
-3.0689	1.8703	0.028977
-3.0438	-0.89121	0.044206
-3.0438	-0.86611	0.078201
-3.0438	-0.841	0.11972
-3.0438	-0.8159	0.2029
-3.0438	-0.79079	0.23052
-3.0438	-0.76569	0.23163
-3.0438	-0.74059	0.20422
-3.0438	-0.71548	0.16376
-3.0438	-0.69038	0.073653
-3.0438	-0.66527	0.038068
-3.0438	0.11297	0.0285
-3.0438	0.13808	0.035858
-3.0438	0.16318	0.026944
-3.0438	0.2636	0.11601
-3.0438	0.2887	0.15811
-3.0438	0.31381	0.17107
-3.0438	0.33891	0.079947
-3.0438	0.38912	0.13182
-3.0438	0.41423	0.45459
-3.0438	0.43933	1.0182
-3.0438	0.46444	2.7803
-3.0438	0.48954	3.7916
-3.0438	0.51464	4.6949
-3.0438	0.53975	5.5905
-3.0438	0.56485	5.4093
-3.0438	0.58996	3.9223
-3.0438	0.61506	2.8763
-3.0438	0.64017	1.8515
-3.0438	0.66527	0.39614
-3.0438	0.69038	0.078974
-3.0438	0.71548	0.076619
-3.0438	0.74059	0.20885
-3.0438	0.76569	0.31559
-3.0438	0.79079	0.30679
-3.0438	0.8159	0.21148
-3.0438	0.841	0.028547
-3.0438	0.91632	0.11445
-3.0438	0.94142	0.1406
-3.0438	0.96653	0.10124
-3.0438	0.99163	0.05612
-3.0438	1.0669	0.031273
-3.0438	1.0921	0.059208
-3.0438	1.1172	0.078446
-3.0438	1.1423	0.062224
-3.0438	1.2427	0.038214
-3.0438	1.2678	0.052706
-3.0438	1.2929	0.046623
-3.0438	1.318	0.029419
-3.0438	1.4184	0.039349
-3.0438	1.4435	0.044068
-3.0438	1.4686	0.038915
-3.0438	1.5941	0.035409
-3.0438	1.6192	0.040882
-3.0438	1.6444	0.030407
-3.0438	1.7448	0.062768
-3.0438	1.7699	0.09594
-3.0438	1.795	0.12413
-3.0438	1.8201	0.14529
-3.0438	1.8452	0.13569
-3.0438	1.8703	0.090558
-3.0438	1.8954	0.064512
-3.0438	1.9205	0.041546
-3.0188	-0.89121	0.034057
-3.0188	-0.86611	0.061637
-3.0188	-0.841	0.097812
-3.0188	-0.8159	0.18118
-3.0188	-0.79079	0.21595
-3.0188	-0.76569	0.23878
-3.0188	-0.74059	0.22025
-3.0188	-0.71548	0.18397
-3.0188	-0.69038	0.087105
-3.0188	-0.66527	0.04441
-3.0188	-0.56485	0.028447
-3.0188	-0.53975	0.029227
-3.0188	0.2636	0.08722
-3.0188	0.2887	0.11338
-3.0188	0.31381	0.11642
-3.0188	0.33891	0.040974
-3.0188	0.38912	0.17355
-3.0188	0.41423	0.50395
-3.0188	0.43933	1.0477
-3.0188	0.46444	2.6685
-3.0188	0.48954	3.5646
-3.0188	0.51464	4.3385
-3.0188	0.53975	5.0053
-3.0188	0.56485	4.7607
-3.0188	0.58996	3.3022
-3.0188	0.61506	2.3444
-3.0188	0.64017	1.4402
-3.0188	0.66527	0.24383
-3.0188	0.69038	0.02726
-3.0188	0.71548	0.11862
-3.0188	0.74059	0.24856
-3.0188	0.76569	0.33411
-3.0188	0.79079	0.27817
-3.0188	0.8159	0.17501
-3.0188	0.89121	0.034944
-3.0188	0.91632	0.13226
-3.0188	0.94142	0.14892
-3.0188	0.96653	0.090755
-3.0188	0.99163	0.043703
-3.0188	1.0669	0.044859
-3.0188	1.0921	0.073419
-3.0188	1.1172	0.082229
-3.0188	1.1423	0.059843
-3.0188	1.2427	0.050733
-3.0188	1.2678	0.063886
-3.0188	1.2929	0.04837
-3.0188	1.318	0.027148
-3.0188	1.4184	0.052953
-3.0188	1.4435	0.055188
-3.0188	1.4686	0.045272
-3.0188	1.569	0.037952
-3.0188	1.5941	0.05554
-3.0188	1.6192	0.056516
-3.0188	1.6444	0.038648
-3.0188	1.7197	0.027046
-3.0188	1.7448	0.1333
-3.0188	1.7699	0.1979
-3.0188	1.795	0.25384
-3.0188	1.8201	0.3019
-3.0188	1.8452	0.28744
-3.0188	1.8703	0.2029
-3.0188	1.8954	0.14983
-3.0188	1.9205	0.10049
-3.0188	1.9456	0.03129
-2.9937	-0.841	0.036288
-2.9937	-0.8159	0.070646
-2.9937	-0.79079	0.08637
-2.9937	-0.76569	0.10021
-2.9937	-0.74059	0.094413
-2.9937	-0.71548	0.080259
-2.9937	-0.69038	0.038413
-2.9937	0.2636	0.050453
-2.9937	0.2887	0.066617
-2.9937	0.31381	0.068623
-2.9937	0.38912	0.17741
-2.9937	0.41423	0.48331
-2.9937	0.43933	0.98387
-2.9937	0.46444	2.4888
-2.9937	0.48954	3.3312
-2.9937	0.51464	4.0646
-2.9937	0.53975	4.7011
-2.9937	0.56485	4.4647
-2.9937	0.58996	3.0553
-2.9937	0.61506	2.1347
-2.9937	0.64017	1.2747
-2.9937	0.66527	0.17866
-2.9937	0.71548	0.16114
-2.9937	0.74059	0.2976
-2.9937	0.76569	0.37519
-2.9937	0.79079	0.28363
-2.9937	0.8159	0.16702
-2.9937	0.89121	0.05327
-2.9937	0.91632	0.16051
-2.9937	0.94142	0.17122
-2.9937	0.96653	0.092773
-2.9937	0.99163	0.039791
-2.9937	1.0418	0.025579
-2.9937	1.0669	0.062083
-2.9937	1.0921	0.093581
-2.9937	1.1172	0.093917
-2.9937	1.1423	0.064133
-2.9937	1.2427	0.067135
-2.9937	1.2678	0.079792
-2.9937	1.2929	0.054009
-2.9937	1.318	0.027549
-2.9937	1.3933	0.031725
-2.9937	1.4184	0.069526
-2.9937	1.4435	0.068917
-2.9937	1.4686	0.05347
-2.9937	1.569	0.056594
-2.9937	1.5941	0.078091
-2.9937	1.6192	0.072178
-2.9937	1.6444	0.045928
-2.9937	1.7197	0.050902
-2.9937	1.7448	0.21535
-2.9937	1.7699	0.31141
-2.9937	1.795	0.3931
-2.9937	1.8201	0.45979
-2.9937	1.8452	0.43596
-2.9937	1.8703	0.30633
-2.9937	1.8954	0.22574
-2.9937	1.9205	0.15087
-2.9937	1.9456	0.045947
-2.9687	-0.76569	0.02946
-2.9687	-0.74059	0.028477
-2.9687	-0.71548	0.024671
-2.9687	0.38912	0.093796
-2.9687	0.41423	0.25805
-2.9687	0.43933	0.54445
-2.9687	0.46444	1.5006
-2.9687	0.48954	2.0934
-2.9687	0.51464	2.6547
-2.9687	0.53975	3.2806
-2.9687	0.56485	3.2
-2.9687	0.58996	2.2702
-2.9687	0.61506	1.5941
-2.9687	0.64017	0.94145
-2.9687	0.66527	0.1073
-2.9687	0.71548	0.19465
-2.9687	0.74059	0.32873
-2.9687	0.76569	0.39619
-2.9687	0.79079	0.27809
-2.9687	0.8159	0.15354
-2.9687	0.89121	0.079266
-2.9687	0.91632	0.19988
-2.9687	0.94142	0.20358
-2.9687	0.96653	0.098221
-2.9687	0.99163	0.036685
-2.9687	1.0418	0.043047
-2.9687	1.0669	0.090822
-2.9687	1.0921	0.12753
-2.9687	1.1172	0.11532
-2.9687	1.1423	0.073581
-2.9687	1.2176	0.028253
-2.9687	1.2427	0.096344
-2.9687	1.2678	0.10838
-2.9687	1.2929	0.065192
-2.9687	1.318	0.029677
-2.9687	1.3933	0.051956
-2.9687	1.4184	0.098943
-2.9687	1.4435	0.093145
-2.9687	1.4686	0.067986
-2.9687	1.569	0.089952
-2.9687	1.5941	0.11728
-2.9687	1.6192	0.097695
-2.9687	1.6444	0.057052
-2.9687	1.7197	0.097899
-2.9687	1.7448	0.36225
-2.9687	1.7699	0.5095
-2.9687	1.795	0.63092
-2.9687	1.8201	0.71915
-2.9687	1.8452	0.67524
-2.9687	1.8703	0.46597
-2.9687	1.8954	0.33991
-2.9687	1.9205	0.22431
-2.9687	1.9456	0.065209
-2.9687	1.9707	0.025333
-2.9436	0.41423	0.029032
-2.9436	0.43933	0.07491
-2.9436	0.46444	0.28247
-2.9436	0.48954	0.44589
-2.9436	0.51464	0.6295
-2.9436	0.53975	0.92864
-2.9436	0.56485	0.97429
-2.9436	0.58996	0.77615
-2.9436	0.61506	0.56691
-2.9436	0.64017	0.34091
-2.9436	0.66527	0.030676
-2.9436	0.71548	0.13384
-2.9436	0.74059	0.21608
-2.9436	0.76569	0.25714
-2.9436	0.79079	0.17631
-2.9436	0.8159	0.092515
-2.9436	0.86611	0.025081
-2.9436	0.89121	0.085233
-2.9436	0.91632	0.19293
-2.9436	0.94142	0.19178
-2.9436	0.96653	0.084676
-2.9436	0.99163	0.026904
-2.9436	1.0418	0.062334
-2.9436	1.0669	0.11908
-2.9436	1.0921	0.15908
-2.9436	1.1172	0.13304
-2.9436	1.1423	0.079644
-2.9436	1.2176	0.049034
-2.9436	1.2427	0.13976
-2.9436	1.2678	0.15017
-2.9436	1.2929	0.080621
-2.9436	1.318	0.032101
-2.9436	1.3682	0.039664
-2.9436	1.3933	0.089097
-2.9436	1.4184	0.15009
-2.9436	1.4435	0.13441
-2.9436	1.4686	0.091998
-2.9436	1.5439	0.036413
-2.9436	1.569	0.15377
-2.9436	1.5941	0.19003
-2.9436	1.6192	0.14196
-2.9436	1.6444	0.074888
-2.9436	1.6946	0.059698
-2.9436	1.7197	0.19863
-2.9436	1.7448	0.65336
-2.9436	1.7699	0.89389
-2.9436	1.795	1.0846
-2.9436	1.8201	1.1993
-2.9436	1.8452	1.1116
-2.9436	1.8703	0.74767
-2.9436	1.8954	0.53739
-2.9436	1.9205	0.34823
-2.9436	1.9456	0.095061
-2.9436	1.9707	0.034397
-2.9186	0.53975	0.058011
-2.9186	0.56485	0.078611
-2.9186	0.58996	0.087757
-2.9186	0.61506	0.071222
-2.9186	0.64017	0.045542
-2.9186	0.71548	0.03965
-2.9186	0.74059	0.062579
-2.9186	0.76569	0.074493
-2.9186	0.79079	0.050463
-2.9186	0.8159	0.02488
-2.9186	0.89121	0.043709
-2.9186	0.91632	0.092537
-2.9186	0.94142	0.090959
-2.9186	0.96653	0.037154
-2.9186	1.0418	0.049612
-2.9186	1.0669	0.089106
-2.9186	1.0921	0.11618
-2.9186	1.1172	0.093572
-2.9186	1.1423	0.053155
-2.9186	1.2176	0.056908
-2.9186	1.2427	0.14567
-2.9186	1.2678	0.153
-2.9186	1.2929	0.075649
-2.9186	1.318	0.025883
-2.9186	1.3682	0.063153
-2.9186	1.3933	0.12858
-2.9186	1.4184	0.19998
-2.9186	1.4435	0.17278
-2.9186	1.4686	0.11178
-2.9186	1.5439	0.072874
-2.9186	1.569	0.25605
-2.9186	1.5941	0.3035
-2.9186	1.6192	0.20536
-2.9186	1.6444	0.096522
-2.9186	1.6946	0.14313
-2.9186	1.7197	0.41168
-2.9186	1.7448	1.2324
-2.9186	1.7699	1.6489
-2.9186	1.795	1.9678
-2.9186	1.8201	2.1211
-2.9186	1.8452	1.9437
-2.9186	1.8703	1.2753
-2.9186	1.8954	0.9025
-2.9186	1.9205	0.57332
-2.9186	1.9456	0.14558
-2.9186	1.9707	0.048271
-2.8935	0.38912	0.030301
-2.8935	0.41423	0.049879
-2.8935	0.43933	0.067727
-2.8935	0.46444	0.081704
-2.8935	0.48954	0.074559
-2.8935	0.51464	0.060102
-2.8935	0.53975	0.025271
-2.8935	0.91632	0.025834
-2.8935	0.94142	0.024884
-2.8935	1.0669	0.036299
-2.8935	1.0921	0.045855
-2.8935	1.1172	0.034725
-2.8935	1.2176	0.033482
-2.8935	1.2427	0.078283
-2.8935	1.2678	0.080474
-2.8935	1.2929	0.036313
-2.8935	1.3682	0.052892
-2.8935	1.3933	0.10072
-2.8935	1.4184	0.14976
-2.8935	1.4435	0.12656
-2.8935	1.4686	0.077987
-2.8935	1.5439	0.088919
-2.8935	1.569	0.27981
-2.8935	1.5941	0.3256
-2.8935	1.6192	0.20654
-2.8935	1.6444	0.085729
-2.8935	1.6946	0.25218
-2.8935	1.7197	0.66081
-2.8935	1.7448	1.8954
-2.8935	1.7699	2.5306
-2.8935	1.795	3.0264
-2.8935	1.8201	3.2898
-2.8935	1.8452	3.0265
-2.8935	1.8703	1.9908
-2.8935	1.8954	1.4038
-2.8935	1.9205	0.88338
-2.8935	1.9456	0.21113
-2.8935	1.9707	0.063479
-2.8935	2.046	0.037542
-2.8935	2.0711	0.039121
-2.8935	2.0962	0.027533
-2.8685	0.38912	0.052518
-2.8685	0.41423	0.089154
-2.8685	0.43933	0.12803
-2.8685	0.46444	0.1843
-2.8685	0.48954	0.19073
-2.8685	0.51464	0.18041
-2.8685	0.53975	0.12308
-2.8685	0.56485	0.087771
-2.8685	0.58996	0.030924
-2.8685	1.2427	0.030144
-2.8685	1.2678	0.029843
-2.8685	1.3682	0.027757
-2.8685	1.3933	0.049231
-2.8685	1.4184	0.067826
-2.8685	1.4435	0.054909
-2.8685	1.4686	0.031296
-2.8685	1.5439	0.058688
-2.8685	1.569	0.16557
-2.8685	1.5941	0.18767
-2.8685	1.6192	0.10884
-2.8685	1.6444	0.037934
-2.8685	1.6946	0.22869
-2.8685	1.7197	0.56029
-2.8685	1.7448	1.5745
-2.8685	1.7699	2.1196
-2.8685	1.795	2.569
-2.8685	1.8201	2.8902
-2.8685	1.8452	2.7087
-2.8685	1.8703	1.8448
-2.8685	1.8954	1.3186
-2.8685	1.9205	0.8361
-2.8685	1.9456	0.19348
-2.8685	1.9707	0.052351
-2.8685	2.0209	0.033427
-2.8685	2.046	0.05554
-2.8685	2.0711	0.054538
-2.8685	2.0962	0.037526
-2.8434	-0.8159	0.026162
-2.8434	-0.79079	0.02498
-2.8434	0.38912	0.068329
-2.8434	0.41423	0.11536
-2.8434	0.43933	0.16726
-2.8434	0.46444	0.25192
-2.8434	0.48954	0.26931
-2.8434	0.51464	0.26474
-2.8434	0.53975	0.19877
-2.8434	0.56485	0.15023
-2.8434	0.58996	0.060667
-2.8434	0.61506	0.030186
-2.8434	1.4184	0.027298
-2.8434	1.5439	0.031829
-2.8434	1.569	0.079495
-2.8434	1.5941	0.086391
-2.8434	1.6192	0.043506
-2.8434	1.6946	0.14566
-2.8434	1.7197	0.33239
-2.8434	1.7448	0.88576
-2.8434	1.7699	1.1794
-2.8434	1.795	1.4206
-2.8434	1.8201	1.59
-2.8434	1.8452	1.489
-2.8434	1.8703	1.0115
-2.8434	1.8954	0.71974
-2.8434	1.9205	0.45179
-2.8434	1.9456	0.097025
-2.8434	2.0209	0.028217
-2.8434	2.046	0.043194
-2.8434	2.0711	0.04003
-2.8434	2.0962	0.026869
-2.8184	-0.86611	0.029664
-2.8184	-0.841	0.036364
-2.8184	-0.8159	0.042512
-2.8184	-0.79079	0.040668
-2.8184	-0.76569	0.028497
-2.8184	0.38912	0.077041
-2.8184	0.41423	0.12838
-2.8184	0.43933	0.18584
-2.8184	0.46444	0.28381
-2.8184	0.48954	0.30703
-2.8184	0.51464	0.30606
-2.8184	0.53975	0.23713
-2.8184	0.56485	0.18207
-2.8184	0.58996	0.075151
-2.8184	0.61506	0.037149
-2.8184	1.569	0.037691
-2.8184	1.5941	0.039243
-2.8184	1.6946	0.089041
-2.8184	1.7197	0.19065
-2.8184	1.7448	0.47917
-2.8184	1.7699	0.62724
-2.8184	1.795	0.74518
-2.8184	1.8201	0.81489
-2.8184	1.8452	0.75442
-2.8184	1.8703	0.49865
-2.8184	1.8954	0.34816
-2.8184	1.9205	0.21283
-2.8184	1.9456	0.040386
-2.8184	2.046	0.025742
-2.7933	-0.89121	0.030143
-2.7933	-0.86611	0.041154
-2.7933	-0.841	0.051244
-2.7933	-0.8159	0.061694
-2.7933	-0.79079	0.059739
-2.7933	-0.76569	0.042469
-2.7933	-0.74059	0.03027
-2.7933	0.38912	0.078319
-2.7933	0.41423	0.12898
-2.7933	0.43933	0.18619
-2.7933	0.46444	0.28634
-2.7933	0.48954	0.31176
-2.7933	0.51464	0.31296
-2.7933	0.53975	0.24557
-2.7933	0.56485	0.18922
-2.7933	0.58996	0.077249
-2.7933	0.61506	0.037047
-2.7933	1.6946	0.054306
-2.7933	1.7197	0.11054
-2.7933	1.7448	0.26508
-2.7933	1.7699	0.34227
-2.7933	1.795	0.40207
-2.7933	1.8201	0.43086
-2.7933	1.8452	0.39456
-2.7933	1.8703	0.25354
-2.7933	1.8954	0.17339
-2.7933	1.9205	0.10284
-2.7683	-0.8159	0.032016
-2.7683	-0.79079	0.032666
-2.7683	-0.76569	0.025536
-2.7683	0.38912	0.062925
-2.7683	0.41423	0.10381
-2.7683	0.43933	0.15152
-2.7683	0.46444	0.24044
-2.7683	0.48954	0.26603
-2.7683	0.51464	0.27101
-2.7683	0.53975	0.21705
-2.7683	0.56485	0.16763
-2.7683	0.58996	0.06617
-2.7683	0.61506	0.029684
-2.7683	1.7197	0.044253
-2.7683	1.7448	0.10298
-2.7683	1.7699	0.13226
-2.7683	1.795	0.15482
-2.7683	1.8201	0.16453
-2.7683	1.8452	0.14958
-2.7683	1.8703	0.093443
-2.7683	1.8954	0.062202
-2.7683	1.9205	0.035278
-2.7432	0.38912	0.036643
-2.7432	0.41423	0.063371
-2.7432	0.43933	0.097067
-2.7432	0.46444	0.16809
-2.7432	0.48954	0.193
-2.7432	0.51464	0.20303
-2.7432	0.53975	0.17061
-2.7432	0.56485	0.13363
-2.7432	0.58996	0.05233
-2.7432	1.7448	0.045461
-2.7432	1.7699	0.059603
-2.7432	1.795	0.071065
-2.7432	1.8201	0.077686
-2.7432	1.8452	0.071262
-2.7432	1.8703	0.044649
-2.7432	1.8954	0.029414
-2.7182	0.43933	0.029824
-2.7182	0.46444	0.062062
-2.7182	0.48954	0.079567
-2.7182	0.51464	0.09279
-2.7182	0.53975	0.092344
-2.7182	0.56485	0.077052
-2.7182	0.58996	0.032353
-2.7182	1.8201	0.02772
-2.7182	1.8452	0.026561
-2.6931	0.36402	0.02946
-2.6931	0.38912	0.066001
-2.6931	0.41423	0.077256
-2.6931	0.43933	0.08001
-2.6931	0.46444	0.063387
-2.6931	0.48954	0.050311
-2.6931	0.51464	0.038567
-2.6681	0.36402	0.048424
-2.6681	0.38912	0.12265
-2.6681	0.41423	0.15763
-2.6681	0.43933	0.18202
-2.6681	0.46444	0.18323
-2.6681	0.48954	0.16081
-2.6681	0.51464	0.12886
-2.6681	0.53975	0.061309
-2.6681	0.56485	0.035485
-2.643	0.36402	0.050807
-2.643	0.38912	0.12834
-2.643	0.41423	0.16787
-2.643	0.43933	0.19889
-2.643	0.46444	0.21514
-2.643	0.48954	0.19757
-2.643	0.51464	0.16658
-2.643	0.53975	0.088576
-2.643	0.56485	0.053872
-2.643	1.5439	0.025062
-2.643	1.6946	0.060337
-2.643	1.7197	0.077741
-2.643	1.7448	0.090092
-2.643	1.7699	0.083598
-2.643	1.795	0.070851
-2.643	1.8201	0.038686
-2.643	1.8452	0.024633
-2.618	0.36402	0.046823
-2.618	0.38912	0.11469
-2.618	0.41423	0.1497
-2.618	0.43933	0.17782
-2.618	0.46444	0.19513
-2.618	0.48954	0.18103
-2.618	0.51464	0.15436
-2.618	0.53975	0.083751
-2.618	0.56485	0.051087
-2.618	1.5188	0.031944
-2.618	1.5439	0.038978
-2.618	1.569	0.027728
-2.618	1.6695	0.055965
-2.618	1.6946	0.16524
-2.618	1.7197	0.21771
-2.618	1.7448	0.26921
-2.618	1.7699	0.25994
-2.618	1.795	0.23028
-2.618	1.8201	0.13946
-2.618	1.8452	0.094325
-2.618	1.8703	0.030254
-2.5929	0.36402	0.039916
-2.5929	0.38912	0.094449
-2.5929	0.41423	0.12243
-2.5929	0.43933	0.1449
-2.5929	0.46444	0.15869
-2.5929	0.48954	0.14722
-2.5929	0.51464	0.12545
-2.5929	0.53975	0.067441
-2.5929	0.56485	0.040515
-2.5929	1.6695	0.065203
-2.5929	1.6946	0.20377
-2.5929	1.7197	0.28229
-2.5929	1.7448	0.39102
-2.5929	1.7699	0.40057
-2.5929	1.795	0.37651
-2.5929	1.8201	0.25582
-2.5929	1.8452	0.18259
-2.5929	1.8703	0.06404
-2.5929	1.8954	0.028872
-2.5678	0.36402	0.031254
-2.5678	0.38912	0.071762
-2.5678	0.41423	0.092403
-2.5678	0.43933	0.10891
-2.5678	0.46444	0.11863
-2.5678	0.48954	0.10973
-2.5678	0.51464	0.093091
-2.5678	0.53975	0.049054
-2.5678	0.56485	0.028788
-2.5678	1.6695	0.0326
-2.5678	1.6946	0.10205
-2.5678	1.7197	0.14463
-2.5678	1.7448	0.21392
-2.5678	1.7699	0.228
-2.5678	1.795	0.22371
-2.5678	1.8201	0.16667
-2.5678	1.8452	0.12467
-2.5678	1.8703	0.047442
-2.5428	0.38912	0.048985
-2.5428	0.41423	0.062915
-2.5428	0.43933	0.074087
-2.5428	0.46444	0.080599
-2.5428	0.48954	0.074404
-2.5428	0.51464	0.062861
-2.5428	0.53975	0.032386
-2.5428	1.6946	0.037103
-2.5428	1.7197	0.0528
-2.5428	1.7448	0.079471
-2.5428	1.7699	0.085607
-2.5428	1.795	0.084909
-2.5428	1.8201	0.064512
-2.5428	1.8452	0.048573
-2.5177	0.41423	0.025288
-2.5177	0.43933	0.030396
-2.5177	0.46444	0.034191
-2.5177	0.48954	0.031909
-2.5177	0.51464	0.0271
-2.4676	-0.89121	0.027042
-2.4676	-0.86611	0.026708
-2.4426	-0.89121	0.025965
-2.4426	-0.86611	0.025736
-2.4175	0.36402	0.028659
-2.4175	0.38912	0.033973
-2.4175	0.41423	0.032168
-2.4175	0.43933	0.027925
-2.3925	0.33891	0.061384
-2.3925	0.36402	0.07888
-2.3925	0.38912	0.095845
-2.3925	0.41423	0.092681
-2.3925	0.43933	0.082601
-2.3925	0.46444	0.051036
-2.3925	0.48954	0.034884
-2.3674	0.31381	0.050526
-2.3674	0.33891	0.13454
-2.3674	0.36402	0.1761
-2.3674	0.38912	0.22131
-2.3674	0.41423	0.21709
-2.3674	0.43933	0.19595
-2.3674	0.46444	0.1236
-2.3674	0.48954	0.085093
-2.3674	0.51464	0.052085
-2.3424	0.31381	0.03187
-2.3424	0.33891	0.10761
-2.3424	0.36402	0.1603
-2.3424	0.38912	0.25763
-2.3424	0.41423	0.28197
-2.3424	0.43933	0.28061
-2.3424	0.46444	0.2066
-2.3424	0.48954	0.15035
-2.3424	0.51464	0.095684
-2.3173	0.36402	0.036525
-2.3173	0.38912	0.069549
-2.3173	0.41423	0.084613
-2.3173	0.43933	0.094644
-2.3173	0.46444	0.090115
-2.3173	0.48954	0.074943
-2.3173	0.51464	0.054315
-2.2422	0.33891	0.024715
-2.2422	0.36402	0.028403
-2.2422	0.38912	0.028957
-2.2422	0.41423	0.025855
-2.2171	0.33891	0.030128
-2.2171	0.36402	0.034732
-2.2171	0.38912	0.035937
-2.2171	0.41423	0.032403
-2.2171	0.43933	0.026873
-2.1921	0.33891	0.03178
-2.1921	0.36402	0.036547
-2.1921	0.38912	0.037836
-2.1921	0.41423	0.034164
-2.1921	0.43933	0.028363
-2.167	0.33891	0.029895
-2.167	0.36402	0.034206
-2.167	0.38912	0.035194
-2.167	0.41423	0.031688
-2.167	0.43933	0.026206
-2.142	0.33891	0.025401
-2.142	0.36402	0.028891
-2.142	0.38912	0.029449
-2.142	0.41423	0.026382
-1.2651	0.18828	0.029759
-1.2651	0.21339	0.066851
-1.2651	0.23849	0.089677
-1.2651	0.2636	0.12548
-1.2651	0.2887	0.12672
-1.2651	0.31381	0.1112
-1.2651	0.33891	0.046559
-1.2401	0.11297	0.065877
-1.2401	0.13808	0.10806
-1.2401	0.16318	0.093512
-1.2401	0.18828	0.07921
-1.2401	0.21339	0.054517
-1.2401	0.23849	0.043493
0.63883	-0.89121	0.091582
0.66388	-0.86611	0.081387
0.68894	-0.841	0.053303
0.73904	-0.8159	0.1614
0.76409	-0.79079	0.29479
0.8643	-0.69038	0.16416
0.88935	-0.69038	0.033011
0.88935	-0.66527	0.45519
0.91441	-0.64017	0.05173
0.96451	-0.56485	0.032763
0.96451	-0.18828	0.029336
0.96451	-0.16318	0.02893
0.98956	-0.56485	0.036471
0.98956	-0.53975	0.28856
0.98956	-0.23849	0.026913
0.98956	-0.21339	0.033194
0.98956	-0.18828	0.039412
0.98956	-0.16318	0.038362
0.98956	-0.13808	0.034663
1.0146	-0.51464	0.040352
1.0146	-0.23849	0.036348
1.0146	-0.21339	0.04367
1.0146	-0.18828	0.049802
1.0146	-0.16318	0.047668
1.0146	-0.13808	0.042392
1.0397	-0.46444	0.11079
1.0397	-0.2636	0.026824
1.0397	-0.23849	0.047767
1.0397	-0.21339	0.055587
1.0397	-0.18828	0.060279
1.0397	-0.16318	0.056483
1.0397	-0.13808	0.049226
1.0397	-0.11297	0.029201
1.0647	-0.43933	0.2886
1.0647	-0.41423	0.14379
1.0647	-0.38912	0.028432
1.0647	-0.2887	0.026811
1.0647	-0.2636	0.03966
1.0647	-0.23849	0.062935
1.0647	-0.21339	0.070252
1.0647	-0.18828	0.071326
1.0647	-0.16318	0.065011
1.0647	-0.13808	0.055203
1.0647	-0.11297	0.031047
1.0898	-0.33891	0.040927
1.0898	-0.31381	0.067651
1.0898	-0.2887	0.081483
1.0898	-0.2636	0.093887
1.0898	-0.23849	0.10877
1.0898	-0.21339	0.10913
1.0898	-0.18828	0.09439
1.0898	-0.16318	0.080701
1.0898	-0.13808	0.064659
1.0898	-0.11297	0.032499
1.1148	-0.31381	1.5549
1.1148	-0.2887	0.70066
1.1148	-0.2636	0.37376
1.1148	-0.23849	0.2216
1.1148	-0.21339	0.18666
1.1148	-0.18828	0.12876
1.1148	-0.16318	0.10168
1.1148	-0.13808	0.076174
1.1148	-0.11297	0.034046
1.1399	-0.2887	0.10804
1.1399	-0.2636	0.55202
1.1399	-0.23849	2.1709
1.1399	-0.21339	0.7922
1.1399	-0.18828	0.25997
1.1399	-0.16318	0.1691
1.1399	-0.13808	0.10974
1.1399	-0.11297	0.03969
1.1399	1.0418	0.036897
1.1399	1.0669	0.054584
1.1399	1.0921	0.073998
1.1399	1.1172	0.11102
1.1399	1.1423	0.12522
1.1399	1.1674	0.1395
1.1399	1.1925	0.13914
1.1399	1.2176	0.13391
1.1399	1.2427	0.092903
1.1399	1.2678	0.03503
1.1649	-0.23849	0.13478
1.1649	-0.21339	0.39234
1.1649	-0.18828	3.8593
1.1649	-0.16318	1.1038
1.1649	-0.13808	0.37409
1.1649	-0.11297	0.070046
1.1649	-0.087866	0.029475
1.1649	1.0167	0.048613
1.1649	1.0418	0.17961
1.1649	1.0669	0.29961
1.1649	1.0921	0.4759
1.1649	1.1172	1.1446
1.1649	1.1423	1.7748
1.1649	1.1674	1.986
1.1649	1.1925	0.83986
1.1649	1.2176	0.27648
1.19	-0.18828	0.058396
1.19	-0.16318	0.10082
1.19	-0.13808	0.19107
1.19	-0.11297	0.81183
1.19	-0.087866	0.22888
1.19	0.96653	0.042195
1.19	0.99163	0.1695
1.19	1.0167	0.51617
1.19	1.0418	3.0824
1.19	1.0669	4.352
1.19	1.0921	3.3593
1.19	1.1172	1.1284
1.19	1.1423	0.63577
1.19	1.1674	0.18796
1.19	1.1925	0.094282
1.19	1.2176	0.043029
1.215	-0.012552	0.063442
1.215	0.012552	0.050376
1.215	0.037657	0.029109
1.215	0.841	0.042095
1.215	0.86611	0.071952
1.215	0.89121	0.10022
1.215	0.91632	0.056945
1.215	0.96653	0.21721
1.215	0.99163	0.32651
1.215	1.0167	0.38694
1.215	1.0418	0.39298
1.215	1.0669	0.35655
1.215	1.0921	0.30527
1.215	1.1172	0.18886
1.215	1.1423	0.13582
1.215	1.1674	0.056767
1.215	1.1925	0.0321
1.2401	0.71548	0.033299
1.2401	0.74059	0.032422
1.2401	0.8159	0.048023
1.2401	0.841	0.071393
1.2401	0.86611	0.056405
1.2401	0.89121	0.035092
1.2401	0.99163	0.045042
1.2401	1.0167	0.066214
1.2401	1.0418	0.095277
1.2401	1.0669	0.098892
1.2401	1.0921	0.094873
1.2401	1.1172	0.070231
1.2401	1.1423	0.054197
1.2651	0.31381	0.037042
1.2651	0.33891	0.11274
1.2651	0.36402	0.15145
1.2651	0.38912	0.1761
1.2651	0.41423	0.16029
1.2651	0.43933	0.13705
1.2651	0.46444	0.11159
1.2651	0.48954	0.11858
1.2651	0.51464	0.13176
1.2651	0.53975	0.13033
1.2651	0.56485	0.10454
1.2651	0.58996	0.036978
1.2651	1.0418	0.03849
1.2651	1.0669	0.041652
1.2651	1.0921	0.041552
1.2651	1.1172	0.032942
2.2672	0.86611	0.027675
2.2672	0.89121	0.035792
2.2672	0.91632	0.045619
2.2672	0.94142	0.045323
2.2672	0.96653	0.034171
2.2923	0.841	0.031925
2.2923	0.86611	0.043691
2.2923	0.89121	0.053241
2.2923	0.91632	0.058178
2.2923	0.94142	0.052592
2.2923	0.96653	0.031872
2.9937	-0.56485	0.041814
2.9937	-0.53975	0.04632
2.9937	-0.51464	0.044242
2.9937	-0.48954	0.038093
2.9937	-0.46444	0.029891
3.0188	-0.58996	0.037139
3.0188	-0.56485	0.058547
3.0188	-0.53975	0.06395
3.0188	-0.51464	0.059188
3.0188	-0.48954	0.049985
3.0188	-0.46444	0.038309
3.0438	-0.56485	0.027995
3.0438	-0.53975	0.030238
3.0438	-0.51464	0.027343
3.1942	-0.56485	0.027861
3.2192	-0.61506	0.027718
3.2192	-0.58996	0.032934
3.2192	-0.56485	0.036053
3.2192	-0.53975	0.033394
4.1712	-0.79079	0.031473
4.1712	-0.76569	0.039013
4.1712	-0.74059	0.037979
4.1712	-0.71548	0.033997
4.1962	-0.8159	0.039742
4.1962	-0.79079	0.052102
4.1962	-0.76569	0.06646
4.1962	-0.74059	0.065949
4.1962	-0.71548	0.060312
4.1962	-0.69038	0.039106
4.1962	-0.66527	0.027282
4.2213	-0.8159	0.053487
4.2213	-0.79079	0.070213
4.2213	-0.76569	0.090768
4.2213	-0.74059	0.090924
4.2213	-0.71548	0.083995
4.2213	-0.69038	0.055486
4.2213	-0.66527	0.038931
4.2463	-0.8159	0.059594
4.2463	-0.79079	0.078375
4.2463	-0.76569	0.10281
4.2463	-0.74059	0.10394
4.2463	-0.71548	0.096864
4.2463	-0.69038	0.064639
4.2463	-0.66527	0.045192
4.2714	-0.8159	0.050123
4.2714	-0.79079	0.066396
4.2714	-0.76569	0.088668
4.2714	-0.74059	0.09042
4.2714	-0.71548	0.084886
4.2714	-0.69038	0.057033
4.2714	-0.66527	0.039702
4.2965	-0.8159	0.032291
4.2965	-0.79079	0.043703
4.2965	-0.76569	0.060763
4.2965	-0.74059	0.063051
4.2965	-0.71548	0.060073
4.2965	-0.69038	0.041078
4.2965	-0.66527	0.028561
4.3215	-0.76569	0.029292
4.3215	-0.74059	0.031727
4.3215	-0.71548	0.031344
4.4217	-0.841	0.033214
4.4217	-0.8159	0.047369
4.4217	-0.79079	0.048985
4.4217	-0.76569	0.040395
4.4217	-0.74059	0.03215
4.4468	-0.86611	0.034097
4.4468	-0.841	0.048893
4.4468	-0.8159	0.072203
4.4468	-0.79079	0.076474
4.4468	-0.76569	0.066767
4.4468	-0.74059	0.054887
4.4468	-0.71548	0.041055
4.4718	-0.86611	0.037655
4.4718	-0.841	0.054382
4.4718	-0.8159	0.083069
4.4718	-0.79079	0.089899
4.4718	-0.76569	0.082155
4.4718	-0.74059	0.069028
4.4718	-0.71548	0.052626
4.4969	-0.86611	0.028749
4.4969	-0.841	0.042166
4.4969	-0.8159	0.066803
4.4969	-0.79079	0.073637
4.4969	-0.76569	0.069578
4.4969	-0.74059	0.059253
4.4969	-0.71548	0.045616
4.5219	-0.8159	0.03848
4.5219	-0.79079	0.044034
4.5219	-0.76569	0.044298
4.5219	-0.74059	0.038658
4.5219	-0.71548	0.030317
4.6221	-0.89121	0.033622
4.6221	-0.86611	0.041524
4.6221	-0.841	0.046078
4.6221	-0.8159	0.042759
4.6221	-0.79079	0.035944
4.6472	-2.1715	0.032725
4.6472	-2.1464	0.036784
4.6472	-2.1213	0.036134
4.6472	-2.0962	0.03146
4.6472	-0.89121	0.056075
4.6472	-0.86611	0.070794
4.6472	-0.841	0.080832
4.6472	-0.8159	0.080717
4.6472	-0.79079	0.070943
4.6472	-0.76569	0.04157
4.6472	-0.74059	0.027035
4.6722	-2.1715	0.037028
4.6722	-2.1464	0.042136
4.6722	-2.1213	0.042434
4.6722	-2.0962	0.037353
4.6722	-2.0711	0.02978
4.6722	-0.91632	0.029522
4.6722	-0.89121	0.069904
4.6722	-0.86611	0.089356
4.6722	-0.841	0.10368
4.6722	-0.8159	0.10764
4.6722	-0.79079	0.096651
4.6722	-0.76569	0.059148
4.6722	-0.74059	0.039227
4.6973	-2.1715	0.032729
4.6973	-2.1464	0.037904
4.6973	-2.1213	0.039382
4.6973	-2.0962	0.035089
4.6973	-2.0711	0.028203
4.6973	-0.91632	0.027859
4.6973	-0.89121	0.066888
4.6973	-0.86611	0.086738
4.6973	-0.841	0.10228
4.6973	-0.8159	0.10984
4.6973	-0.79079	0.10024
4.6973	-0.76569	0.063009
4.6973	-0.74059	0.042082
4.7223	-0.89121	0.03238
4.7223	-0.86611	0.044559
4.7223	-0.841	0.055508
4.7223	-0.8159	0.065549
4.7223	-0.79079	0.062229
4.7223	-0.76569	0.041439
4.7223	-0.74059	0.028021
4.7975	-2.2218	0.03002
4.7975	-2.1967	0.03387
4.7975	-2.1715	0.032149
4.7975	-2.1464	0.027159
4.7975	-0.91632	0.026971
4.7975	-0.89121	0.031796
4.7975	-0.86611	0.029102
4.8225	-2.2469	0.05999
4.8225	-2.2218	0.077423
4.8225	-2.1967	0.090283
4.8225	-2.1715	0.093838
4.8225	-2.1464	0.084074
4.8225	-2.1213	0.051158
4.8225	-2.0962	0.033925
4.8225	-0.94142	0.053076
4.8225	-0.91632	0.073643
4.8225	-0.89121	0.099184
4.8225	-0.86611	0.099398
4.8225	-0.841	0.09113
4.8225	-0.8159	0.058574
4.8225	-0.79079	0.040603
4.8476	-2.272	0.047546
4.8476	-2.2469	0.11576
4.8476	-2.2218	0.15003
4.8476	-2.1967	0.17656
4.8476	-2.1715	0.18885
4.8476	-2.1464	0.17232
4.8476	-2.1213	0.10932
4.8476	-2.0962	0.074065
4.8476	-2.0711	0.043434
4.8476	-0.96653	0.028271
4.8476	-0.94142	0.094542
4.8476	-0.91632	0.13268
4.8476	-0.89121	0.18705
4.8476	-0.86611	0.19335
4.8476	-0.841	0.18369
4.8476	-0.8159	0.12848
4.8476	-0.79079	0.093515
4.8476	-0.76569	0.034657
4.8727	-2.2971	0.040061
4.8727	-2.272	0.079535
4.8727	-2.2469	0.18821
4.8727	-2.2218	0.24305
4.8727	-2.1967	0.28603
4.8727	-2.1715	0.30782
4.8727	-2.1464	0.28214
4.8727	-2.1213	0.18028
4.8727	-2.0962	0.12205
4.8727	-2.0711	0.070957
4.8727	-0.96653	0.040211
4.8727	-0.94142	0.12963
4.8727	-0.91632	0.18258
4.8727	-0.89121	0.26331
4.8727	-0.86611	0.27646
4.8727	-0.841	0.26723
4.8727	-0.8159	0.1939
4.8727	-0.79079	0.14366
4.8727	-0.76569	0.054511
4.8977	-2.2971	0.061352
4.8977	-2.272	0.11742
4.8977	-2.2469	0.26914
4.8977	-2.2218	0.34512
4.8977	-2.1967	0.40444
4.8977	-2.1715	0.43333
4.8977	-2.1464	0.39639
4.8977	-2.1213	0.25108
4.8977	-2.0962	0.16814
4.8977	-2.0711	0.095637
4.8977	-0.96653	0.044584
4.8977	-0.94142	0.14037
4.8977	-0.91632	0.1987
4.8977	-0.89121	0.29259
4.8977	-0.86611	0.3111
4.8977	-0.841	0.30459
4.8977	-0.8159	0.22625
4.8977	-0.79079	0.16904
4.8977	-0.76569	0.063966
4.8977	-0.74059	0.029024
4.9228	-2.2971	0.084305
4.9228	-2.272	0.15602
4.9228	-2.2469	0.34623
4.9228	-2.2218	0.44016
4.9228	-2.1967	0.51253
4.9228	-2.1715	0.5436
4.9228	-2.1464	0.49455
4.9228	-2.1213	0.30773
4.9228	-2.0962	0.20256
4.9228	-2.0711	0.11172
4.9228	-1.9707	0.034082
4.9228	-1.9456	0.038706
4.9228	-0.96653	0.036312
4.9228	-0.94142	0.1155
4.9228	-0.91632	0.16618
4.9228	-0.89121	0.25381
4.9228	-0.86611	0.27476
4.9228	-0.841	0.27358
4.9228	-0.8159	0.20881
4.9228	-0.79079	0.15728
4.9228	-0.76569	0.058943
4.9478	-2.2971	0.10509
4.9478	-2.272	0.18868
4.9478	-2.2469	0.40571
4.9478	-2.2218	0.51098
4.9478	-2.1967	0.59056
4.9478	-2.1715	0.61812
4.9478	-2.1464	0.55806
4.9478	-2.1213	0.33909
4.9478	-2.0962	0.21837
4.9478	-2.0711	0.11588
4.9478	-1.9958	0.032932
4.9478	-1.9707	0.047936
4.9478	-1.9456	0.052181
4.9478	-1.9205	0.030486
4.9478	-0.94142	0.06135
4.9478	-0.91632	0.093165
4.9478	-0.89121	0.15622
4.9478	-0.86611	0.17591
4.9478	-0.841	0.18134
4.9478	-0.8159	0.14613
4.9478	-0.79079	0.11207
4.9478	-0.76569	0.04204
4.9729	-2.2971	0.12317
4.9729	-2.272	0.21254
4.9729	-2.2469	0.43746
4.9729	-2.2218	0.54332
4.9729	-2.1967	0.62059
4.9729	-2.1715	0.63492
4.9729	-2.1464	0.5654
4.9729	-2.1213	0.32891
4.9729	-2.0962	0.20344
4.9729	-2.0711	0.10039
4.9729	-1.9958	0.048855
4.9729	-1.9707	0.06478
4.9729	-1.9456	0.066209
4.9729	-1.9205	0.033703
4.9729	-1.795	0.035605
4.9729	-1.7699	0.03182
4.9729	-0.8159	0.030625
4.9729	-0.79079	0.026997
4.9979	-2.2971	0.12217
4.9979	-2.272	0.2061
4.9979	-2.2469	0.41339
4.9979	-2.2218	0.50905
4.9979	-2.1967	0.57707
4.9979	-2.1715	0.58126
4.9979	-2.1464	0.51247
4.9979	-2.1213	0.28845
4.9979	-2.0962	0.17284
4.9979	-2.0711	0.080319
4.9979	-1.9958	0.055749
4.9979	-1.9707	0.069969
4.9979	-1.9456	0.068614
4.9979	-1.9205	0.031456
4.9979	-1.8201	0.027472
4.9979	-1.795	0.041855
4.9979	-1.7699	0.035846
4.9979	-1.6192	0.028227
4.9979	-1.2929	0.026724
4.9979	-1.1423	0.027859
4.9979	-1.1172	0.027998
4.9979	-0.99163	0.029181
4.9979	-0.96653	0.044148
4.9979	-0.94142	0.057901
4.9979	-0.91632	0.05334
4.9979	-0.89121	0.02956
5.023	-2.2971	0.11001
5.023	-2.272	0.18203
5.023	-2.2469	0.35717
5.023	-2.2218	0.43655
5.023	-2.1967	0.49159
5.023	-2.1715	0.48792
5.023	-2.1464	0.42586
5.023	-2.1213	0.23137
5.023	-2.0962	0.13375
5.023	-2.0711	0.057864
5.023	-1.9958	0.057696
5.023	-1.9707	0.06886
5.023	-1.9456	0.064817
5.023	-1.8201	0.032354
5.023	-1.795	0.044612
5.023	-1.7699	0.036521
5.023	-1.6444	0.031758
5.023	-1.6192	0.03464
5.023	-1.4686	0.035501
5.023	-1.4435	0.030816
5.023	-1.318	0.037467
5.023	-1.2929	0.043317
5.023	-1.2678	0.027694
5.023	-1.1674	0.028431
5.023	-1.1423	0.059178
5.023	-1.1172	0.058748
5.023	-1.0167	0.053504
5.023	-0.99163	0.10971
5.023	-0.96653	0.17343
5.023	-0.94142	0.27123
5.023	-0.91632	0.28538
5.023	-0.89121	0.23672
5.023	-0.86611	0.18732
5.023	-0.841	0.13425
5.023	-0.8159	0.048696
5.048	-2.2971	0.088892
5.048	-2.272	0.14486
5.048	-2.2469	0.27951
5.048	-2.2218	0.33975
5.048	-2.1967	0.38064
5.048	-2.1715	0.37309
5.048	-2.1464	0.32252
5.048	-2.1213	0.16885
5.048	-2.0962	0.093748
5.048	-2.0711	0.037208
5.048	-1.9958	0.054201
5.048	-1.9707	0.06176
5.048	-1.9456	0.055817
5.048	-1.8201	0.034551
5.048	-1.795	0.043332
5.048	-1.7699	0.033811
5.048	-1.6695	0.027104
5.048	-1.6444	0.036696
5.048	-1.6192	0.038321
5.048	-1.4937	0.029343
5.048	-1.4686	0.043119
5.048	-1.4435	0.035899
5.048	-1.3431	0.037736
5.048	-1.318	0.054312
5.048	-1.2929	0.060575
5.048	-1.2678	0.035358
5.048	-1.1674	0.052384
5.048	-1.1423	0.10056
5.048	-1.1172	0.097033
5.048	-1.0921	0.035719
5.048	-1.0167	0.13512
5.048	-0.99163	0.26761
5.048	-0.96653	0.422
5.048	-0.94142	0.68562
5.048	-0.91632	0.7456
5.048	-0.89121	0.67681
5.048	-0.86611	0.56765
5.048	-0.841	0.4357
5.048	-0.8159	0.18871
5.048	-0.79079	0.10189
5.0731	-2.2971	0.063064
5.0731	-2.272	0.10176
5.0731	-2.2469	0.19466
5.0731	-2.2218	0.23608
5.0731	-2.1967	0.26387
5.0731	-2.1715	0.25651
5.0731	-2.1464	0.21993
5.0731	-2.1213	0.11091
5.0731	-2.0962	0.058857
5.0731	-1.9958	0.046048
5.0731	-1.9707	0.050271
5.0731	-1.9456	0.04363
5.0731	-1.8201	0.03351
5.0731	-1.795	0.038377
5.0731	-1.7699	0.028447
5.0731	-1.6695	0.029978
5.0731	-1.6444	0.038498
5.0731	-1.6192	0.038516
5.0731	-1.4937	0.035109
5.0731	-1.4686	0.047303
5.0731	-1.4435	0.037591
5.0731	-1.3431	0.051069
5.0731	-1.318	0.070046
5.0731	-1.2929	0.075168
5.0731	-1.2678	0.039341
5.0731	-1.1925	0.038621
5.0731	-1.1674	0.082933
5.0731	-1.1423	0.14613
5.0731	-1.1172	0.13588
5.0731	-1.0921	0.041669
5.0731	-1.0167	0.27081
5.0731	-0.99163	0.51568
5.0731	-0.96653	0.80138
5.0731	-0.94142	1.3045
5.0731	-0.91632	1.432
5.0731	-0.89121	1.3379
5.0731	-0.86611	1.1428
5.0731	-0.841	0.89495
5.0731	-0.8159	0.4043
5.0731	-0.79079	0.22215
5.0731	-0.76569	0.030636
5.0731	0.38912	0.028369
5.0731	0.41423	0.027451
5.0981	-2.2971	0.037644
5.0981	-2.272	0.060683
5.0981	-2.2469	0.11674
5.0981	-2.2218	0.14209
5.0981	-2.1967	0.15927
5.0981	-2.1715	0.15486
5.0981	-2.1464	0.13209
5.0981	-2.1213	0.064295
5.0981	-2.0962	0.032449
5.0981	-1.9958	0.035039
5.0981	-1.9707	0.036778
5.0981	-1.9456	0.03066
5.0981	-1.8201	0.029431
5.0981	-1.795	0.030884
5.0981	-1.6695	0.030067
5.0981	-1.6444	0.036779
5.0981	-1.6192	0.035269
5.0981	-1.4937	0.038186
5.0981	-1.4686	0.047184
5.0981	-1.4435	0.035618
5.0981	-1.3431	0.062261
5.0981	-1.318	0.081518
5.0981	-1.2929	0.084021
5.0981	-1.2678	0.0387
5.0981	-1.1925	0.058904
5.0981	-1.1674	0.11609
5.0981	-1.1423	0.18755
5.0981	-1.1172	0.16704
5.0981	-1.0921	0.040272
5.0981	-1.0418	0.036798
5.0981	-1.0167	0.46159
5.0981	-0.99163	0.84605
5.0981	-0.96653	1.2908
5.0981	-0.94142	2.0763
5.0981	-0.91632	2.2798
5.0981	-0.89121	2.1441
5.0981	-0.86611	1.8397
5.0981	-0.841	1.4469
5.0981	-0.8159	0.65486
5.0981	-0.79079	0.35649
5.0981	-0.76569	0.043448
5.0981	-0.69038	0.040194
5.0981	-0.66527	0.046248
5.0981	-0.64017	0.028764
5.0981	0.36402	0.031043
5.0981	0.38912	0.039281
5.0981	0.41423	0.038598
5.0981	0.43933	0.034882
5.1232	-2.272	0.028236
5.1232	-2.2469	0.056323
5.1232	-2.2218	0.069668
5.1232	-2.1967	0.079188
5.1232	-2.1715	0.078414
5.1232	-2.1464	0.067016
5.1232	-2.1213	0.031738
5.1232	-1.6695	0.027325
5.1232	-1.6444	0.031958
5.1232	-1.6192	0.029385
5.1232	-1.4937	0.037819
5.1232	-1.4686	0.042884
5.1232	-1.4435	0.030585
5.1232	-1.3431	0.06889
5.1232	-1.318	0.086246
5.1232	-1.2929	0.08525
5.1232	-1.2678	0.033803
5.1232	-1.1925	0.07984
5.1232	-1.1674	0.14604
5.1232	-1.1423	0.21631
5.1232	-1.1172	0.18351
5.1232	-1.0921	0.032036
5.1232	-1.0418	0.075214
5.1232	-1.0167	0.69272
5.1232	-0.99163	1.2254
5.1232	-0.96653	1.8338
5.1232	-0.94142	2.8975
5.1232	-0.91632	3.1691
5.1232	-0.89121	2.9683
5.1232	-0.86611	2.5423
5.1232	-0.841	1.9934
5.1232	-0.8159	0.88712
5.1232	-0.79079	0.47222
5.1232	-0.76569	0.047514
5.1232	-0.69038	0.076462
5.1232	-0.66527	0.084835
5.1232	-0.64017	0.050533
5.1232	0.36402	0.033246
5.1232	0.38912	0.04294
5.1232	0.41423	0.042718
5.1232	0.43933	0.039093
5.1482	-2.1967	0.028433
5.1482	-2.1715	0.030069
5.1482	-1.4937	0.034041
5.1482	-1.4686	0.035445
5.1482	-1.3431	0.069378
5.1482	-1.318	0.083179
5.1482	-1.2929	0.078721
5.1482	-1.2176	0.036964
5.1482	-1.1925	0.097267
5.1482	-1.1674	0.16655
5.1482	-1.1423	0.22621
5.1482	-1.1172	0.18169
5.1482	-1.0418	0.12799
5.1482	-1.0167	0.93323
5.1482	-0.99163	1.5983
5.1482	-0.96653	2.3466
5.1482	-0.94142	3.6326
5.1482	-0.91632	3.949
5.1482	-0.89121	3.6631
5.1482	-0.86611	3.1206
5.1482	-0.841	2.4295
5.1482	-0.8159	1.0513
5.1482	-0.79079	0.54225
5.1482	-0.76569	0.041688
5.1482	-0.71548	0.030943
5.1482	-0.69038	0.12143
5.1482	-0.66527	0.12933
5.1482	-0.64017	0.072105
5.1482	-0.61506	0.035233
5.1482	-0.51464	0.029311
5.1482	-0.48954	0.027066
5.1482	0.36402	0.027354
5.1482	0.38912	0.036638
5.1482	0.41423	0.037103
5.1482	0.43933	0.034522
5.1733	-1.4937	0.027663
5.1733	-1.3431	0.063517
5.1733	-1.318	0.073028
5.1733	-1.2929	0.066052
5.1733	-1.2176	0.045711
5.1733	-1.1925	0.10711
5.1733	-1.1674	0.17292
5.1733	-1.1423	0.21526
5.1733	-1.1172	0.16258
5.1733	-1.0418	0.18811
5.1733	-1.0167	1.1411
5.1733	-0.99163	1.8978
5.1733	-0.96653	2.7361
5.1733	-0.94142	4.1464
5.1733	-0.91632	4.4754
5.1733	-0.89121	4.0984
5.1733	-0.86611	3.4654
5.1733	-0.841	2.6718
5.1733	-0.8159	1.115
5.1733	-0.79079	0.55293
5.1733	-0.76569	0.029017
5.1733	-0.71548	0.055034
5.1733	-0.69038	0.16811
5.1733	-0.66527	0.17169
5.1733	-0.64017	0.088389
5.1733	-0.61506	0.040014
5.1733	-0.51464	0.046406
5.1733	-0.48954	0.041424
5.1733	-0.46444	0.029202
5.1983	-1.3431	0.045876
5.1983	-1.318	0.049665
5.1983	-1.2929	0.041796
5.1983	-1.2176	0.050181
5.1983	-1.1925	0.10257
5.1983	-1.1674	0.15318
5.1983	-1.1423	0.16699
5.1983	-1.1172	0.11305
5.1983	-1.0669	0.053314
5.1983	-1.0418	0.26526
5.1983	-1.0167	1.3006
5.1983	-0.99163	2.0814
5.1983	-0.96653	2.9274
5.1983	-0.94142	4.3011
5.1983	-0.91632	4.59
5.1983	-0.89121	4.1113
5.1983	-0.86611	3.4293
5.1983	-0.841	2.5972
5.1983	-0.8159	1.014
5.1983	-0.79079	0.4668
5.1983	-0.71548	0.09722
5.1983	-0.69038	0.22199
5.1983	-0.66527	0.21298
5.1983	-0.64017	0.09539
5.1983	-0.61506	0.037114
5.1983	-0.53975	0.047729
5.1983	-0.51464	0.071345
5.1983	-0.48954	0.060049
5.1983	-0.46444	0.039327
5.2234	-1.3431	0.031796
5.2234	-1.318	0.033146
5.2234	-1.2176	0.045908
5.2234	-1.1925	0.087247
5.2234	-1.1674	0.12447
5.2234	-1.1423	0.12392
5.2234	-1.1172	0.076786
5.2234	-1.0669	0.072127
5.2234	-1.0418	0.28874
5.2234	-1.0167	1.2668
5.2234	-0.99163	1.9834
5.2234	-0.96653	2.7495
5.2234	-0.94142	3.9649
5.2234	-0.91632	4.2005
5.2234	-0.89121	3.7058
5.2234	-0.86611	3.0607
5.2234	-0.841	2.2872
5.2234	-0.8159	0.84774
5.2234	-0.79079	0.36697
5.2234	-0.74059	0.034026
5.2234	-0.71548	0.12091
5.2234	-0.69038	0.2362
5.2234	-0.66527	0.21746
5.2234	-0.64017	0.087589
5.2234	-0.61506	0.029803
5.2234	-0.56485	0.031251
5.2234	-0.53975	0.061406
5.2234	-0.51464	0.082689
5.2234	-0.48954	0.066679
5.2234	-0.46444	0.041215
5.2234	-0.36402	0.033068
5.2234	-0.33891	0.035543
5.2484	-1.2176	0.036743
5.2484	-1.1925	0.065703
5.2484	-1.1674	0.089977
5.2484	-1.1423	0.081652
5.2484	-1.1172	0.045488
5.2484	-1.0669	0.081874
5.2484	-1.0418	0.27986
5.2484	-1.0167	1.1203
5.2484	-0.99163	1.7218
5.2484	-0.96653	2.3577
5.2484	-0.94142	3.3459
5.2484	-0.91632	3.522
5.2484	-0.89121	3.063
5.2484	-0.86611	2.5046
5.2484	-0.841	1.8455
5.2484	-0.8159	0.64545
5.2484	-0.79079	0.25958
5.2484	-0.74059	0.048316
5.2484	-0.71548	0.13415
5.2484	-0.69038	0.22902
5.2484	-0.66527	0.20242
5.2484	-0.64017	0.0724
5.2484	-0.56485	0.040158
5.2484	-0.53975	0.071229
5.2484	-0.51464	0.086898
5.2484	-0.48954	0.066955
5.2484	-0.46444	0.038753
5.2484	-0.36402	0.041809
5.2484	-0.33891	0.042998
5.2484	-0.18828	0.027947
5.2484	0.31381	0.032617
5.2484	0.33891	0.044803
5.2484	0.36402	0.044175
5.2484	0.38912	0.032121
5.2735	-1.1925	0.042615
5.2735	-1.1674	0.05637
5.2735	-1.1423	0.046564
5.2735	-1.0669	0.078744
5.2735	-1.0418	0.23911
5.2735	-1.0167	0.88921
5.2735	-0.99163	1.3466
5.2735	-0.96653	1.8268
5.2735	-0.94142	2.5624
5.2735	-0.91632	2.6842
5.2735	-0.89121	2.306
5.2735	-0.86611	1.8677
5.2735	-0.841	1.3567
5.2735	-0.8159	0.44499
5.2735	-0.79079	0.16371
5.2735	-0.74059	0.057499
5.2735	-0.71548	0.1334
5.2735	-0.69038	0.20237
5.2735	-0.66527	0.17173
5.2735	-0.64017	0.053705
5.2735	-0.56485	0.046046
5.2735	-0.53975	0.074935
5.2735	-0.51464	0.083209
5.2735	-0.48954	0.061079
5.2735	-0.46444	0.032781
5.2735	-0.36402	0.047618
5.2735	-0.33891	0.046895
5.2735	-0.18828	0.033502
5.2735	-0.037657	0.028329
5.2735	-0.012552	0.029778
5.2735	0.13808	0.03077
5.2735	0.16318	0.02787
5.2735	0.2636	0.028629
5.2735	0.2887	0.052903
5.2735	0.31381	0.078093
5.2735	0.33891	0.11141
5.2735	0.36402	0.1135
5.2735	0.38912	0.09023
5.2735	0.41423	0.070717
5.2735	0.43933	0.050661
5.2985	-1.1674	0.029056
5.2985	-1.0669	0.06331
5.2985	-1.0418	0.17597
5.2985	-1.0167	0.61964
5.2985	-0.99163	0.92975
5.2985	-0.96653	1.255
5.2985	-0.94142	1.7518
5.2985	-0.91632	1.8312
5.2985	-0.89121	1.5609
5.2985	-0.86611	1.2538
5.2985	-0.841	0.89834
5.2985	-0.8159	0.27465
5.2985	-0.79079	0.090533
5.2985	-0.74059	0.058681
5.2985	-0.71548	0.11874
5.2985	-0.69038	0.16227
5.2985	-0.66527	0.13222
5.2985	-0.64017	0.03543
5.2985	-0.56485	0.047366
5.2985	-0.53975	0.071605
5.2985	-0.51464	0.07264
5.2985	-0.48954	0.050618
5.2985	-0.36402	0.049245
5.2985	-0.33891	0.046465
5.2985	-0.21339	0.030241
5.2985	-0.18828	0.036266
5.2985	-0.16318	0.027165
5.2985	-0.062762	0.027899
5.2985	-0.037657	0.036034
5.2985	-0.012552	0.036441
5.2985	0.11297	0.028376
5.2985	0.13808	0.044053
5.2985	0.16318	0.038435
5.2985	0.2636	0.056401
5.2985	0.2887	0.10032
5.2985	0.31381	0.14597
5.2985	0.33891	0.20862
5.2985	0.36402	0.2145
5.2985	0.38912	0.1754
5.2985	0.41423	0.13995
5.2985	0.43933	0.10224
5.2985	0.46444	0.039991
5.3236	-1.0669	0.040598
5.3236	-1.0418	0.10617
5.3236	-1.0167	0.36324
5.3236	-0.99163	0.54481
5.3236	-0.96653	0.73733
5.3236	-0.94142	1.0372
5.3236	-0.91632	1.0877
5.3236	-0.89121	0.92751
5.3236	-0.86611	0.74135
5.3236	-0.841	0.5249
5.3236	-0.8159	0.14876
5.3236	-0.79079	0.042679
5.3236	-0.74059	0.051594
5.3236	-0.71548	0.093835
5.3236	-0.69038	0.11694
5.3236	-0.66527	0.091506
5.3236	-0.56485	0.043691
5.3236	-0.53975	0.061966
5.3236	-0.51464	0.05761
5.3236	-0.48954	0.037945
5.3236	-0.36402	0.046379
5.3236	-0.33891	0.041941
5.3236	-0.21339	0.032453
5.3236	-0.18828	0.03569
5.3236	-0.062762	0.033533
5.3236	-0.037657	0.041357
5.3236	-0.012552	0.040165
5.3236	0.11297	0.039117
5.3236	0.13808	0.055705
5.3236	0.16318	0.046521
5.3236	0.18828	0.028458
5.3236	0.2636	0.094541
5.3236	0.2887	0.16199
5.3236	0.31381	0.23147
5.3236	0.33891	0.32687
5.3236	0.36402	0.3361
5.3236	0.38912	0.27649
5.3236	0.41423	0.22153
5.3236	0.43933	0.16247
5.3236	0.46444	0.063593
5.3236	0.48954	0.032061
5.3486	-1.0418	0.046648
5.3486	-1.0167	0.16297
5.3486	-0.99163	0.24902
5.3486	-0.96653	0.34348
5.3486	-0.94142	0.5002
5.3486	-0.91632	0.53203
5.3486	-0.89121	0.46221
5.3486	-0.86611	0.37017
5.3486	-0.841	0.26042
5.3486	-0.8159	0.068248
5.3486	-0.74059	0.038614
5.3486	-0.71548	0.064604
5.3486	-0.69038	0.074373
5.3486	-0.66527	0.055923
5.3486	-0.56485	0.035897
5.3486	-0.53975	0.048168
5.3486	-0.51464	0.041157
5.3486	-0.36402	0.039729
5.3486	-0.33891	0.034441
5.3486	-0.21339	0.031715
5.3486	-0.18828	0.031999
5.3486	-0.062762	0.036585
5.3486	-0.037657	0.043152
5.3486	-0.012552	0.04018
5.3486	0.087866	0.028311
5.3486	0.11297	0.048467
5.3486	0.13808	0.063292
5.3486	0.16318	0.050307
5.3486	0.18828	0.028237
5.3486	0.2636	0.13959
5.3486	0.2887	0.23099
5.3486	0.31381	0.3238
5.3486	0.33891	0.44908
5.3486	0.36402	0.45987
5.3486	0.38912	0.37659
5.3486	0.41423	0.30109
5.3486	0.43933	0.22006
5.3486	0.46444	0.084594
5.3486	0.48954	0.041659
5.3737	-1.0167	0.042215
5.3737	-0.99163	0.069963
5.3737	-0.96653	0.10356
5.3737	-0.94142	0.16891
5.3737	-0.91632	0.18784
5.3737	-0.89121	0.17438
5.3737	-0.86611	0.14253
5.3737	-0.841	0.10112
5.3737	-0.71548	0.037296
5.3737	-0.69038	0.04035
5.3737	-0.66527	0.029218
5.3737	-0.53975	0.033086
5.3737	-0.36402	0.03077
5.3737	-0.21339	0.028169
5.3737	-0.062762	0.036334
5.3737	-0.037657	0.041046
5.3737	-0.012552	0.036581
5.3737	0.087866	0.033943
5.3737	0.11297	0.054458
5.3737	0.13808	0.065201
5.3737	0.16318	0.049021
5.3737	0.23849	0.029547
5.3737	0.2636	0.18508
5.3737	0.2887	0.29664
5.3737	0.31381	0.40803
5.3737	0.33891	0.55435
5.3737	0.36402	0.56414
5.3737	0.38912	0.45729
5.3737	0.41423	0.36352
5.3737	0.43933	0.2637
5.3737	0.46444	0.098442
5.3737	0.48954	0.046923
5.3987	-0.91632	0.029763
5.3987	-0.89121	0.036282
5.3987	-0.86611	0.032478
5.3987	-0.062762	0.032809
5.3987	-0.037657	0.035544
5.3987	-0.012552	0.030259
5.3987	0.087866	0.036805
5.3987	0.11297	0.055716
5.3987	0.13808	0.061121
5.3987	0.16318	0.043153
5.3987	0.23849	0.042495
5.3987	0.2636	0.22278
5.3987	0.2887	0.34689
5.3987	0.31381	0.46858
5.3987	0.33891	0.62311
5.3987	0.36402	0.62946
5.3987	0.38912	0.50346
5.3987	0.41423	0.39711
5.3987	0.43933	0.28515
5.3987	0.46444	0.10253
5.3987	0.48954	0.046923
5.4238	-0.062762	0.026782
5.4238	-0.037657	0.02786
5.4238	0.087866	0.036131
5.4238	0.11297	0.051895
5.4238	0.13808	0.052097
5.4238	0.16318	0.034228
5.4238	0.23849	0.05396
5.4238	0.2636	0.2448
5.4238	0.2887	0.37135
5.4238	0.31381	0.49323
5.4238	0.33891	0.64219
5.4238	0.36402	0.64371
5.4238	0.38912	0.50715
5.4238	0.41423	0.39635
5.4238	0.43933	0.28121
5.4238	0.46444	0.096737
5.4238	0.48954	0.042155
5.4489	-1.0669	0.029262
5.4489	-1.0418	0.048708
5.4489	-1.0167	0.087079
5.4489	-0.99163	0.098845
5.4489	-0.96653	0.10226
5.4489	-0.94142	0.083965
5.4489	-0.91632	0.066386
5.4489	-0.89121	0.030174
5.4489	0.087866	0.028875
5.4489	0.11297	0.038673
5.4489	0.13808	0.033863
5.4489	0.23849	0.062245
5.4489	0.2636	0.23799
5.4489	0.2887	0.34906
5.4489	0.31381	0.4534
5.4489	0.33891	0.57338
5.4489	0.36402	0.56824
5.4489	0.38912	0.43723
5.4489	0.41423	0.33656
5.4489	0.43933	0.23398
5.4489	0.46444	0.074436
5.4489	0.48954	0.0296
5.4739	-1.0669	0.039627
5.4739	-1.0418	0.065678
5.4739	-1.0167	0.1207
5.4739	-0.99163	0.14039
5.4739	-0.96653	0.14959
5.4739	-0.94142	0.13218
5.4739	-0.91632	0.10918
5.4739	-0.89121	0.054897
5.4739	-0.86611	0.031947
5.4739	0.11297	0.027554
5.4739	0.23849	0.0593
5.4739	0.2636	0.20729
5.4739	0.2887	0.29846
5.4739	0.31381	0.38292
5.4739	0.33891	0.47643
5.4739	0.36402	0.46902
5.4739	0.38912	0.35553
5.4739	0.41423	0.27085
5.4739	0.43933	0.18557
5.4739	0.46444	0.055605
5.499	-1.0669	0.041578
5.499	-1.0418	0.068333
5.499	-1.0167	0.12682
5.499	-0.99163	0.14923
5.499	-0.96653	0.16129
5.499	-0.94142	0.14724
5.499	-0.91632	0.12372
5.499	-0.89121	0.064117
5.499	-0.86611	0.037575
5.499	0.23849	0.049826
5.499	0.2636	0.16203
5.499	0.2887	0.22993
5.499	0.31381	0.29222
5.499	0.33891	0.35922
5.499	0.36402	0.35184
5.499	0.38912	0.26331
5.499	0.41423	0.1986
5.499	0.43933	0.13407
5.499	0.46444	0.037594
5.524	-1.0669	0.03463
5.524	-1.0418	0.056625
5.524	-1.0167	0.10617
5.524	-0.99163	0.12615
5.524	-0.96653	0.13783
5.524	-0.94142	0.12865
5.524	-0.91632	0.10914
5.524	-0.89121	0.05706
5.524	-0.86611	0.033162
5.524	0.23849	0.036076
5.524	0.2636	0.11121
5.524	0.2887	0.15635
5.524	0.31381	0.19771
5.524	0.33891	0.24178
5.524	0.36402	0.23626
5.524	0.38912	0.1753
5.524	0.41423	0.13109
5.524	0.43933	0.087229
5.5491	-1.0418	0.036343
5.5491	-1.0167	0.069946
5.5491	-0.99163	0.084381
5.5491	-0.96653	0.0936
5.5491	-0.94142	0.089756
5.5491	-0.91632	0.07692
5.5491	-0.89121	0.040437
5.5491	0.2636	0.064222
5.5491	0.2887	0.090247
5.5491	0.31381	0.11441
5.5491	0.33891	0.14093
5.5491	0.36402	0.13811
5.5491	0.38912	0.10246
5.5491	0.41423	0.076193
5.5491	0.43933	0.050076
5.5741	-1.0167	0.03316
5.5741	-0.99163	0.041422
5.5741	-0.96653	0.047432
5.5741	-0.94142	0.047956
5.5741	-0.91632	0.041926
5.5741	0.2636	0.028394
5.5741	0.2887	0.040644
5.5741	0.31381	0.052505
5.5741	0.33891	0.066925
5.5741	0.36402	0.0665
5.5741	0.38912	0.050221
5.5741	0.41423	0.037402
5.6994	-1.0669	0.02799
5.6994	-1.0418	0.035161
5.6994	-1.0167	0.042248
5.6994	-0.99163	0.04086
5.6994	-0.96653	0.036363
5.7244	-1.0669	0.029626
5.7244	-1.0418	0.037361
5.7244	-1.0167	0.045652
5.7244	-0.99163	0.044631
5.7244	-0.96653	0.040177
5.7495	-1.0418	0.032662
5.7495	-1.0167	0.04038
5.7495	-0.99163	0.039751
5.7495	-0.96653	0.036018
5.7745	-1.0167	0.029459
5.7745	-0.99163	0.029223
