-5.9723	1.0026	0.0023248
-5.9723	1.0748	0.0033931
-5.9723	1.1471	0.0014637
-5.9723	2.3032	0.00062431
-5.9723	2.3755	0.0013979
-5.9723	2.4477	0.00082891
-5.9246	1.0748	0.00068537
-5.8293	1.0026	0.0015761
-5.8293	1.0748	0.0013414
-5.8293	2.3032	0.00082934
-5.8293	2.3755	0.00066335
-5.7818	0.93032	0.0013865
-5.7818	1.0026	0.0034043
-5.7818	1.0748	0.002626
-5.7818	2.3032	0.00081377
-5.7818	2.3755	0.00068756
-5.7341	0.93032	0.0020195
-5.7341	1.0026	0.004475
-5.7341	1.0748	0.0031043
-5.6865	0.93032	0.0016082
-5.6865	1.0026	0.0034976
-5.6865	1.0748	0.0023133
-5.6388	1.0026	0.0011328
-5.6388	1.0748	0.0008479
-5.5435	-0.37032	0.00099195
-5.5435	-0.29807	0.00097735
-5.5435	0.93032	0.0019562
-5.5435	1.0026	0.0017846
-5.496	-0.37032	0.0010447
-5.496	-0.29807	0.0010482
-5.496	0.85806	0.00072869
-5.496	0.93032	0.0032022
-5.496	1.0026	0.0032391
-5.496	1.0748	0.00077781
-5.496	2.3032	0.00061797
-5.4482	0.93032	0.0024122
-5.4482	1.0026	0.0024876
-5.4007	0.85806	0.00090564
-5.4007	0.93032	0.002255
-5.4007	1.0026	0.0016453
-5.353	-0.37032	0.00076761
-5.353	0.85806	0.0027158
-5.353	0.93032	0.0056084
-5.353	1.0026	0.0031904
-5.3054	-0.44258	0.0006641
-5.3054	-0.37032	0.0012138
-5.3054	0.85806	0.0046
-5.3054	0.93032	0.0093388
-5.3054	1.0026	0.0052667
-5.2577	-0.37032	0.0008597
-5.2577	0.85806	0.0038964
-5.2577	0.93032	0.0080759
-5.2577	1.0026	0.0046345
-5.2101	0.85806	0.0016563
-5.2101	0.93032	0.0034804
-5.2101	1.0026	0.0020931
-5.1624	0.85806	0.0023103
-5.1624	0.93032	0.0025403
-5.1624	1.0026	0.0009407
-5.1149	-0.44258	0.0010121
-5.1149	-0.37032	0.00093294
-5.1149	0.7858	0.001391
-5.1149	0.85806	0.0061476
-5.1149	0.93032	0.0062263
-5.1149	1.0026	0.0016732
-5.1149	2.1587	0.00080201
-5.1149	2.231	0.00091918
-5.0672	-0.44258	0.00081191
-5.0672	-0.37032	0.00081392
-5.0672	0.7858	0.0017132
-5.0672	0.85806	0.0074101
-5.0672	0.93032	0.0078421
-5.0672	1.0026	0.0020217
-5.0672	2.1587	0.0010987
-5.0672	2.231	0.0012626
-5.0196	0.7858	0.00086713
-5.0196	0.85806	0.0038338
-5.0196	0.93032	0.0044115
-5.0196	1.0026	0.0011297
-5.0196	2.1587	0.00074968
-5.0196	2.231	0.00089692
-4.9719	0.7858	0.0008271
-4.9719	0.85806	0.0017644
-4.9719	0.93032	0.0013802
-4.9243	-0.51484	0.00088093
-4.9243	-0.44258	0.0015286
-4.9243	-0.37032	0.0007313
-4.9243	0.7858	0.0030556
-4.9243	0.85806	0.0055991
-4.9243	0.93032	0.0027956
-4.8766	-0.51484	0.0010414
-4.8766	-0.44258	0.0019188
-4.8766	-0.37032	0.00095011
-4.8766	0.7858	0.004609
-4.8766	0.85806	0.0090242
-4.8766	0.93032	0.0047906
-4.8766	2.1587	0.0012135
-4.8766	2.231	0.00071225
-4.8291	-0.44258	0.00099927
-4.8291	0.7858	0.0024493
-4.8291	0.85806	0.0055115
-4.8291	0.93032	0.003181
-4.8291	2.1587	0.0011701
-4.8291	2.231	0.00071619
-4.7814	0.85806	0.00094159
-4.7338	-0.51484	0.0010421
-4.7338	-0.44258	0.00093321
-4.7338	0.71355	0.0011716
-4.7338	0.7858	0.0048749
-4.7338	0.85806	0.0043631
-4.7338	0.93032	0.0010504
-4.6861	-0.51484	0.0016077
-4.6861	-0.44258	0.0015619
-4.6861	0.71355	0.002739
-4.6861	0.7858	0.011512
-4.6861	0.85806	0.011624
-4.6861	0.93032	0.0030487
-4.6861	2.0865	0.00086657
-4.6861	2.1587	0.00090362
-4.6385	-0.51484	0.00089492
-4.6385	-0.44258	0.00098097
-4.6385	0.71355	0.0025307
-4.6385	0.7858	0.010682
-4.6385	0.85806	0.011517
-4.6385	0.93032	0.0030073
-4.6385	1.0748	0.0006422
-4.6385	2.0865	0.0010114
-4.6385	2.1587	0.0011382
-4.5908	0.71355	0.00092139
-4.5908	0.7858	0.0039301
-4.5908	0.85806	0.0046933
-4.5908	0.93032	0.0012483
-4.5432	-0.51484	0.00066478
-4.5432	0.71355	0.0019204
-4.5432	0.7858	0.0035615
-4.5432	0.85806	0.0020231
-4.4955	-0.5871	0.00061212
-4.4955	-0.51484	0.001261
-4.4955	-0.44258	0.00066652
-4.4955	0.71355	0.0058549
-4.4955	0.7858	0.011185
-4.4955	0.85806	0.0058479
-4.4955	2.0865	0.0011714
-4.4955	2.1587	0.00062895
-4.448	0.71355	0.0065145
-4.448	0.7858	0.013339
-4.448	0.85806	0.0074855
-4.448	0.93032	0.0006318
-4.448	2.0142	0.00095658
-4.448	2.0865	0.0021035
-4.448	2.1587	0.0012387
-4.4003	-0.5871	0.0011565
-4.4003	-0.51484	0.0007925
-4.4003	0.71355	0.0021265
-4.4003	0.7858	0.005421
-4.4003	0.85806	0.0034991
-4.4003	2.0142	0.00067029
-4.4003	2.0865	0.0015447
-4.4003	2.1587	0.00097026
-4.3527	-0.65936	0.0015824
-4.3527	-0.5871	0.0058918
-4.3527	-0.51484	0.0054095
-4.3527	-0.44258	0.0011609
-4.3527	0.71355	0.0010276
-4.3527	0.7858	0.00088349
-4.305	-0.65936	0.0030409
-4.305	-0.5871	0.011321
-4.305	-0.51484	0.011105
-4.305	-0.44258	0.002408
-4.305	-0.29807	0.00066632
-4.305	0.64129	0.0013066
-4.305	0.71355	0.0061718
-4.305	0.7858	0.0061287
-4.305	0.85806	0.0015038
-4.305	2.0142	0.00067449
-4.305	2.0865	0.00068618
-4.2574	-0.65936	0.002772
-4.2574	-0.5871	0.010577
-4.2574	-0.51484	0.010855
-4.2574	-0.44258	0.0022076
-4.2574	-0.37032	0.00076044
-4.2574	-0.29807	0.0010894
-4.2574	-0.15355	0.00065031
-4.2574	0.64129	0.0011907
-4.2574	0.71355	0.0064825
-4.2574	0.7858	0.0080008
-4.2574	0.85806	0.0023244
-4.2574	2.0142	0.0015418
-4.2574	2.0865	0.0016833
-4.2097	-0.65936	0.00075833
-4.2097	-0.5871	0.0037217
-4.2097	-0.51484	0.0045603
-4.2097	-0.44258	0.00092026
-4.2097	-0.37032	0.00071858
-4.2097	-0.29807	0.00084149
-4.2097	-0.15355	0.00085657
-4.2097	0.49677	0.00071701
-4.2097	0.64129	0.00083373
-4.2097	0.71355	0.0015838
-4.2097	0.7858	0.0018019
-4.2097	0.85806	0.00066993
-4.2097	2.0142	0.0013078
-4.2097	2.0865	0.0015591
-4.1622	-0.65936	0.00072415
-4.1622	-0.5871	0.00078934
-4.1622	-0.0090323	0.00066012
-4.1622	0.13549	0.00077311
-4.1622	0.28	0.00094041
-4.1622	0.35226	0.0011738
-4.1622	0.42451	0.00072044
-4.1622	0.49677	0.0027658
-4.1622	0.56903	0.00071403
-4.1622	0.64129	0.010203
-4.1622	0.71355	0.017993
-4.1622	0.7858	0.0078114
-4.1622	0.85806	0.00064947
-4.1145	-0.65936	0.0049666
-4.1145	-0.5871	0.0076454
-4.1145	-0.51484	0.0030233
-4.1145	0.28	0.0010803
-4.1145	0.35226	0.0011406
-4.1145	0.42451	0.0014164
-4.1145	0.49677	0.0044723
-4.1145	0.56903	0.0021836
-4.1145	0.64129	0.034424
-4.1145	0.71355	0.067811
-4.1145	0.7858	0.036603
-4.1145	0.85806	0.0037864
-4.1145	0.93032	0.00078198
-4.0669	-1.8877	0.00060667
-4.0669	-0.73162	0.0010001
-4.0669	-0.65936	0.0085455
-4.0669	-0.5871	0.014789
-4.0669	-0.51484	0.0067431
-4.0669	-0.37032	0.00098116
-4.0669	0.42451	0.0013423
-4.0669	0.49677	0.0034548
-4.0669	0.56903	0.0037471
-4.0669	0.64129	0.052533
-4.0669	0.71355	0.10588
-4.0669	0.7858	0.059968
-4.0669	0.85806	0.0057567
-4.0669	0.93032	0.002906
-4.0669	1.0026	0.0017828
-4.0669	2.0142	0.0012794
-4.0669	2.0865	0.00076132
-4.0192	-0.65936	0.0054072
-4.0192	-0.5871	0.010724
-4.0192	-0.51484	0.0052941
-4.0192	-0.37032	0.0015679
-4.0192	-0.2258	0.00067145
-4.0192	0.49677	0.00091981
-4.0192	0.56903	0.0028489
-4.0192	0.64129	0.037203
-4.0192	0.71355	0.080047
-4.0192	0.7858	0.047508
-4.0192	0.85806	0.0040528
-4.0192	0.93032	0.0044795
-4.0192	1.0026	0.0021903
-4.0192	1.0748	0.00083084
-4.0192	1.1471	0.0012939
-4.0192	2.0142	0.00092257
-4.0192	2.0865	0.00068874
-3.9716	-0.65936	0.00061104
-3.9716	-0.5871	0.0017479
-3.9716	-0.51484	0.0012236
-3.9716	-0.37032	0.00092473
-3.9716	-0.2258	0.00074131
-3.9716	0.13549	0.00083108
-3.9716	0.28	0.00074412
-3.9716	0.64129	0.0064144
-3.9716	0.71355	0.019787
-3.9716	0.7858	0.014837
-3.9716	0.85806	0.0012983
-3.9716	0.93032	0.0031308
-3.9716	1.0026	0.0012773
-3.9716	1.0748	0.0010645
-3.9716	1.1471	0.0013025
-3.9716	1.2916	0.00084499
-3.9716	1.4361	0.0006178
-3.924	-2.0323	0.00066721
-3.924	-1.96	0.0011669
-3.924	-0.73162	0.0019802
-3.924	-0.65936	0.005756
-3.924	-0.5871	0.0037411
-3.924	0.13549	0.00096933
-3.924	0.28	0.0017841
-3.924	0.42451	0.0026579
-3.924	0.49677	0.0014907
-3.924	0.56903	0.0047091
-3.924	0.64129	0.016536
-3.924	0.71355	0.010666
-3.924	0.7858	0.0018625
-3.924	1.2916	0.00073664
-3.924	1.4361	0.00074009
-3.924	1.5806	0.00081825
-3.924	1.7252	0.0006293
-3.924	1.7974	0.00082926
-3.924	1.9419	0.0037625
-3.924	2.0142	0.0038099
-3.924	2.0865	0.0010062
-3.8763	-2.0323	0.0012319
-3.8763	-1.96	0.0023385
-3.8763	-1.8877	0.0011769
-3.8763	-0.73162	0.0053265
-3.8763	-0.65936	0.017674
-3.8763	-0.5871	0.014999
-3.8763	-0.51484	0.0025057
-3.8763	0.28	0.0014978
-3.8763	0.42451	0.0043644
-3.8763	0.49677	0.0020446
-3.8763	0.56903	0.018217
-3.8763	0.64129	0.072924
-3.8763	0.71355	0.066192
-3.8763	0.7858	0.014758
-3.8763	0.93032	0.00099083
-3.8763	1.5806	0.00073618
-3.8763	1.7252	0.00095926
-3.8763	1.7974	0.0010237
-3.8763	1.8697	0.0015358
-3.8763	1.9419	0.009869
-3.8763	2.0142	0.010984
-3.8763	2.0865	0.0033616
-3.8287	-2.0323	0.00081793
-3.8287	-1.96	0.0018102
-3.8287	-1.8877	0.0010102
-3.8287	-0.73162	0.0048894
-3.8287	-0.65936	0.018019
-3.8287	-0.5871	0.017232
-3.8287	-0.51484	0.0029106
-3.8287	-0.44258	0.0014479
-3.8287	-0.37032	0.0014341
-3.8287	-0.2258	0.00090906
-3.8287	0.42451	0.0025142
-3.8287	0.49677	0.001108
-3.8287	0.56903	0.023575
-3.8287	0.64129	0.096414
-3.8287	0.71355	0.097607
-3.8287	0.7858	0.023655
-3.8287	0.85806	0.0017108
-3.8287	0.93032	0.0039227
-3.8287	1.0748	0.00084305
-3.8287	1.7252	0.00067291
-3.8287	1.8697	0.0021142
-3.8287	1.9419	0.012283
-3.8287	2.0142	0.014157
-3.8287	2.0865	0.0044387
-3.7811	-0.73162	0.00078031
-3.7811	-0.65936	0.004282
-3.7811	-0.5871	0.0057471
-3.7811	-0.51484	0.001062
-3.7811	-0.44258	0.0013471
-3.7811	-0.37032	0.0011929
-3.7811	-0.2258	0.00144
-3.7811	-0.081291	0.0013065
-3.7811	0.063226	0.00088938
-3.7811	0.56903	0.0092504
-3.7811	0.64129	0.045542
-3.7811	0.71355	0.055015
-3.7811	0.7858	0.014212
-3.7811	0.85806	0.0022984
-3.7811	0.93032	0.0047188
-3.7811	1.0748	0.0019523
-3.7811	1.2194	0.00067697
-3.7811	1.8697	0.0011093
-3.7811	1.9419	0.0066535
-3.7811	2.0142	0.0084689
-3.7811	2.0865	0.0027637
-3.7334	-2.1045	0.00096077
-3.7334	-2.0323	0.0034056
-3.7334	-1.96	0.002445
-3.7334	-0.80387	0.00084514
-3.7334	-0.73162	0.0067535
-3.7334	-0.65936	0.0078787
-3.7334	-0.5871	0.002164
-3.7334	-0.2258	0.00074635
-3.7334	-0.081291	0.0013455
-3.7334	0.063226	0.001692
-3.7334	0.13549	0.00076805
-3.7334	0.20774	0.0014122
-3.7334	0.28	0.0016844
-3.7334	0.35226	0.00084161
-3.7334	0.42451	0.0026982
-3.7334	0.56903	0.0048821
-3.7334	0.64129	0.0060093
-3.7334	0.71355	0.005374
-3.7334	0.7858	0.0019777
-3.7334	0.85806	0.00092612
-3.7334	0.93032	0.001926
-3.7334	1.0748	0.0015337
-3.7334	1.2194	0.00099117
-3.7334	1.9419	0.00075997
-3.7334	2.0142	0.0014103
-3.7334	2.0865	0.0006163
-3.6858	-2.249	0.0010193
-3.6858	-2.1045	0.004509
-3.6858	-2.0323	0.015682
-3.6858	-1.96	0.012809
-3.6858	-1.8877	0.0025266
-3.6858	-0.94839	0.00067604
-3.6858	-0.87613	0.00089324
-3.6858	-0.80387	0.003494
-3.6858	-0.73162	0.028772
-3.6858	-0.65936	0.043871
-3.6858	-0.5871	0.017563
-3.6858	-0.51484	0.00080845
-3.6858	-0.44258	0.0011567
-3.6858	0.063226	0.0011333
-3.6858	0.20774	0.0019786
-3.6858	0.28	0.0020019
-3.6858	0.35226	0.0025001
-3.6858	0.42451	0.0070617
-3.6858	0.49677	0.0036015
-3.6858	0.56903	0.04755
-3.6858	0.64129	0.076648
-3.6858	0.71355	0.031035
-3.6858	0.7858	0.0018838
-3.6858	1.5806	0.00090666
-3.6858	1.7252	0.0013198
-3.6858	1.8697	0.0027507
-3.6858	1.9419	0.0050386
-3.6858	2.0142	0.0020675
-3.6381	-2.249	0.0018013
-3.6381	-2.1768	0.00061928
-3.6381	-2.1045	0.012183
-3.6381	-2.0323	0.039153
-3.6381	-1.96	0.03181
-3.6381	-1.8877	0.0059623
-3.6381	-1.7432	0.00065865
-3.6381	-0.87613	0.00061852
-3.6381	-0.80387	0.0063142
-3.6381	-0.73162	0.050441
-3.6381	-0.65936	0.08387
-3.6381	-0.5871	0.036067
-3.6381	-0.51484	0.001932
-3.6381	-0.44258	0.0059133
-3.6381	-0.37032	0.0011001
-3.6381	-0.29807	0.0016412
-3.6381	-0.2258	0.00080708
-3.6381	0.20774	0.00072715
-3.6381	0.28	0.00070414
-3.6381	0.35226	0.0023115
-3.6381	0.42451	0.0055431
-3.6381	0.49677	0.0070819
-3.6381	0.56903	0.088066
-3.6381	0.64129	0.16049
-3.6381	0.71355	0.078964
-3.6381	0.7858	0.0056697
-3.6381	0.85806	0.0038337
-3.6381	0.93032	0.0013727
-3.6381	1.7252	0.0014972
-3.6381	1.8697	0.007013
-3.6381	1.9419	0.014662
-3.6381	2.0142	0.0078724
-3.6381	2.0865	0.00087708
-3.5905	-2.249	0.0015869
-3.5905	-2.1768	0.00065572
-3.5905	-2.1045	0.015704
-3.5905	-2.0323	0.04557
-3.5905	-1.96	0.035083
-3.5905	-1.8877	0.0057564
-3.5905	-1.8155	0.00079953
-3.5905	-1.7432	0.00096826
-3.5905	-0.80387	0.0023211
-3.5905	-0.73162	0.023359
-3.5905	-0.65936	0.048235
-3.5905	-0.5871	0.023171
-3.5905	-0.51484	0.0019364
-3.5905	-0.44258	0.0079244
-3.5905	-0.37032	0.0013226
-3.5905	-0.29807	0.0042144
-3.5905	-0.2258	0.001902
-3.5905	-0.15355	0.0018153
-3.5905	-0.081291	0.0020713
-3.5905	0.063226	0.0015806
-3.5905	0.42451	0.0011555
-3.5905	0.49677	0.0049672
-3.5905	0.56903	0.06507
-3.5905	0.64129	0.1384
-3.5905	0.71355	0.076796
-3.5905	0.7858	0.0053659
-3.5905	0.85806	0.0084625
-3.5905	0.93032	0.0028566
-3.5905	1.0026	0.0019145
-3.5905	1.0748	0.0018068
-3.5905	1.2194	0.00081076
-3.5905	1.8697	0.0066216
-3.5905	1.9419	0.014626
-3.5905	2.0142	0.0086064
-3.5905	2.0865	0.00096386
-3.5429	-2.249	0.0012262
-3.5429	-2.1768	0.0008403
-3.5429	-2.1045	0.01815
-3.5429	-2.0323	0.047775
-3.5429	-1.96	0.034266
-3.5429	-1.8877	0.0046778
-3.5429	-1.8155	0.0013111
-3.5429	-1.7432	0.0011287
-3.5429	-1.0929	0.0008457
-3.5429	-0.94839	0.0021169
-3.5429	-0.80387	0.0055752
-3.5429	-0.73162	0.010926
-3.5429	-0.65936	0.0060775
-3.5429	-0.5871	0.002445
-3.5429	-0.51484	0.0006292
-3.5429	-0.44258	0.0030441
-3.5429	-0.29807	0.0035257
-3.5429	-0.2258	0.0013518
-3.5429	-0.15355	0.0028782
-3.5429	-0.081291	0.0028002
-3.5429	-0.0090323	0.0016966
-3.5429	0.063226	0.0042391
-3.5429	0.13549	0.00079387
-3.5429	0.20774	0.0044006
-3.5429	0.28	0.00091285
-3.5429	0.35226	0.0033206
-3.5429	0.42451	0.0016923
-3.5429	0.49677	0.0020847
-3.5429	0.56903	0.007775
-3.5429	0.64129	0.017363
-3.5429	0.71355	0.014358
-3.5429	0.7858	0.0012964
-3.5429	0.85806	0.004782
-3.5429	0.93032	0.0014888
-3.5429	1.0026	0.0021636
-3.5429	1.0748	0.001847
-3.5429	1.1471	0.00073479
-3.5429	1.2194	0.001638
-3.5429	1.3639	0.00109
-3.5429	1.8697	0.0017943
-3.5429	1.9419	0.0053572
-3.5429	2.0142	0.0039611
-3.4952	-2.1768	0.00072818
-3.4952	-2.1045	0.012797
-3.4952	-2.0323	0.031439
-3.4952	-1.96	0.021241
-3.4952	-1.8877	0.0023777
-3.4952	-1.8155	0.001322
-3.4952	-1.7432	0.0008244
-3.4952	-1.1652	0.00082167
-3.4952	-1.0929	0.002021
-3.4952	-1.0206	0.0012948
-3.4952	-0.94839	0.0087568
-3.4952	-0.87613	0.0029298
-3.4952	-0.80387	0.05946
-3.4952	-0.73162	0.16083
-3.4952	-0.65936	0.10837
-3.4952	-0.5871	0.015153
-3.4952	-0.51484	0.0010585
-3.4952	-0.44258	0.00099835
-3.4952	-0.29807	0.00083638
-3.4952	-0.15355	0.0020763
-3.4952	-0.081291	0.0018853
-3.4952	-0.0090323	0.0024818
-3.4952	0.063226	0.0053485
-3.4952	0.13549	0.001973
-3.4952	0.20774	0.010663
-3.4952	0.28	0.0022953
-3.4952	0.35226	0.017677
-3.4952	0.42451	0.0087184
-3.4952	0.49677	0.040813
-3.4952	0.56903	0.14599
-3.4952	0.64129	0.10623
-3.4952	0.71355	0.018028
-3.4952	1.0026	0.00076364
-3.4952	1.0748	0.0006722
-3.4952	1.1471	0.00064016
-3.4952	1.2194	0.0012705
-3.4952	1.3639	0.0015265
-3.4952	1.5084	0.0012436
-3.4952	1.6529	0.00076475
-3.4952	1.7252	0.00084361
-3.4952	1.8697	0.0022182
-3.4952	1.9419	0.0013837
-3.4476	-2.1045	0.0079126
-3.4476	-2.0323	0.018851
-3.4476	-1.96	0.01209
-3.4476	-1.8877	0.0010751
-3.4476	-1.8155	0.0012161
-3.4476	-1.1652	0.0017198
-3.4476	-1.0929	0.0029612
-3.4476	-1.0206	0.003663
-3.4476	-0.94839	0.017888
-3.4476	-0.87613	0.0089293
-3.4476	-0.80387	0.19919
-3.4476	-0.73162	0.5306
-3.4476	-0.65936	0.38365
-3.4476	-0.5871	0.055838
-3.4476	-0.51484	0.012008
-3.4476	-0.44258	0.011926
-3.4476	-0.37032	0.0012177
-3.4476	-0.29807	0.0029404
-3.4476	-0.0090323	0.00060119
-3.4476	0.063226	0.0014588
-3.4476	0.13549	0.0013767
-3.4476	0.20774	0.0068885
-3.4476	0.28	0.0020816
-3.4476	0.35226	0.022263
-3.4476	0.42451	0.0094987
-3.4476	0.49677	0.10792
-3.4476	0.56903	0.41561
-3.4476	0.64129	0.37648
-3.4476	0.71355	0.083737
-3.4476	0.7858	0.0034389
-3.4476	0.85806	0.00702
-3.4476	1.0026	0.00069726
-3.4476	1.3639	0.00090217
-3.4476	1.5084	0.0016045
-3.4476	1.6529	0.0020409
-3.4476	1.7252	0.0019202
-3.4476	1.7974	0.003143
-3.4476	1.8697	0.017002
-3.4476	1.9419	0.015812
-3.4476	2.0142	0.0037242
-3.4	-2.1045	0.001918
-3.4	-2.0323	0.0055686
-3.4	-1.96	0.0039636
-3.4	-1.8155	0.00077532
-3.4	-1.3097	0.00069268
-3.4	-1.1652	0.0037547
-3.4	-1.0929	0.0045962
-3.4	-1.0206	0.01101
-3.4	-0.94839	0.038376
-3.4	-0.87613	0.035452
-3.4	-0.80387	0.6584
-3.4	-0.73162	1.6258
-3.4	-0.65936	1.123
-3.4	-0.5871	0.13893
-3.4	-0.51484	0.065531
-3.4	-0.44258	0.050776
-3.4	-0.37032	0.011091
-3.4	-0.29807	0.025331
-3.4	-0.2258	0.0026881
-3.4	-0.15355	0.010396
-3.4	-0.081291	0.0017754
-3.4	-0.0090323	0.0029656
-3.4	0.063226	0.0011194
-3.4	0.20774	0.00082557
-3.4	0.28	0.00063248
-3.4	0.35226	0.0085505
-3.4	0.42451	0.0039562
-3.4	0.49677	0.10069
-3.4	0.56903	0.39661
-3.4	0.64129	0.38807
-3.4	0.71355	0.087482
-3.4	0.7858	0.008053
-3.4	0.85806	0.016044
-3.4	0.93032	0.0013539
-3.4	1.0026	0.0044233
-3.4	1.0748	0.00076031
-3.4	1.1471	0.00090375
-3.4	1.6529	0.0011139
-3.4	1.7252	0.00093599
-3.4	1.7974	0.0040103
-3.4	1.8697	0.021759
-3.4	1.9419	0.023399
-3.4	2.0142	0.0064804
-3.3523	-1.1652	0.0029016
-3.3523	-1.0929	0.0026591
-3.3523	-1.0206	0.012352
-3.3523	-0.94839	0.032826
-3.3523	-0.87613	0.059789
-3.3523	-0.80387	0.92541
-3.3523	-0.73162	2.2177
-3.3523	-0.65936	1.4997
-3.3523	-0.5871	0.1584
-3.3523	-0.51484	0.15161
-3.3523	-0.44258	0.092039
-3.3523	-0.37032	0.040021
-3.3523	-0.29807	0.072948
-3.3523	-0.2258	0.011659
-3.3523	-0.15355	0.051728
-3.3523	-0.081291	0.008396
-3.3523	-0.0090323	0.031311
-3.3523	0.063226	0.012596
-3.3523	0.13549	0.012585
-3.3523	0.20774	0.012727
-3.3523	0.28	0.0030834
-3.3523	0.35226	0.0072397
-3.3523	0.42451	0.00090721
-3.3523	0.49677	0.029378
-3.3523	0.56903	0.16797
-3.3523	0.64129	0.22136
-3.3523	0.71355	0.055009
-3.3523	0.7858	0.01281
-3.3523	0.85806	0.021163
-3.3523	0.93032	0.0026095
-3.3523	1.0026	0.01055
-3.3523	1.0748	0.0016014
-3.3523	1.1471	0.0042999
-3.3523	1.2194	0.0016299
-3.3523	1.2916	0.0013347
-3.3523	1.3639	0.0012637
-3.3523	1.7974	0.0011765
-3.3523	1.8697	0.0076106
-3.3523	1.9419	0.0099292
-3.3523	2.0142	0.0030504
-3.3047	-2.1045	0.0017258
-3.3047	-2.0323	0.001635
-3.3047	-1.1652	0.0010614
-3.3047	-1.0929	0.00069447
-3.3047	-1.0206	0.0063425
-3.3047	-0.94839	0.012063
-3.3047	-0.87613	0.044905
-3.3047	-0.80387	0.55301
-3.3047	-0.73162	1.2347
-3.3047	-0.65936	0.77428
-3.3047	-0.5871	0.065465
-3.3047	-0.51484	0.12277
-3.3047	-0.44258	0.054817
-3.3047	-0.37032	0.046239
-3.3047	-0.29807	0.062466
-3.3047	-0.2258	0.017285
-3.3047	-0.15355	0.064277
-3.3047	-0.081291	0.010251
-3.3047	-0.0090323	0.059567
-3.3047	0.063226	0.019354
-3.3047	0.13549	0.04344
-3.3047	0.20774	0.039103
-3.3047	0.28	0.026082
-3.3047	0.35226	0.067234
-3.3047	0.42451	0.018567
-3.3047	0.49677	0.18874
-3.3047	0.56903	0.21141
-3.3047	0.64129	0.058036
-3.3047	0.71355	0.0055153
-3.3047	0.7858	0.0040712
-3.3047	0.85806	0.0074313
-3.3047	0.93032	0.0021189
-3.3047	1.0026	0.0090876
-3.3047	1.0748	0.001461
-3.3047	1.1471	0.0072954
-3.3047	1.2194	0.0024262
-3.3047	1.2916	0.0042654
-3.3047	1.3639	0.0036478
-3.3047	1.4361	0.0016738
-3.3047	1.5084	0.0037186
-3.3047	1.6529	0.0029115
-3.3047	1.7974	0.0024905
-3.3047	1.8697	0.0032201
-3.3047	1.9419	0.001386
-3.2571	-2.1045	0.0023799
-3.2571	-2.0323	0.0025588
-3.2571	-1.96	0.00065905
-3.2571	-1.0206	0.003422
-3.2571	-0.94839	0.0047303
-3.2571	-0.87613	0.038012
-3.2571	-0.80387	0.38577
-3.2571	-0.73162	0.80273
-3.2571	-0.65936	0.45556
-3.2571	-0.5871	0.032242
-3.2571	-0.51484	0.107
-3.2571	-0.44258	0.033304
-3.2571	-0.37032	0.053776
-3.2571	-0.29807	0.050623
-3.2571	-0.2258	0.025841
-3.2571	-0.15355	0.067899
-3.2571	-0.081291	0.01346
-3.2571	-0.0090323	0.082746
-3.2571	0.063226	0.019615
-3.2571	0.13549	0.084913
-3.2571	0.20774	0.05571
-3.2571	0.28	0.078517
-3.2571	0.35226	0.15659
-3.2571	0.42451	0.096693
-3.2571	0.49677	1.0266
-3.2571	0.56903	1.4965
-3.2571	0.64129	0.59326
-3.2571	0.71355	0.038325
-3.2571	0.7858	0.010002
-3.2571	0.85806	0.0032352
-3.2571	1.0026	0.00078429
-3.2571	1.1471	0.0020729
-3.2571	1.2194	0.00069243
-3.2571	1.2916	0.0026831
-3.2571	1.3639	0.0020365
-3.2571	1.4361	0.002141
-3.2571	1.5084	0.0040908
-3.2571	1.5806	0.0012823
-3.2571	1.6529	0.0066696
-3.2571	1.7252	0.0014946
-3.2571	1.7974	0.017521
-3.2571	1.8697	0.033056
-3.2571	1.9419	0.014889
-3.2571	2.0142	0.0013759
-3.2094	-2.1045	0.00088408
-3.2094	-2.0323	0.0010496
-3.2094	-1.0206	0.00077339
-3.2094	-0.94839	0.00095318
-3.2094	-0.87613	0.019418
-3.2094	-0.80387	0.19314
-3.2094	-0.73162	0.42041
-3.2094	-0.65936	0.23483
-3.2094	-0.5871	0.019295
-3.2094	-0.51484	0.091927
-3.2094	-0.44258	0.021656
-3.2094	-0.37032	0.068208
-3.2094	-0.29807	0.047069
-3.2094	-0.2258	0.046825
-3.2094	-0.15355	0.088353
-3.2094	-0.081291	0.029059
-3.2094	-0.0090323	0.14542
-3.2094	0.063226	0.029195
-3.2094	0.13549	0.20434
-3.2094	0.20774	0.094575
-3.2094	0.28	0.26405
-3.2094	0.35226	0.37868
-3.2094	0.42451	0.48803
-3.2094	0.49677	4.2163
-3.2094	0.56903	6.021
-3.2094	0.64129	2.4285
-3.2094	0.71355	0.14248
-3.2094	0.7858	0.10137
-3.2094	0.85806	0.033068
-3.2094	0.93032	0.0095185
-3.2094	1.0026	0.0085203
-3.2094	1.0748	0.00069619
-3.2094	1.1471	0.0012552
-3.2094	1.4361	0.00092234
-3.2094	1.5084	0.0015981
-3.2094	1.5806	0.0011777
-3.2094	1.6529	0.0051376
-3.2094	1.7252	0.0016655
-3.2094	1.7974	0.02737
-3.2094	1.8697	0.054608
-3.2094	1.9419	0.028554
-3.2094	2.0142	0.0030259
-3.1618	-0.87613	0.0012494
-3.1618	-0.80387	0.016436
-3.1618	-0.73162	0.047365
-3.1618	-0.65936	0.029762
-3.1618	-0.5871	0.004572
-3.1618	-0.51484	0.023704
-3.1618	-0.44258	0.0048608
-3.1618	-0.37032	0.029061
-3.1618	-0.29807	0.015407
-3.1618	-0.2258	0.03123
-3.1618	-0.15355	0.045309
-3.1618	-0.081291	0.028182
-3.1618	-0.0090323	0.11129
-3.1618	0.063226	0.026859
-3.1618	0.13549	0.23504
-3.1618	0.20774	0.084883
-3.1618	0.28	0.46278
-3.1618	0.35226	0.51507
-3.1618	0.42451	1.3942
-3.1618	0.49677	10.489
-3.1618	0.56903	15.038
-3.1618	0.64129	6.052
-3.1618	0.71355	0.30982
-3.1618	0.7858	0.46715
-3.1618	0.85806	0.12338
-3.1618	0.93032	0.080938
-3.1618	1.0026	0.062808
-3.1618	1.0748	0.012614
-3.1618	1.1471	0.025456
-3.1618	1.2194	0.0023397
-3.1618	1.2916	0.0077463
-3.1618	1.3639	0.0010713
-3.1618	1.4361	0.0010281
-3.1618	1.6529	0.0017984
-3.1618	1.7252	0.0015561
-3.1618	1.7974	0.028375
-3.1618	1.8697	0.060827
-3.1618	1.9419	0.033989
-3.1618	2.0142	0.0033562
-3.1618	2.0865	0.00089107
-3.1141	-2.1768	0.001125
-3.1141	-2.1045	0.0018738
-3.1141	-2.0323	0.00080348
-3.1141	-1.0206	0.0011478
-3.1141	-0.87613	0.0070984
-3.1141	-0.80387	0.018448
-3.1141	-0.73162	0.010875
-3.1141	-0.65936	0.0015932
-3.1141	-0.51484	0.0019561
-3.1141	-0.37032	0.0056411
-3.1141	-0.29807	0.0022412
-3.1141	-0.2258	0.0099398
-3.1141	-0.15355	0.010309
-3.1141	-0.081291	0.012547
-3.1141	-0.0090323	0.035021
-3.1141	0.063226	0.013089
-3.1141	0.13549	0.099388
-3.1141	0.20774	0.028431
-3.1141	0.28	0.26493
-3.1141	0.35226	0.21304
-3.1141	0.42451	1.1716
-3.1141	0.49677	7.5165
-3.1141	0.56903	10.437
-3.1141	0.64129	4.0168
-3.1141	0.71355	0.19324
-3.1141	0.7858	0.51391
-3.1141	0.85806	0.10724
-3.1141	0.93032	0.1427
-3.1141	1.0026	0.090301
-3.1141	1.0748	0.037807
-3.1141	1.1471	0.065182
-3.1141	1.2194	0.0099395
-3.1141	1.2916	0.040518
-3.1141	1.3639	0.0059752
-3.1141	1.4361	0.017753
-3.1141	1.5084	0.0064466
-3.1141	1.5806	0.0052564
-3.1141	1.6529	0.0046726
-3.1141	1.7252	0.0010828
-3.1141	1.7974	0.0075715
-3.1141	1.8697	0.020831
-3.1141	1.9419	0.017337
-3.1141	2.0142	0.0019443
-3.1141	2.0865	0.0013854
-3.1141	2.1587	0.00071011
-3.0665	-2.1768	0.0018397
-3.0665	-2.1045	0.0036764
-3.0665	-2.0323	0.0019958
-3.0665	-1.0206	0.0031899
-3.0665	-0.94839	0.0016199
-3.0665	-0.87613	0.04385
-3.0665	-0.80387	0.13685
-3.0665	-0.73162	0.11271
-3.0665	-0.65936	0.019794
-3.0665	-0.5871	0.0023849
-3.0665	-0.51484	0.0030029
-3.0665	-0.2258	0.0020624
-3.0665	-0.15355	0.0017532
-3.0665	-0.081291	0.0053028
-3.0665	-0.0090323	0.01087
-3.0665	0.063226	0.0079734
-3.0665	0.13549	0.04417
-3.0665	0.20774	0.012731
-3.0665	0.28	0.15285
-3.0665	0.35226	0.084705
-3.0665	0.42451	0.90305
-3.0665	0.49677	4.7091
-3.0665	0.56903	5.8498
-3.0665	0.64129	1.938
-3.0665	0.71355	0.10275
-3.0665	0.7858	0.33676
-3.0665	0.85806	0.049862
-3.0665	0.93032	0.12027
-3.0665	1.0026	0.053893
-3.0665	1.0748	0.04272
-3.0665	1.1471	0.053361
-3.0665	1.2194	0.014015
-3.0665	1.2916	0.047405
-3.0665	1.3639	0.0067169
-3.0665	1.4361	0.034288
-3.0665	1.5084	0.010502
-3.0665	1.5806	0.021629
-3.0665	1.6529	0.019446
-3.0665	1.7252	0.016562
-3.0665	1.7974	0.078032
-3.0665	1.8697	0.055034
-3.0665	1.9419	0.0091774
-3.0189	-2.1768	0.0007417
-3.0189	-2.1045	0.0015083
-3.0189	-2.0323	0.00084329
-3.0189	-1.0206	0.0017845
-3.0189	-0.94839	0.0019806
-3.0189	-0.87613	0.058837
-3.0189	-0.80387	0.20842
-3.0189	-0.73162	0.20094
-3.0189	-0.65936	0.037468
-3.0189	-0.5871	0.01329
-3.0189	-0.51484	0.016119
-3.0189	-0.44258	0.0024642
-3.0189	-0.37032	0.007892
-3.0189	-0.29807	0.00093882
-3.0189	-0.2258	0.0020697
-3.0189	-0.081291	0.00083308
-3.0189	-0.0090323	0.0014739
-3.0189	0.063226	0.0036542
-3.0189	0.13549	0.016751
-3.0189	0.20774	0.0082722
-3.0189	0.28	0.099464
-3.0189	0.35226	0.043815
-3.0189	0.42451	0.88871
-3.0189	0.49677	3.9712
-3.0189	0.56903	4.4894
-3.0189	0.64129	1.2652
-3.0189	0.71355	0.10253
-3.0189	0.7858	0.29049
-3.0189	0.85806	0.033129
-3.0189	0.93032	0.1261
-3.0189	1.0026	0.038189
-3.0189	1.0748	0.054764
-3.0189	1.1471	0.046668
-3.0189	1.2194	0.021571
-3.0189	1.2916	0.050971
-3.0189	1.3639	0.00849
-3.0189	1.4361	0.047526
-3.0189	1.5084	0.010627
-3.0189	1.5806	0.04187
-3.0189	1.6529	0.028178
-3.0189	1.7252	0.055157
-3.0189	1.7974	0.24506
-3.0189	1.8697	0.208
-3.0189	1.9419	0.047304
-3.0189	2.0142	0.0011922
-3.0189	2.0865	0.00099776
-2.9712	-0.87613	0.008923
-2.9712	-0.80387	0.037944
-2.9712	-0.73162	0.043183
-2.9712	-0.65936	0.0081416
-2.9712	-0.5871	0.00728
-2.9712	-0.51484	0.0077487
-2.9712	-0.44258	0.0029004
-2.9712	-0.37032	0.0087821
-2.9712	-0.29807	0.0014408
-2.9712	-0.2258	0.0074556
-2.9712	-0.15355	0.001844
-2.9712	-0.081291	0.0044002
-2.9712	-0.0090323	0.0022167
-2.9712	0.063226	0.0013253
-2.9712	0.13549	0.0016763
-2.9712	0.20774	0.0017759
-2.9712	0.28	0.023665
-2.9712	0.35226	0.014259
-2.9712	0.42451	0.5649
-2.9712	0.49677	2.6617
-2.9712	0.56903	3.1713
-2.9712	0.64129	0.83573
-2.9712	0.71355	0.13856
-2.9712	0.7858	0.29821
-2.9712	0.85806	0.036303
-2.9712	0.93032	0.17298
-2.9712	1.0026	0.036452
-2.9712	1.0748	0.094818
-2.9712	1.1471	0.054956
-2.9712	1.2194	0.045702
-2.9712	1.2916	0.072915
-2.9712	1.3639	0.018603
-2.9712	1.4361	0.082592
-2.9712	1.5084	0.014614
-2.9712	1.5806	0.090232
-2.9712	1.6529	0.042031
-2.9712	1.7252	0.16448
-2.9712	1.7974	0.60685
-2.9712	1.8697	0.49036
-2.9712	1.9419	0.10628
-2.9712	2.0142	0.0026707
-2.9712	2.0865	0.0044471
-2.9236	-0.87613	0.0014172
-2.9236	-0.80387	0.002347
-2.9236	-0.73162	0.0022371
-2.9236	-0.5871	0.0010289
-2.9236	-0.51484	0.00096631
-2.9236	-0.44258	0.00088686
-2.9236	-0.37032	0.0021158
-2.9236	-0.29807	0.00063321
-2.9236	-0.2258	0.0034726
-2.9236	-0.15355	0.00078876
-2.9236	-0.081291	0.0045799
-2.9236	-0.0090323	0.0021192
-2.9236	0.063226	0.0043846
-2.9236	0.13549	0.0049976
-2.9236	0.20774	0.0026384
-2.9236	0.28	0.0070898
-2.9236	0.35226	0.0014544
-2.9236	0.42451	0.02832
-2.9236	0.49677	0.18248
-2.9236	0.56903	0.33519
-2.9236	0.64129	0.10847
-2.9236	0.71355	0.051535
-2.9236	0.7858	0.097552
-2.9236	0.85806	0.021615
-2.9236	0.93032	0.10923
-2.9236	1.0026	0.020505
-2.9236	1.0748	0.10231
-2.9236	1.1471	0.046245
-2.9236	1.2194	0.078087
-2.9236	1.2916	0.0941
-2.9236	1.3639	0.046247
-2.9236	1.4361	0.15384
-2.9236	1.5084	0.030284
-2.9236	1.5806	0.22897
-2.9236	1.6529	0.076894
-2.9236	1.7252	0.58594
-2.9236	1.7974	1.8094
-2.9236	1.8697	1.337
-2.9236	1.9419	0.25424
-2.9236	2.0142	0.007888
-2.9236	2.0865	0.015479
-2.9236	2.1587	0.0011284
-2.9236	2.231	0.0015138
-2.876	-0.94839	0.0010617
-2.876	-0.87613	0.0084696
-2.876	-0.80387	0.012587
-2.876	-0.73162	0.0050466
-2.876	-0.2258	0.00079859
-2.876	-0.081291	0.0020323
-2.876	-0.0090323	0.00071942
-2.876	0.063226	0.0037246
-2.876	0.13549	0.0034271
-2.876	0.20774	0.0049784
-2.876	0.28	0.013343
-2.876	0.35226	0.007477
-2.876	0.42451	0.096008
-2.876	0.49677	0.15028
-2.876	0.56903	0.058712
-2.876	0.64129	0.0039754
-2.876	0.71355	0.0014547
-2.876	0.7858	0.0026515
-2.876	0.85806	0.0021144
-2.876	0.93032	0.009794
-2.876	1.0026	0.0023123
-2.876	1.0748	0.019398
-2.876	1.1471	0.0071216
-2.876	1.2194	0.026771
-2.876	1.2916	0.026176
-2.876	1.3639	0.028062
-2.876	1.4361	0.075966
-2.876	1.5084	0.025076
-2.876	1.5806	0.1945
-2.876	1.6529	0.059981
-2.876	1.7252	0.89739
-2.876	1.7974	2.7277
-2.876	1.8697	2.0969
-2.876	1.9419	0.38741
-2.876	2.0142	0.022272
-2.876	2.0865	0.03949
-2.876	2.1587	0.0025667
-2.876	2.231	0.005886
-2.876	2.3032	0.00088558
-2.8283	-0.94839	0.0033086
-2.8283	-0.87613	0.023857
-2.8283	-0.80387	0.037238
-2.8283	-0.73162	0.015817
-2.8283	-0.65936	0.00081249
-2.8283	-0.5871	0.0020218
-2.8283	0.063226	0.001799
-2.8283	0.13549	0.0012497
-2.8283	0.20774	0.0046339
-2.8283	0.28	0.0097039
-2.8283	0.35226	0.01291
-2.8283	0.42451	0.15622
-2.8283	0.49677	0.28899
-2.8283	0.56903	0.14996
-2.8283	0.64129	0.012724
-2.8283	0.71355	0.0057258
-2.8283	0.7858	0.0027094
-2.8283	1.0748	0.0010445
-2.8283	1.2194	0.0033953
-2.8283	1.2916	0.0025556
-2.8283	1.3639	0.0061335
-2.8283	1.4361	0.012227
-2.8283	1.5084	0.0077387
-2.8283	1.5806	0.046501
-2.8283	1.6529	0.015765
-2.8283	1.7252	0.33858
-2.8283	1.7974	0.96308
-2.8283	1.8697	0.73542
-2.8283	1.9419	0.12617
-2.8283	2.0142	0.015199
-2.8283	2.0865	0.021728
-2.8283	2.1587	0.0017092
-2.8283	2.231	0.0052907
-2.8283	2.3032	0.00065478
-2.8283	2.3755	0.00080612
-2.7807	-0.94839	0.0036641
-2.7807	-0.87613	0.027849
-2.7807	-0.80387	0.049508
-2.7807	-0.73162	0.022762
-2.7807	-0.65936	0.001563
-2.7807	-0.5871	0.0062493
-2.7807	-0.51484	0.0011897
-2.7807	-0.44258	0.002747
-2.7807	-0.37032	0.0015267
-2.7807	-0.29807	0.00080876
-2.7807	-0.2258	0.0011416
-2.7807	0.20774	0.0022815
-2.7807	0.28	0.0039071
-2.7807	0.35226	0.013963
-2.7807	0.42451	0.14954
-2.7807	0.49677	0.28836
-2.7807	0.56903	0.15576
-2.7807	0.64129	0.011772
-2.7807	0.71355	0.01366
-2.7807	0.7858	0.0055711
-2.7807	0.85806	0.0024481
-2.7807	0.93032	0.0028542
-2.7807	1.0748	0.00085314
-2.7807	1.3639	0.00069146
-2.7807	1.4361	0.0012196
-2.7807	1.5084	0.0019053
-2.7807	1.5806	0.0088789
-2.7807	1.6529	0.004895
-2.7807	1.7252	0.10549
-2.7807	1.7974	0.27256
-2.7807	1.8697	0.1926
-2.7807	1.9419	0.027198
-2.7807	2.0142	0.0064706
-2.7807	2.0865	0.0063792
-2.7807	2.1587	0.00072856
-2.7807	2.231	0.0019731
-2.733	-0.87613	0.0047769
-2.733	-0.80387	0.0098567
-2.733	-0.73162	0.0049187
-2.733	-0.65936	0.00064176
-2.733	-0.5871	0.0029521
-2.733	-0.44258	0.0028655
-2.733	-0.37032	0.0013932
-2.733	-0.29807	0.0021506
-2.733	-0.2258	0.002674
-2.733	-0.15355	0.0013719
-2.733	-0.081291	0.0040196
-2.733	-0.0090323	0.00074146
-2.733	0.063226	0.0040345
-2.733	0.13549	0.00092399
-2.733	0.20774	0.0022787
-2.733	0.28	0.0011876
-2.733	0.35226	0.0064798
-2.733	0.42451	0.069027
-2.733	0.49677	0.16379
-2.733	0.56903	0.10102
-2.733	0.64129	0.0074137
-2.733	0.71355	0.018495
-2.733	0.7858	0.0059223
-2.733	0.85806	0.0061306
-2.733	0.93032	0.0055086
-2.733	1.0026	0.0016973
-2.733	1.0748	0.0038428
-2.733	1.2194	0.0020895
-2.733	1.3639	0.00067378
-2.733	1.5806	0.0006145
-2.733	1.6529	0.00098849
-2.733	1.7252	0.022534
-2.733	1.7974	0.062921
-2.733	1.8697	0.045786
-2.733	1.9419	0.0055523
-2.733	2.0142	0.0028064
-2.733	2.0865	0.0019598
-2.733	2.231	0.00079403
-2.6854	-2.249	0.0014988
-2.6854	-2.1768	0.0027648
-2.6854	-2.1045	0.0012874
-2.6854	-0.44258	0.00067156
-2.6854	-0.29807	0.00087694
-2.6854	-0.2258	0.00081208
-2.6854	-0.15355	0.00099861
-2.6854	-0.081291	0.0023304
-2.6854	-0.0090323	0.00096359
-2.6854	0.063226	0.0057538
-2.6854	0.13549	0.0014019
-2.6854	0.20774	0.01092
-2.6854	0.28	0.0059662
-2.6854	0.35226	0.027747
-2.6854	0.42451	0.10129
-2.6854	0.49677	0.082016
-2.6854	0.56903	0.025856
-2.6854	0.64129	0.0020001
-2.6854	0.71355	0.009287
-2.6854	0.7858	0.0031412
-2.6854	0.85806	0.0078572
-2.6854	0.93032	0.0059322
-2.6854	1.0026	0.0045786
-2.6854	1.0748	0.0078789
-2.6854	1.1471	0.0020084
-2.6854	1.2194	0.0078271
-2.6854	1.2916	0.0012491
-2.6854	1.3639	0.0058936
-2.6854	1.4361	0.0020059
-2.6854	1.5084	0.0031461
-2.6854	1.5806	0.0028625
-2.6854	1.6529	0.0015477
-2.6854	1.7252	0.0061539
-2.6854	1.7974	0.0053523
-2.6854	1.8697	0.0038535
-2.6854	2.0142	0.00079216
-2.6378	-2.249	0.00099982
-2.6378	-2.1768	0.0021946
-2.6378	-2.1045	0.00136
-2.6378	-0.94839	0.0014732
-2.6378	-0.87613	0.0037239
-2.6378	-0.80387	0.002447
-2.6378	-0.081291	0.00062804
-2.6378	0.063226	0.0023971
-2.6378	0.13549	0.00072584
-2.6378	0.20774	0.0077851
-2.6378	0.28	0.0034262
-2.6378	0.35226	0.041929
-2.6378	0.42451	0.17477
-2.6378	0.49677	0.17394
-2.6378	0.56903	0.044355
-2.6378	0.64129	0.0015615
-2.6378	0.71355	0.0034416
-2.6378	0.85806	0.00083306
-2.6378	0.93032	0.00083478
-2.6378	1.0026	0.0020429
-2.6378	1.0748	0.0034227
-2.6378	1.1471	0.0024524
-2.6378	1.2194	0.0088901
-2.6378	1.2916	0.0021238
-2.6378	1.3639	0.015414
-2.6378	1.4361	0.0045341
-2.6378	1.5084	0.018689
-2.6378	1.5806	0.015415
-2.6378	1.6529	0.025766
-2.6378	1.7252	0.12442
-2.6378	1.7974	0.10549
-2.6378	1.8697	0.023303
-2.6378	1.9419	0.00060843
-2.5901	-2.1768	0.00083802
-2.5901	-0.94839	0.0037992
-2.5901	-0.87613	0.010231
-2.5901	-0.80387	0.0076185
-2.5901	-0.73162	0.0010674
-2.5901	0.063226	0.00070857
-2.5901	0.20774	0.0037412
-2.5901	0.28	0.001416
-2.5901	0.35226	0.032111
-2.5901	0.42451	0.12431
-2.5901	0.49677	0.12613
-2.5901	0.56903	0.031777
-2.5901	0.64129	0.0023484
-2.5901	0.71355	0.005836
-2.5901	0.85806	0.0014484
-2.5901	1.3639	0.0036635
-2.5901	1.4361	0.0011604
-2.5901	1.5084	0.012372
-2.5901	1.5806	0.0097633
-2.5901	1.6529	0.04653
-2.5901	1.7252	0.25787
-2.5901	1.7974	0.2896
-2.5901	1.8697	0.086176
-2.5901	1.9419	0.0028729
-2.5901	2.0142	0.0038007
-2.5425	-0.94839	0.0042498
-2.5425	-0.87613	0.011868
-2.5425	-0.80387	0.0098274
-2.5425	-0.73162	0.0013128
-2.5425	-0.65936	0.00099785
-2.5425	-0.5871	0.00076229
-2.5425	0.20774	0.0010294
-2.5425	0.35226	0.016661
-2.5425	0.42451	0.061177
-2.5425	0.49677	0.061329
-2.5425	0.56903	0.014038
-2.5425	0.64129	0.0021578
-2.5425	0.71355	0.0042144
-2.5425	0.85806	0.0019566
-2.5425	1.0026	0.00070135
-2.5425	1.5084	0.00095952
-2.5425	1.5806	0.00065328
-2.5425	1.6529	0.0092735
-2.5425	1.7252	0.053756
-2.5425	1.7974	0.071025
-2.5425	1.8697	0.024446
-2.5425	1.9419	0.0010855
-2.5425	2.0142	0.0029174
-2.4949	-1.0206	0.001204
-2.4949	-0.94839	0.011273
-2.4949	-0.87613	0.018
-2.4949	-0.80387	0.0085875
-2.4949	-0.73162	0.00072473
-2.4949	-0.65936	0.0010885
-2.4949	-0.5871	0.00075239
-2.4949	-0.44258	0.00083974
-2.4949	-0.29807	0.00069163
-2.4949	0.35226	0.0033795
-2.4949	0.42451	0.014614
-2.4949	0.49677	0.016612
-2.4949	0.56903	0.0036711
-2.4949	0.64129	0.0012473
-2.4949	0.71355	0.0018484
-2.4949	0.85806	0.0013545
-2.4949	1.0026	0.00082688
-2.4949	1.7252	0.0034159
-2.4949	1.7974	0.0055465
-2.4949	1.8697	0.002125
-2.4472	-1.0206	0.0016655
-2.4472	-0.94839	0.014425
-2.4472	-0.87613	0.025464
-2.4472	-0.80387	0.012476
-2.4472	-0.73162	0.00075803
-2.4472	-0.65936	0.0014542
-2.4472	-0.29807	0.00085435
-2.4472	-0.15355	0.001522
-2.4472	-0.0090323	0.0015201
-2.4472	0.063226	0.00095188
-2.4472	0.13549	0.00096623
-2.4472	0.20774	0.001707
-2.4472	0.28	0.00072758
-2.4472	0.35226	0.0057487
-2.4472	0.42451	0.005714
-2.4472	0.49677	0.0019141
-2.4472	1.5084	0.00085968
-2.4472	1.6529	0.0020901
-2.4472	1.7252	0.003748
-2.4472	1.7974	0.001636
-2.3996	-1.0206	0.0015205
-2.3996	-0.94839	0.011111
-2.3996	-0.87613	0.018684
-2.3996	-0.80387	0.0086711
-2.3996	-0.65936	0.0017833
-2.3996	-0.15355	0.00067178
-2.3996	-0.0090323	0.0024635
-2.3996	0.063226	0.0013762
-2.3996	0.13549	0.0047762
-2.3996	0.20774	0.0068705
-2.3996	0.28	0.0079621
-2.3996	0.35226	0.061593
-2.3996	0.42451	0.076203
-2.3996	0.49677	0.02634
-2.3996	0.56903	0.0014019
-2.3996	1.5084	0.0010062
-2.3996	1.6529	0.0048054
-2.3996	1.7252	0.009481
-2.3996	1.7974	0.0050146
-2.352	-1.0206	0.0010141
-2.352	-0.94839	0.0063976
-2.352	-0.87613	0.01008
-2.352	-0.80387	0.004226
-2.352	-0.65936	0.0012903
-2.352	-0.51484	0.00065207
-2.352	0.13549	0.0018286
-2.352	0.20774	0.0029796
-2.352	0.28	0.014304
-2.352	0.35226	0.13679
-2.352	0.42451	0.23306
-2.352	0.49677	0.10478
-2.352	0.56903	0.0059286
-2.352	0.64129	0.0057453
-2.352	0.71355	0.0016821
-2.352	1.5084	0.00065206
-2.352	1.6529	0.0054088
-2.352	1.7252	0.010393
-2.352	1.7974	0.0055999
-2.3043	-0.94839	0.0026492
-2.3043	-0.87613	0.0039229
-2.3043	-0.80387	0.0014569
-2.3043	-0.65936	0.00065104
-2.3043	-0.0090323	0.00085444
-2.3043	0.13549	0.00086139
-2.3043	0.28	0.0020244
-2.3043	0.35226	0.01572
-2.3043	0.42451	0.037346
-2.3043	0.49677	0.027204
-2.3043	0.56903	0.0023826
-2.3043	0.64129	0.0075224
-2.3043	0.71355	0.0025824
-2.3043	0.7858	0.0022683
-2.3043	0.85806	0.0019856
-2.3043	1.0026	0.00074745
-2.3043	1.6529	0.0035407
-2.3043	1.7252	0.0067552
-2.3043	1.7974	0.0036283
-2.2567	-0.94839	0.00074045
-2.2567	-0.87613	0.0010128
-2.2567	-0.0090323	0.0009444
-2.2567	0.13549	0.0017471
-2.2567	0.20774	0.00078933
-2.2567	0.28	0.0051104
-2.2567	0.35226	0.019498
-2.2567	0.42451	0.016911
-2.2567	0.49677	0.0040487
-2.2567	1.0026	0.00096364
-2.2567	1.1471	0.0012417
-2.2567	1.2916	0.00083162
-2.2567	1.6529	0.00090841
-2.2567	1.7252	0.0019735
-2.2567	1.7974	0.0012132
-2.209	-0.0090323	0.00065085
-2.209	0.13549	0.0018431
-2.209	0.20774	0.00064654
-2.209	0.28	0.0088328
-2.209	0.35226	0.032199
-2.209	0.42451	0.029619
-2.209	0.49677	0.0070383
-2.209	0.64129	0.00078061
-2.209	1.2916	0.00085932
-2.209	1.4361	0.0013769
-2.209	1.5084	0.0010407
-2.209	1.5806	0.0020951
-2.209	1.6529	0.0081658
-2.209	1.7252	0.0052849
-2.209	1.7974	0.00085056
-2.1614	0.13549	0.0012661
-2.1614	0.28	0.0090714
-2.1614	0.35226	0.030304
-2.1614	0.42451	0.027413
-2.1614	0.49677	0.0061099
-2.1614	0.64129	0.0011642
-2.1614	1.5806	0.002039
-2.1614	1.6529	0.011662
-2.1614	1.7252	0.013812
-2.1614	1.7974	0.0040918
-2.1138	0.28	0.0061809
-2.1138	0.35226	0.019011
-2.1138	0.42451	0.016499
-2.1138	0.49677	0.0032637
-2.1138	0.64129	0.00095232
-2.1138	1.6529	0.0018829
-2.1138	1.7252	0.0025909
-2.1138	1.7974	0.0009281
-2.0661	0.28	0.0027422
-2.0661	0.35226	0.0079468
-2.0661	0.42451	0.0065868
-2.0661	0.49677	0.0011195
-2.0185	0.28	0.00079055
-2.0185	0.35226	0.0021106
-2.0185	0.42451	0.0016038
-2.0185	1.5806	0.00072372
-2.0185	1.6529	0.0013955
-2.0185	1.7252	0.00069737
-1.9709	0.35226	0.00070632
-1.9709	1.5806	0.0012707
-1.9709	1.6529	0.0024063
-1.9709	1.7252	0.0012647
-1.9232	0.28	0.00083183
-1.9232	0.35226	0.0010265
-1.9232	1.5806	0.0013152
-1.9232	1.6529	0.0023481
-1.9232	1.7252	0.0012019
-1.8756	0.28	0.0012969
-1.8756	0.35226	0.0014992
-1.8756	1.5806	0.00087956
-1.8756	1.6529	0.0014794
-1.8756	1.7252	0.0007195
-1.828	0.28	0.0015882
-1.828	0.35226	0.0017174
-1.7803	0.28	0.0014616
-1.7803	0.35226	0.0015197
-1.7327	0.28	0.00085274
-1.7327	0.35226	0.00090494
-1.5422	0.28	0.00086701
-1.4945	0.28	0.0007378
-1.3516	0.20774	0.0010623
-1.3516	0.28	0.0010488
-1.3041	0.13549	0.0010138
-1.3041	0.20774	0.0043329
-1.3041	0.28	0.0049938
-1.3041	0.35226	0.0011559
-1.2563	0.063226	0.0014739
-1.2563	0.13549	0.039728
-1.2563	0.20774	0.11725
-1.2563	0.28	0.072935
-1.2563	0.35226	0.014207
-1.2563	0.42451	0.0041635
-1.2563	0.49677	0.0051424
-1.2563	0.56903	0.00072926
-1.2563	0.64129	0.0028653
-1.2563	0.7858	0.0012979
-1.2087	-0.081291	0.0011574
-1.2087	-0.0090323	0.0039805
-1.2087	0.063226	0.0014003
-1.2087	0.13549	0.0072163
-1.2087	0.20774	0.0091383
-1.2087	0.28	0.0043423
-1.2087	0.93032	0.0009997
-1.2087	1.0026	0.00074158
-1.1611	-0.2258	0.00094746
-1.1611	-0.15355	0.00090418
-1.1611	0.13549	0.00098846
-1.1611	0.20774	0.0017239
-1.1611	0.28	0.00089647
-1.1611	1.1471	0.00076307
-1.1611	1.2916	0.00078393
-1.1134	1.2916	0.00077858
-1.1134	1.3639	0.0007286
-1.1134	1.4361	0.0060797
-1.1134	1.5084	0.0022277
-1.0659	1.4361	0.0040832
-1.0659	1.5084	0.013683
-1.0659	1.5806	0.0054365
-1.0182	1.5084	0.00089581
-1.0182	1.5806	0.0012683
0.12505	-1.0929	0.00067187
0.17268	-1.0929	0.00087459
0.26795	-1.0206	0.00096437
0.36322	-1.0206	0.00076949
0.41086	-1.0206	0.0019139
0.45849	-1.0206	0.0010392
0.45849	-0.94839	0.0013198
0.50612	-0.94839	0.0043916
0.50612	-0.081291	0.00063601
0.55376	-0.94839	0.0028067
0.6014	-0.87613	0.002508
0.64903	-0.87613	0.014034
0.69666	-0.87613	0.0075995
0.69666	-0.80387	0.0053536
0.69666	-0.15355	0.0014018
0.69666	-0.081291	0.0011783
0.7443	-1.4542	0.00065789
0.7443	-0.87613	0.0012311
0.7443	-0.80387	0.040103
0.7443	-0.15355	0.0016323
0.7443	-0.081291	0.0014667
0.7443	2.4477	0.0007054
0.79194	-1.4542	0.00073689
0.79194	-0.87613	0.0012067
0.79194	-0.80387	0.022213
0.79194	-0.73162	0.003821
0.79194	-0.15355	0.00060963
0.79194	-0.081291	0.00067339
0.83957	-0.87613	0.0011621
0.83957	-0.80387	0.0019175
0.83957	-0.73162	0.026463
0.83957	-0.65936	0.0027593
0.88721	-0.87613	0.0009006
0.88721	-0.80387	0.00076335
0.88721	-0.73162	0.0061461
0.88721	-0.65936	0.078092
0.88721	-0.5871	0.00063949
0.88721	-0.2258	0.003556
0.88721	-0.15355	0.0048869
0.88721	-0.081291	0.0019218
0.93484	-0.73162	0.0012066
0.93484	-0.65936	0.012082
0.93484	-0.5871	0.0075807
0.93484	-0.51484	0.0010484
0.93484	-0.44258	0.00079343
0.93484	-0.37032	0.00084193
0.93484	-0.29807	0.0017495
0.93484	-0.2258	0.011933
0.93484	-0.15355	0.015966
0.93484	-0.081291	0.0063863
0.93484	1.1471	0.00088897
0.98247	-0.65936	0.00077935
0.98247	-0.5871	0.038672
0.98247	-0.51484	0.033472
0.98247	-0.44258	0.0020817
0.98247	-0.37032	0.0012435
0.98247	-0.29807	0.0049794
0.98247	-0.2258	0.02587
0.98247	-0.15355	0.031399
0.98247	-0.081291	0.011561
0.98247	0.063226	0.0010592
0.98247	1.1471	0.0011273
0.98247	1.2194	0.00072314
1.0301	-0.5871	0.00077145
1.0301	-0.51484	0.0054842
1.0301	-0.44258	0.038731
1.0301	-0.37032	0.0026337
1.0301	-0.29807	0.011989
1.0301	-0.2258	0.045057
1.0301	-0.15355	0.04678
1.0301	-0.081291	0.014915
1.0301	-0.0090323	0.00069008
1.0301	0.063226	0.0019567
1.0777	-0.44258	0.041833
1.0777	-0.37032	0.030206
1.0777	-0.29807	0.039899
1.0777	-0.2258	0.078656
1.0777	-0.15355	0.061474
1.0777	-0.081291	0.015623
1.0777	-0.0090323	0.00092141
1.0777	0.063226	0.0026854
1.0777	0.20774	0.0011076
1.0777	0.28	0.00076522
1.0777	0.35226	0.00060878
1.0777	0.42451	0.00099694
1.0777	1.0748	0.0015798
1.0777	1.1471	0.0016081
1.1254	-0.37032	0.0060704
1.1254	-0.29807	0.48363
1.1254	-0.2258	0.62043
1.1254	-0.15355	0.10175
1.1254	-0.081291	0.015889
1.1254	-0.0090323	0.0014733
1.1254	0.063226	0.0030652
1.1254	0.13549	0.00061069
1.1254	0.20774	0.0016718
1.1254	0.28	0.00090888
1.1254	0.35226	0.0013482
1.1254	0.42451	0.0017572
1.1254	0.85806	0.00090113
1.1254	0.93032	0.00064026
1.1254	1.0026	0.0045297
1.1254	1.0748	0.028648
1.1254	1.1471	0.050033
1.1254	1.2194	0.039408
1.1254	1.2916	0.0038806
1.1254	1.3639	0.002437
1.173	-0.29807	0.01034
1.173	-0.2258	0.63085
1.173	-0.15355	0.69261
1.173	-0.081291	0.089981
1.173	-0.0090323	0.0034933
1.173	0.063226	0.0037149
1.173	0.13549	0.00093932
1.173	0.20774	0.0023124
1.173	0.28	0.0011266
1.173	0.35226	0.0026933
1.173	0.42451	0.0028419
1.173	0.49677	0.0007545
1.173	0.56903	0.0012423
1.173	0.71355	0.00082759
1.173	0.85806	0.0046007
1.173	0.93032	0.0028614
1.173	1.0026	0.16715
1.173	1.0748	1.3531
1.173	1.1471	1.1853
1.173	1.2194	0.20792
1.173	1.2916	0.0013512
1.173	1.3639	0.00082569
1.2207	-0.29807	0.0022066
1.2207	-0.2258	0.0074846
1.2207	-0.15355	0.013629
1.2207	-0.081291	0.021259
1.2207	-0.0090323	0.020553
1.2207	0.063226	0.022425
1.2207	0.13549	0.0075759
1.2207	0.20774	0.0071584
1.2207	0.28	0.0029345
1.2207	0.35226	0.008049
1.2207	0.42451	0.0073686
1.2207	0.49677	0.0045771
1.2207	0.56903	0.0064156
1.2207	0.64129	0.0013491
1.2207	0.71355	0.0088561
1.2207	0.7858	0.0074896
1.2207	0.85806	0.079457
1.2207	0.93032	0.027063
1.2207	1.0026	0.39262
1.2207	1.0748	0.36244
1.2207	1.1471	0.1092
1.2207	1.2194	0.012513
1.2683	-0.29807	0.0027607
1.2683	-0.2258	0.0067272
1.2683	-0.15355	0.004793
1.2683	-0.081291	0.00062031
1.2683	-0.0090323	0.00065382
1.2683	0.063226	0.00083682
1.2683	0.13549	0.0025595
1.2683	0.20774	0.016206
1.2683	0.28	0.010147
1.2683	0.35226	0.04422
1.2683	0.42451	0.048688
1.2683	0.49677	0.042642
1.2683	0.56903	0.03642
1.2683	0.64129	0.0064565
1.2683	0.71355	0.012021
1.2683	0.7858	0.0014338
1.2683	0.85806	0.0054504
1.2683	0.93032	0.0012932
1.2683	1.0026	0.017892
1.2683	1.0748	0.03472
1.2683	1.1471	0.019618
1.2683	1.2194	0.0028798
1.3159	-0.29807	0.0020093
1.3159	-0.2258	0.0044795
1.3159	-0.15355	0.0026536
1.3159	1.0026	0.0040559
1.3159	1.0748	0.0083745
1.3159	1.1471	0.0051254
1.3159	1.2194	0.00073322
1.3636	-0.29807	0.00065578
1.3636	-0.2258	0.0015441
1.3636	-0.15355	0.00085741
1.3636	1.0026	0.00096323
1.3636	1.0748	0.0019625
1.3636	1.1471	0.0012134
1.4588	-0.29807	0.0008326
1.4588	-0.2258	0.00066014
1.5065	-0.29807	0.0016593
1.5065	-0.2258	0.0014593
1.5541	-0.29807	0.0014025
1.5541	-0.2258	0.0012835
1.6494	-0.29807	0.00075926
1.697	-0.37032	0.0015536
1.697	-0.29807	0.0023783
1.697	-0.2258	0.0010023
1.7447	-1.671	0.00089515
1.7447	-1.5987	0.0010911
1.7447	-0.37032	0.0022378
1.7447	-0.29807	0.0035206
1.7447	-0.2258	0.0015074
1.7923	-1.671	0.0011088
1.7923	-1.5987	0.0013497
1.7923	-0.37032	0.0014681
1.7923	-0.29807	0.002499
1.7923	-0.2258	0.0011009
1.8399	-1.671	0.00081595
1.8399	-1.5987	0.0010013
1.8876	-0.37032	0.0014943
1.8876	-0.29807	0.00082903
1.9352	-0.44258	0.0023105
1.9352	-0.37032	0.0062719
1.9352	-0.29807	0.0042918
1.9352	-0.2258	0.00065341
1.9829	-0.5871	0.00063186
1.9829	-0.44258	0.0043784
1.9829	-0.37032	0.011574
1.9829	-0.29807	0.0081774
1.9829	-0.2258	0.0012047
2.0305	-0.44258	0.0049635
2.0305	-0.37032	0.012697
2.0305	-0.29807	0.0089123
2.0305	-0.2258	0.0011729
2.0781	-0.44258	0.0032352
2.0781	-0.37032	0.0084389
2.0781	-0.29807	0.0060019
2.0781	-0.2258	0.00069767
2.1258	-0.44258	0.00079595
2.1258	-0.37032	0.0026517
2.1258	-0.29807	0.0021701
2.1258	0.93032	0.00082672
2.1734	0.85806	0.0024263
2.1734	0.93032	0.0038781
2.1734	1.0026	0.0016852
2.221	-0.51484	0.00073492
2.221	-0.44258	0.0028864
2.221	-0.37032	0.0025331
2.221	0.71355	0.0006912
2.221	0.7858	0.00068217
2.221	0.85806	0.0077356
2.221	0.93032	0.013328
2.221	1.0026	0.0064328
2.2687	-0.51484	0.0018751
2.2687	-0.44258	0.0071858
2.2687	-0.37032	0.0072518
2.2687	-0.29807	0.0020047
2.2687	0.64129	0.00061251
2.2687	0.71355	0.0010299
2.2687	0.7858	0.00255
2.2687	0.85806	0.026008
2.2687	0.93032	0.043284
2.2687	1.0026	0.018358
2.2687	1.0748	0.00095924
2.2687	1.1471	0.00096499
2.3162	-0.51484	0.0032512
2.3162	-0.44258	0.011367
2.3162	-0.37032	0.011679
2.3162	-0.29807	0.0032834
2.3162	0.71355	0.00068758
2.3162	0.7858	0.0021352
2.3162	0.85806	0.014761
2.3162	0.93032	0.017079
2.3162	1.0026	0.0050895
2.3639	-1.7432	0.00081602
2.3639	-1.671	0.00069119
2.3639	-0.51484	0.0044081
2.3639	-0.44258	0.014312
2.3639	-0.37032	0.014805
2.3639	-0.29807	0.0040723
2.3639	-0.15355	0.0012484
2.3639	-0.0090323	0.00073388
2.3639	0.85806	0.0008042
2.3639	0.93032	0.0012881
2.4116	-1.7432	0.00086223
2.4116	-1.671	0.0007349
2.4116	-0.51484	0.0037914
2.4116	-0.44258	0.012674
2.4116	-0.37032	0.014208
2.4116	-0.29807	0.003933
2.4116	-0.2258	0.00098013
2.4116	-0.15355	0.0016405
2.4116	-0.0090323	0.00084451
2.4591	-0.65936	0.00067462
2.4591	-0.5871	0.00078215
2.4591	-0.51484	0.0025183
2.4591	-0.44258	0.0032593
2.4591	-0.37032	0.002
2.4591	0.85806	0.0010498
2.5068	-1.0206	0.0011469
2.5068	-0.94839	0.00077353
2.5068	-0.87613	0.0013232
2.5068	-0.80387	0.0011671
2.5068	-0.73162	0.0014245
2.5068	-0.65936	0.0019995
2.5068	-0.5871	0.0016081
2.5068	-0.51484	0.010778
2.5068	-0.44258	0.013275
2.5068	-0.37032	0.0051221
2.5068	0.7858	0.00097276
2.5068	0.85806	0.0019447
2.5068	0.93032	0.0011362
2.5068	2.231	0.00066024
2.5545	-1.8155	0.0014453
2.5545	-1.7432	0.0019945
2.5545	-1.0206	0.00066227
2.5545	-0.87613	0.00061845
2.5545	-0.73162	0.00075091
2.5545	-0.65936	0.00076724
2.5545	-0.5871	0.0015255
2.5545	-0.51484	0.010467
2.5545	-0.44258	0.014283
2.5545	-0.37032	0.0060833
2.5545	0.7858	0.0013435
2.5545	0.85806	0.0025669
2.5545	0.93032	0.0015287
2.5545	2.231	0.0008467
2.602	-1.8877	0.0010662
2.602	-1.8155	0.0071194
2.602	-1.7432	0.011154
2.602	-1.671	0.0035846
2.602	-1.5265	0.0011811
2.602	-0.5871	0.0011993
2.602	-0.51484	0.0076843
2.602	-0.44258	0.011192
2.602	-0.37032	0.0049545
2.602	0.7858	0.0015996
2.602	0.85806	0.002912
2.602	0.93032	0.0017269
2.6497	-1.8877	0.0026962
2.6497	-1.8155	0.010199
2.6497	-1.7432	0.010045
2.6497	-1.671	0.0020904
2.6497	-0.5871	0.00068838
2.6497	-0.51484	0.0043185
2.6497	-0.44258	0.0070253
2.6497	-0.37032	0.0033318
2.6497	-0.2258	0.0006807
2.6497	0.7858	0.0011068
2.6497	0.85806	0.0019818
2.6497	0.93032	0.0011615
2.6973	-1.8877	0.001766
2.6973	-1.8155	0.0039586
2.6973	-1.7432	0.0025855
2.6973	-0.51484	0.0013814
2.6973	-0.44258	0.0027679
2.6973	-0.37032	0.0016602
2.6973	-0.2258	0.00075314
2.6973	0.13549	0.00071819
2.7449	-1.8877	0.0013699
2.7449	-1.8155	0.0030833
2.7449	-1.7432	0.0019387
2.7449	-0.5871	0.0020522
2.7449	-0.51484	0.0055689
2.7449	-0.44258	0.0031532
2.7449	0.7858	0.001039
2.7449	0.85806	0.0009362
2.7927	-1.8877	0.0011304
2.7927	-1.8155	0.0027876
2.7927	-1.7432	0.0018946
2.7927	-0.73162	0.0010189
2.7927	-0.5871	0.0051171
2.7927	-0.51484	0.01314
2.7927	-0.44258	0.0079608
2.7927	-0.37032	0.00085229
2.7927	0.7858	0.0013081
2.7927	0.85806	0.0012029
2.8402	-1.8877	0.00093333
2.8402	-1.8155	0.0025949
2.8402	-1.7432	0.0018811
2.8402	-0.5871	0.0026924
2.8402	-0.51484	0.0066732
2.8402	-0.44258	0.0044368
2.8402	0.7858	0.0012015
2.8402	0.85806	0.0011262
2.8879	-1.8155	0.00098309
2.8879	-0.5871	0.002378
2.8879	-0.51484	0.0045412
2.8879	-0.44258	0.0026613
2.8879	0.7858	0.00086346
2.8879	0.85806	0.00088418
2.9356	-1.8877	0.00077686
2.9356	-1.8155	0.00098416
2.9356	-0.65936	0.00072794
2.9356	-0.5871	0.0066958
2.9356	-0.51484	0.01014
2.9356	-0.44258	0.0044699
2.9831	-1.8877	0.001699
2.9831	-1.8155	0.0022269
2.9831	-1.7432	0.00074622
2.9831	-0.80387	0.00095225
2.9831	-0.73162	0.0012027
2.9831	-0.65936	0.0030817
2.9831	-0.5871	0.024821
2.9831	-0.51484	0.036487
2.9831	-0.44258	0.014613
2.9831	-0.37032	0.00072574
2.9831	-0.29807	0.0011865
3.0308	-1.8877	0.0028589
3.0308	-1.8155	0.0040103
3.0308	-1.7432	0.0012861
3.0308	-0.80387	0.00099766
3.0308	-0.73162	0.0010355
3.0308	-0.65936	0.0045114
3.0308	-0.5871	0.031272
3.0308	-0.51484	0.042466
3.0308	-0.44258	0.015022
3.0308	-0.37032	0.00064631
3.0308	-0.29807	0.0015983
3.0308	0.7858	0.00069615
3.0784	-1.8877	0.0022744
3.0784	-1.8155	0.0031742
3.0784	-1.7432	0.00092695
3.0784	-0.65936	0.0011469
3.0784	-0.5871	0.0073788
3.0784	-0.51484	0.010334
3.0784	-0.44258	0.0036095
3.0784	-0.29807	0.00071735
3.0784	0.71355	0.00062489
3.0784	0.7858	0.00088313
3.126	-1.8877	0.0011243
3.126	-1.8155	0.00075493
3.126	-0.65936	0.0011057
3.126	-0.5871	0.0036665
3.126	-0.51484	0.0036989
3.126	-0.44258	0.0011222
3.126	0.71355	0.001692
3.126	0.7858	0.0017675
3.1737	-1.96	0.00073763
3.1737	-1.8877	0.0016686
3.1737	-1.8155	0.0010212
3.1737	-0.80387	0.00080695
3.1737	-0.65936	0.005308
3.1737	-0.5871	0.015273
3.1737	-0.51484	0.011994
3.1737	-0.44258	0.0023998
3.1737	0.64129	0.00095532
3.1737	0.71355	0.0036534
3.1737	0.7858	0.0029932
3.1737	0.85806	0.00067104
3.2213	-1.96	0.00082161
3.2213	-1.8877	0.0020827
3.2213	-1.8155	0.0013965
3.2213	-0.80387	0.0010017
3.2213	-0.65936	0.010293
3.2213	-0.5871	0.028192
3.2213	-0.51484	0.02109
3.2213	-0.44258	0.0034412
3.2213	-0.29807	0.00077797
3.2213	0.64129	0.00076927
3.2213	0.71355	0.0026765
3.2213	0.7858	0.002114
3.2689	-1.8877	0.0010688
3.2689	-1.8155	0.00075974
3.2689	-0.65936	0.0043908
3.2689	-0.5871	0.012117
3.2689	-0.51484	0.0091753
3.2689	-0.44258	0.0012844
3.2689	0.71355	0.0017626
3.2689	0.7858	0.0014695
3.3166	-0.65936	0.0017422
3.3166	-0.5871	0.0039103
3.3166	-0.51484	0.0029084
3.3166	0.71355	0.0010643
3.3166	0.7858	0.00090276
3.3642	-1.96	0.001655
3.3642	-1.8877	0.0020084
3.3642	-1.8155	0.00064172
3.3642	-0.80387	0.00072553
3.3642	-0.73162	0.00099277
3.3642	-0.65936	0.0072969
3.3642	-0.5871	0.0090326
3.3642	-0.51484	0.0032358
3.3642	0.71355	0.00092527
3.4118	-2.0323	0.00071102
3.4118	-1.96	0.0036329
3.4118	-1.8877	0.0045924
3.4118	-1.8155	0.0014405
3.4118	-0.73162	0.0016353
3.4118	-0.65936	0.011216
3.4118	-0.5871	0.014476
3.4118	-0.51484	0.0050314
3.4118	0.64129	0.0013196
3.4118	0.71355	0.0020163
3.4118	0.7858	0.00088186
3.4595	-1.96	0.0017001
3.4595	-1.8877	0.0022459
3.4595	-1.8155	0.00067005
3.4595	-0.73162	0.0011144
3.4595	-0.65936	0.0079765
3.4595	-0.5871	0.011556
3.4595	-0.51484	0.0042081
3.4595	-0.37032	0.00068655
3.4595	0.64129	0.0021742
3.4595	0.71355	0.0033555
3.4595	0.7858	0.0014412
3.5071	-1.8877	0.00062133
3.5071	-0.65936	0.0024219
3.5071	-0.5871	0.0042827
3.5071	-0.51484	0.0016483
3.5071	-0.37032	0.00062095
3.5071	0.64129	0.0010121
3.5071	0.71355	0.0015892
3.5071	0.7858	0.00067633
3.5547	-1.96	0.0011045
3.5547	-1.8877	0.00069338
3.5547	-0.73162	0.0016226
3.5547	-0.65936	0.00388
3.5547	-0.5871	0.0024112
3.6024	-2.0323	0.00097395
3.6024	-1.96	0.0023783
3.6024	-1.8877	0.0015814
3.6024	-0.87613	0.00090531
3.6024	-0.73162	0.0062866
3.6024	-0.65936	0.016557
3.6024	-0.5871	0.011701
3.6024	-0.51484	0.0019184
3.6024	0.64129	0.0012846
3.6024	0.71355	0.00092341
3.65	-2.0323	0.00085596
3.65	-1.96	0.0022613
3.65	-1.8877	0.0015817
3.65	-0.73162	0.0074266
3.65	-0.65936	0.019898
3.65	-0.5871	0.014713
3.65	-0.51484	0.002236
3.65	-0.37032	0.00061061
3.65	0.64129	0.0019417
3.65	0.71355	0.0015
3.6976	-0.73162	0.0035948
3.6976	-0.65936	0.010275
3.6976	-0.5871	0.0081499
3.6976	-0.51484	0.0011196
3.6976	-0.44258	0.00069173
3.6976	-0.37032	0.00060881
3.6976	0.64129	0.0013704
3.6976	0.71355	0.001151
3.7453	-0.73162	0.0021941
3.7453	-0.65936	0.0036704
3.7453	-0.5871	0.0022327
3.7929	-2.0323	0.0010244
3.7929	-1.96	0.0013659
3.7929	-0.80387	0.0010618
3.7929	-0.73162	0.0077778
3.7929	-0.65936	0.01005
3.7929	-0.5871	0.0036021
3.7929	0.56903	0.00068251
3.7929	0.64129	0.00091365
3.8406	-2.0323	0.00061975
3.8406	-1.96	0.0010435
3.8406	-0.80387	0.0017036
3.8406	-0.73162	0.011782
3.8406	-0.65936	0.016367
3.8406	-0.5871	0.0061045
3.8406	0.56903	0.0016595
3.8406	0.64129	0.0024298
3.8406	0.71355	0.00099617
3.8882	-0.80387	0.00088776
3.8882	-0.73162	0.0065645
3.8882	-0.65936	0.010261
3.8882	-0.5871	0.003984
3.8882	-0.44258	0.00081422
3.8882	0.56903	0.001596
3.8882	0.64129	0.0024328
3.8882	0.71355	0.0010288
3.9358	-2.1045	0.0017385
3.9358	-2.0323	0.0040132
3.9358	-1.96	0.0024256
3.9358	-0.73162	0.00085467
3.9358	-0.65936	0.001534
3.9358	-0.5871	0.00069448
3.9358	0.56903	0.00062826
3.9358	0.64129	0.0010098
3.9835	-2.1045	0.0042862
3.9835	-2.0323	0.010575
3.9835	-1.96	0.0072266
3.9835	-1.8877	0.00090018
3.9835	-0.80387	0.0018761
3.9835	-0.73162	0.0049447
3.9835	-0.65936	0.0031028
4.0312	-2.1045	0.005089
4.0312	-2.0323	0.01287
4.0312	-1.96	0.0090376
4.0312	-1.8877	0.00098341
4.0312	-1.8155	0.00093106
4.0312	-0.80387	0.0030208
4.0312	-0.73162	0.0094145
4.0312	-0.65936	0.0075243
4.0312	-0.5871	0.0012599
4.0312	0.56903	0.0017091
4.0312	0.64129	0.001291
4.0787	-2.1045	0.0025565
4.0787	-2.0323	0.0072285
4.0787	-1.96	0.005391
4.0787	-1.8155	0.0011202
4.0787	-1.5987	0.00062703
4.0787	-0.80387	0.00098831
4.0787	-0.73162	0.0035814
4.0787	-0.65936	0.0037533
4.0787	-0.5871	0.00068962
4.0787	0.56903	0.002026
4.0787	0.64129	0.0016446
4.1264	-2.0323	0.00094754
4.1264	-1.96	0.00098355
4.1264	-1.4542	0.00061907
4.1264	-1.3097	0.00072338
4.1264	-1.1652	0.0010574
4.1264	-1.0206	0.00094531
4.1264	-0.94839	0.0014321
4.1264	-0.87613	0.00075796
4.1264	-0.80387	0.0058559
4.1264	-0.73162	0.0057261
4.1264	-0.65936	0.0013614
4.1264	0.56903	0.00082803
4.1264	0.64129	0.00077469
4.174	-2.1768	0.00062418
4.174	-2.1045	0.0028611
4.174	-2.0323	0.0026921
4.174	-1.3097	0.00067777
4.174	-1.1652	0.0014422
4.174	-1.0929	0.0006164
4.174	-1.0206	0.0021492
4.174	-0.94839	0.0028748
4.174	-0.87613	0.0037647
4.174	-0.80387	0.030107
4.174	-0.73162	0.039368
4.174	-0.65936	0.014241
4.174	-0.5871	0.00078816
4.2217	-2.1768	0.0015718
4.2217	-2.1045	0.007781
4.2217	-2.0323	0.0091727
4.2217	-1.96	0.0026523
4.2217	-1.1652	0.00096978
4.2217	-1.0206	0.002461
4.2217	-0.94839	0.0026935
4.2217	-0.87613	0.008101
4.2217	-0.80387	0.058885
4.2217	-0.73162	0.08195
4.2217	-0.65936	0.031906
4.2217	-0.5871	0.0016114
4.2217	-0.51484	0.0020435
4.2217	0.49677	0.00063547
4.2217	0.56903	0.00094428
4.2693	-2.1768	0.0014471
4.2693	-2.1045	0.00754
4.2693	-2.0323	0.0098421
4.2693	-1.96	0.0029498
4.2693	-1.8155	0.00090043
4.2693	-1.0206	0.0011689
4.2693	-0.94839	0.0011093
4.2693	-0.87613	0.0082587
4.2693	-0.80387	0.056413
4.2693	-0.73162	0.081855
4.2693	-0.65936	0.032084
4.2693	-0.5871	0.0015477
4.2693	-0.51484	0.0040122
4.2693	-0.44258	0.00087818
4.2693	-0.37032	0.00081484
4.2693	0.49677	0.0006966
4.2693	0.56903	0.0012464
4.317	-2.1045	0.0021127
4.317	-2.0323	0.0036266
4.317	-1.96	0.0012021
4.317	-1.8155	0.00077606
4.317	-1.671	0.0006792
4.317	-0.87613	0.0026036
4.317	-0.80387	0.020891
4.317	-0.73162	0.035749
4.317	-0.65936	0.014904
4.317	-0.5871	0.00098743
4.317	-0.51484	0.0036693
4.317	-0.44258	0.00061809
4.317	-0.37032	0.0013451
4.317	-0.29807	0.0007132
4.3645	-2.1768	0.00086498
4.3645	-2.1045	0.0012855
4.3645	-1.1652	0.00095023
4.3645	-1.0206	0.0013878
4.3645	-0.87613	0.0020299
4.3645	-0.80387	0.0036127
4.3645	-0.73162	0.0032691
4.3645	-0.65936	0.0016797
4.3645	-0.51484	0.0013308
4.3645	-0.37032	0.0009947
4.3645	0.13549	0.00067214
4.3645	0.49677	0.0019157
4.3645	0.56903	0.0011733
4.4123	-2.1768	0.0042448
4.4123	-2.1045	0.0089168
4.4123	-2.0323	0.0048913
4.4123	-1.1652	0.0011411
4.4123	-1.0206	0.0033586
4.4123	-0.94839	0.00095065
4.4123	-0.87613	0.015819
4.4123	-0.80387	0.037311
4.4123	-0.73162	0.021821
4.4123	-0.65936	0.0027301
4.4123	0.13549	0.0007454
4.4123	0.28	0.001063
4.4123	0.42451	0.0020631
4.4123	0.49677	0.0073081
4.4123	0.56903	0.0055991
4.4123	0.64129	0.0011338
4.4598	-2.1768	0.0058932
4.4598	-2.1045	0.013817
4.4598	-2.0323	0.0086625
4.4598	-1.96	0.00074115
4.4598	-1.8877	0.00090752
4.4598	-1.0206	0.002838
4.4598	-0.94839	0.0013402
4.4598	-0.87613	0.029194
4.4598	-0.80387	0.075322
4.4598	-0.73162	0.052353
4.4598	-0.65936	0.0075445
4.4598	-0.5871	0.0011613
4.4598	-0.51484	0.0011692
4.4598	0.28	0.00094852
4.4598	0.42451	0.0034228
4.4598	0.49677	0.011625
4.4598	0.56903	0.0093859
4.4598	0.64129	0.0019376
4.5075	-2.1768	0.0024024
4.5075	-2.1045	0.0071277
4.5075	-2.0323	0.0051906
4.5075	-1.8877	0.0012225
4.5075	-1.0206	0.0006325
4.5075	-0.94839	0.00085057
4.5075	-0.87613	0.019775
4.5075	-0.80387	0.056697
4.5075	-0.73162	0.043828
4.5075	-0.65936	0.0061652
4.5075	-0.5871	0.0023975
4.5075	-0.51484	0.0020796
4.5075	-0.37032	0.00092795
4.5075	0.42451	0.002635
4.5075	0.49677	0.0090128
4.5075	0.56903	0.007658
4.5075	0.64129	0.0015374
4.5551	-2.1768	0.0011688
4.5551	-2.1045	0.00092104
4.5551	-1.5265	0.00081524
4.5551	-1.3819	0.00092917
4.5551	-1.2374	0.0008334
4.5551	-0.87613	0.0023762
4.5551	-0.80387	0.010119
4.5551	-0.73162	0.011226
4.5551	-0.65936	0.0017578
4.5551	-0.5871	0.0017216
4.5551	-0.51484	0.0013072
4.5551	-0.37032	0.0011269
4.5551	-0.2258	0.00071872
4.5551	0.49677	0.0023603
4.5551	0.56903	0.0025063
4.6028	-2.249	0.0027761
4.6028	-2.1768	0.01245
4.6028	-2.1045	0.012346
4.6028	-2.0323	0.0029507
4.6028	-1.3819	0.00097029
4.6028	-1.2374	0.0016581
4.6028	-1.1652	0.00065535
4.6028	-1.0929	0.0021613
4.6028	-1.0206	0.0024601
4.6028	-0.94839	0.0030851
4.6028	-0.87613	0.01866
4.6028	-0.80387	0.017102
4.6028	-0.73162	0.0036926
4.6028	-0.2258	0.00063311
4.6028	0.42451	0.0010612
4.6028	0.49677	0.0010098
4.6504	-2.249	0.0060166
4.6504	-2.1768	0.027995
4.6504	-2.1045	0.031911
4.6504	-2.0323	0.0087067
4.6504	-1.96	0.00064367
4.6504	-1.8877	0.0016393
4.6504	-1.2374	0.001137
4.6504	-1.0929	0.0029635
4.6504	-1.0206	0.0028935
4.6504	-0.94839	0.0097624
4.6504	-0.87613	0.061709
4.6504	-0.80387	0.074666
4.6504	-0.73162	0.023693
4.6504	-0.65936	0.00084288
4.6504	-0.5871	0.0012242
4.6504	0.28	0.00091287
4.6504	0.42451	0.0051549
4.6504	0.49677	0.0068393
4.6504	0.56903	0.0024077
4.6981	-2.249	0.0047623
4.6981	-2.1768	0.024235
4.6981	-2.1045	0.030797
4.6981	-2.0323	0.0085263
4.6981	-1.96	0.0014485
4.6981	-1.8877	0.0032376
4.6981	-1.7432	0.0013633
4.6981	-1.0929	0.0011576
4.6981	-1.0206	0.0010892
4.6981	-0.94839	0.010087
4.6981	-0.87613	0.065107
4.6981	-0.80387	0.08881
4.6981	-0.73162	0.031018
4.6981	-0.65936	0.0014037
4.6981	-0.5871	0.0038916
4.6981	-0.44258	0.00085763
4.6981	0.35226	0.0007815
4.6981	0.42451	0.0072467
4.6981	0.49677	0.010559
4.6981	0.56903	0.0042195
4.7456	-2.249	0.00077409
4.7456	-2.1768	0.0042979
4.7456	-2.1045	0.0082147
4.7456	-2.0323	0.0027526
4.7456	-1.96	0.0012359
4.7456	-1.8877	0.0023928
4.7456	-1.7432	0.0019563
4.7456	-1.5987	0.0018214
4.7456	-1.5265	0.00069153
4.7456	-1.4542	0.0010919
4.7456	-1.3819	0.00099935
4.7456	-1.2374	0.0010687
4.7456	-1.0929	0.00061294
4.7456	-0.94839	0.0018704
4.7456	-0.87613	0.017195
4.7456	-0.80387	0.032394
4.7456	-0.73162	0.013394
4.7456	-0.65936	0.0011022
4.7456	-0.5871	0.0037561
4.7456	-0.44258	0.0017365
4.7456	0.42451	0.0035948
4.7456	0.49677	0.0061111
4.7456	0.56903	0.0027222
4.7933	-2.4658	0.00074353
4.7933	-2.3935	0.0021172
4.7933	-2.3213	0.0012236
4.7933	-2.249	0.01621
4.7933	-2.1768	0.025603
4.7933	-2.1045	0.0097679
4.7933	-1.7432	0.00086702
4.7933	-1.5987	0.0020093
4.7933	-1.5265	0.00066234
4.7933	-1.4542	0.0019
4.7933	-1.3819	0.0015775
4.7933	-1.3097	0.0016379
4.7933	-1.2374	0.0034483
4.7933	-1.1652	0.0010184
4.7933	-1.0929	0.0058493
4.7933	-1.0206	0.0013304
4.7933	-0.94839	0.01307
4.7933	-0.87613	0.023191
4.7933	-0.80387	0.0091442
4.7933	-0.73162	0.0011791
4.7933	-0.5871	0.00090393
4.7933	-0.44258	0.0012253
4.7933	-0.29807	0.00083807
4.7933	-0.2258	0.00064316
4.7933	-0.081291	0.00069187
4.7933	0.49677	0.00067231
4.8409	-2.4658	0.0023332
4.8409	-2.3935	0.0051661
4.8409	-2.3213	0.0067051
4.8409	-2.249	0.082598
4.8409	-2.1768	0.1521
4.8409	-2.1045	0.076679
4.8409	-2.0323	0.0058638
4.8409	-1.96	0.0033932
4.8409	-1.8877	0.0013441
4.8409	-1.5987	0.0006131
4.8409	-1.4542	0.0011825
4.8409	-1.3819	0.00092129
4.8409	-1.3097	0.0020391
4.8409	-1.2374	0.0037393
4.8409	-1.1652	0.0022941
4.8409	-1.0929	0.011876
4.8409	-1.0206	0.0036435
4.8409	-0.94839	0.065613
4.8409	-0.87613	0.15127
4.8409	-0.80387	0.090302
4.8409	-0.73162	0.011445
4.8409	-0.65936	0.00091032
4.8409	-0.5871	0.00086782
4.8409	0.063226	0.00088058
4.8409	0.20774	0.0011231
4.8409	0.35226	0.0018612
4.8409	0.42451	0.0052612
4.8409	0.49677	0.0030162
4.8886	-2.4658	0.0044566
4.8886	-2.3935	0.007256
4.8886	-2.3213	0.019673
4.8886	-2.249	0.20115
4.8886	-2.1768	0.36552
4.8886	-2.1045	0.1855
4.8886	-2.0323	0.012691
4.8886	-1.96	0.017147
4.8886	-1.8877	0.006275
4.8886	-1.8155	0.0032911
4.8886	-1.7432	0.0037219
4.8886	-1.5987	0.00069619
4.8886	-1.3097	0.00063194
4.8886	-1.2374	0.0012606
4.8886	-1.1652	0.0019518
4.8886	-1.0929	0.0089994
4.8886	-1.0206	0.0052401
4.8886	-0.94839	0.10717
4.8886	-0.87613	0.26317
4.8886	-0.80387	0.17571
4.8886	-0.73162	0.023049
4.8886	-0.65936	0.0053658
4.8886	-0.5871	0.0049504
4.8886	-0.44258	0.00087599
4.8886	0.20774	0.0011187
4.8886	0.35226	0.0041217
4.8886	0.42451	0.012514
4.8886	0.49677	0.0089078
4.8886	0.56903	0.0014988
4.9362	-2.4658	0.0057772
4.9362	-2.3935	0.0067404
4.9362	-2.3213	0.03745
4.9362	-2.249	0.31681
4.9362	-2.1768	0.54633
4.9362	-2.1045	0.26042
4.9362	-2.0323	0.015394
4.9362	-1.96	0.039109
4.9362	-1.8877	0.011037
4.9362	-1.8155	0.012001
4.9362	-1.7432	0.010733
4.9362	-1.671	0.0025419
4.9362	-1.5987	0.0059746
4.9362	-1.5265	0.0010831
4.9362	-1.4542	0.0040234
4.9362	-1.3097	0.0015416
4.9362	-1.0929	0.0013119
4.9362	-1.0206	0.0025758
4.9362	-0.94839	0.059717
4.9362	-0.87613	0.17276
4.9362	-0.80387	0.1311
4.9362	-0.73162	0.016596
4.9362	-0.65936	0.0092517
4.9362	-0.5871	0.0070405
4.9362	-0.51484	0.0013263
4.9362	-0.44258	0.0028978
4.9362	-0.29807	0.0012584
4.9362	0.35226	0.0030129
4.9362	0.42451	0.01007
4.9362	0.49677	0.0081463
4.9362	0.56903	0.0014412
4.9839	-2.4658	0.0051843
4.9839	-2.3935	0.0043049
4.9839	-2.3213	0.04913
4.9839	-2.249	0.35169
4.9839	-2.1768	0.57045
4.9839	-2.1045	0.24821
4.9839	-2.0323	0.014968
4.9839	-1.96	0.055808
4.9839	-1.8877	0.011655
4.9839	-1.8155	0.024299
4.9839	-1.7432	0.016104
4.9839	-1.671	0.0083908
4.9839	-1.5987	0.015101
4.9839	-1.5265	0.0039777
4.9839	-1.4542	0.015408
4.9839	-1.3819	0.0024798
4.9839	-1.3097	0.013268
4.9839	-1.2374	0.004667
4.9839	-1.1652	0.0080528
4.9839	-1.0929	0.007897
4.9839	-1.0206	0.0040029
4.9839	-0.94839	0.017621
4.9839	-0.87613	0.021717
4.9839	-0.80387	0.021548
4.9839	-0.73162	0.003429
4.9839	-0.65936	0.0053603
4.9839	-0.5871	0.0036932
4.9839	-0.51484	0.0016842
4.9839	-0.44258	0.0029743
4.9839	-0.37032	0.00068909
4.9839	-0.29807	0.0027095
4.9839	-0.15355	0.0015155
4.9839	-0.0090323	0.00069047
4.9839	0.42451	0.0016355
4.9839	0.49677	0.0019831
5.0314	-2.4658	0.0030657
5.0314	-2.3935	0.0019115
5.0314	-2.3213	0.044227
5.0314	-2.249	0.2771
5.0314	-2.1768	0.42544
5.0314	-2.1045	0.16672
5.0314	-2.0323	0.013972
5.0314	-1.96	0.054693
5.0314	-1.8877	0.0087471
5.0314	-1.8155	0.032502
5.0314	-1.7432	0.0156
5.0314	-1.671	0.016406
5.0314	-1.5987	0.021575
5.0314	-1.5265	0.0092051
5.0314	-1.4542	0.029266
5.0314	-1.3819	0.0056308
5.0314	-1.3097	0.037983
5.0314	-1.2374	0.01092
5.0314	-1.1652	0.041554
5.0314	-1.0929	0.036526
5.0314	-1.0206	0.060481
5.0314	-0.94839	0.3245
5.0314	-0.87613	0.30339
5.0314	-0.80387	0.072122
5.0314	-0.73162	0.0018344
5.0314	-0.65936	0.0011839
5.0314	-0.44258	0.00080077
5.0314	-0.37032	0.00066376
5.0314	-0.29807	0.0021955
5.0314	-0.15355	0.0019929
5.0314	-0.0090323	0.0016647
5.0314	0.063226	0.0012071
5.0314	0.13549	0.00099799
5.0314	0.20774	0.0020548
5.0314	0.28	0.00063741
5.0314	0.35226	0.0057441
5.0314	0.42451	0.0060273
5.0314	0.49677	0.0015147
5.0791	-2.4658	0.00098782
5.0791	-2.3213	0.025037
5.0791	-2.249	0.14506
5.0791	-2.1768	0.21646
5.0791	-2.1045	0.076478
5.0791	-2.0323	0.011544
5.0791	-1.96	0.037154
5.0791	-1.8877	0.0053748
5.0791	-1.8155	0.030155
5.0791	-1.7432	0.01041
5.0791	-1.671	0.021361
5.0791	-1.5987	0.020468
5.0791	-1.5265	0.014818
5.0791	-1.4542	0.035645
5.0791	-1.3819	0.010281
5.0791	-1.3097	0.063258
5.0791	-1.2374	0.014807
5.0791	-1.1652	0.10091
5.0791	-1.0929	0.067438
5.0791	-1.0206	0.25288
5.0791	-0.94839	1.2637
5.0791	-0.87613	1.3197
5.0791	-0.80387	0.37327
5.0791	-0.73162	0.012238
5.0791	-0.65936	0.0211
5.0791	-0.5871	0.0029623
5.0791	-0.51484	0.0018714
5.0791	-0.44258	0.00079058
5.0791	-0.15355	0.00085563
5.0791	-0.0090323	0.0015085
5.0791	0.063226	0.00095469
5.0791	0.13549	0.0017371
5.0791	0.20774	0.003043
5.0791	0.28	0.0022181
5.0791	0.35226	0.020154
5.0791	0.42451	0.02604
5.0791	0.49677	0.0091083
5.1267	-2.3213	0.0064105
5.1267	-2.249	0.03969
5.1267	-2.1768	0.062988
5.1267	-2.1045	0.020911
5.1267	-2.0323	0.0066426
5.1267	-1.96	0.016378
5.1267	-1.8877	0.0029863
5.1267	-1.8155	0.019027
5.1267	-1.7432	0.0048676
5.1267	-1.671	0.019041
5.1267	-1.5987	0.013396
5.1267	-1.5265	0.016762
5.1267	-1.4542	0.029888
5.1267	-1.3819	0.014924
5.1267	-1.3097	0.07077
5.1267	-1.2374	0.016299
5.1267	-1.1652	0.15501
5.1267	-1.0929	0.075794
5.1267	-1.0206	0.59028
5.1267	-0.94839	2.5955
5.1267	-0.87613	2.6689
5.1267	-0.80387	0.73034
5.1267	-0.73162	0.029056
5.1267	-0.65936	0.07639
5.1267	-0.5871	0.0093668
5.1267	-0.51484	0.014574
5.1267	-0.44258	0.0057765
5.1267	-0.37032	0.0014109
5.1267	-0.29807	0.0012707
5.1267	0.13549	0.0010046
5.1267	0.20774	0.0016163
5.1267	0.28	0.003012
5.1267	0.35226	0.025433
5.1267	0.42451	0.03556
5.1267	0.49677	0.013536
5.1267	0.56903	0.00070642
5.1744	-2.249	0.0023017
5.1744	-2.1768	0.0051254
5.1744	-2.1045	0.002043
5.1744	-2.0323	0.0017941
5.1744	-1.96	0.0036884
5.1744	-1.8877	0.00127
5.1744	-1.8155	0.007271
5.1744	-1.7432	0.0016007
5.1744	-1.671	0.011139
5.1744	-1.5987	0.0058791
5.1744	-1.5265	0.012917
5.1744	-1.4542	0.017182
5.1744	-1.3819	0.015773
5.1744	-1.3097	0.054925
5.1744	-1.2374	0.017082
5.1744	-1.1652	0.16392
5.1744	-1.0929	0.061547
5.1744	-1.0206	0.91783
5.1744	-0.94839	3.5485
5.1744	-0.87613	3.4743
5.1744	-0.80387	0.86387
5.1744	-0.73162	0.053727
5.1744	-0.65936	0.13939
5.1744	-0.5871	0.014042
5.1744	-0.51484	0.040383
5.1744	-0.44258	0.012191
5.1744	-0.37032	0.0086242
5.1744	-0.29807	0.0066841
5.1744	-0.2258	0.0025182
5.1744	-0.15355	0.0040835
5.1744	-0.0090323	0.0016788
5.1744	0.28	0.00093047
5.1744	0.35226	0.0096949
5.1744	0.42451	0.017263
5.1744	0.49677	0.0076258
5.222	-2.3213	0.0049879
5.222	-2.249	0.010072
5.222	-2.1768	0.0051166
5.222	-1.8155	0.0010867
5.222	-1.671	0.0035747
5.222	-1.5987	0.0015232
5.222	-1.5265	0.0060847
5.222	-1.4542	0.0062561
5.222	-1.3819	0.011018
5.222	-1.3097	0.028499
5.222	-1.2374	0.015547
5.222	-1.1652	0.11991
5.222	-1.0929	0.042891
5.222	-1.0206	0.99979
5.222	-0.94839	3.4507
5.222	-0.87613	3.1894
5.222	-0.80387	0.69785
5.222	-0.73162	0.081001
5.222	-0.65936	0.16425
5.222	-0.5871	0.016104
5.222	-0.51484	0.066004
5.222	-0.44258	0.014478
5.222	-0.37032	0.022108
5.222	-0.29807	0.012991
5.222	-0.2258	0.0084855
5.222	-0.15355	0.011836
5.222	-0.081291	0.0026227
5.222	-0.0090323	0.0095498
5.222	0.063226	0.0013316
5.222	0.13549	0.0058639
5.222	0.20774	0.002056
5.222	0.28	0.0038304
5.222	0.35226	0.0076553
5.222	0.42451	0.0030665
5.222	0.49677	0.00078889
5.2697	-2.3213	0.008364
5.2697	-2.249	0.019588
5.2697	-2.1768	0.012614
5.2697	-2.1045	0.0011934
5.2697	-2.0323	0.0011011
5.2697	-1.5265	0.0012022
5.2697	-1.4542	0.0011019
5.2697	-1.3819	0.0041445
5.2697	-1.3097	0.0084882
5.2697	-1.2374	0.0097097
5.2697	-1.1652	0.056535
5.2697	-1.0929	0.028492
5.2697	-1.0206	0.74915
5.2697	-0.94839	2.3722
5.2697	-0.87613	2.083
5.2697	-0.80387	0.39322
5.2697	-0.73162	0.090527
5.2697	-0.65936	0.13389
5.2697	-0.5871	0.017344
5.2697	-0.51484	0.072872
5.2697	-0.44258	0.01185
5.2697	-0.37032	0.0346
5.2697	-0.29807	0.014973
5.2697	-0.2258	0.016971
5.2697	-0.15355	0.018199
5.2697	-0.081291	0.0074324
5.2697	-0.0090323	0.021591
5.2697	0.063226	0.0034794
5.2697	0.13549	0.022099
5.2697	0.20774	0.0065895
5.2697	0.28	0.035088
5.2697	0.35226	0.088001
5.2697	0.42451	0.049349
5.2697	0.49677	0.0066349
5.3172	-2.3213	0.0054293
5.3172	-2.249	0.013683
5.3172	-2.1768	0.0093964
5.3172	-2.1045	0.00083025
5.3172	-2.0323	0.0018117
5.3172	-1.96	0.00080808
5.3172	-1.8877	0.00062124
5.3172	-1.8155	0.00081896
5.3172	-1.3097	0.00080021
5.3172	-1.2374	0.0027799
5.3172	-1.1652	0.013335
5.3172	-1.0929	0.014267
5.3172	-1.0206	0.34401
5.3172	-0.94839	1.0566
5.3172	-0.87613	0.90834
5.3172	-0.80387	0.14739
5.3172	-0.73162	0.069182
5.3172	-0.65936	0.074941
5.3172	-0.5871	0.016512
5.3172	-0.51484	0.056054
5.3172	-0.44258	0.0077678
5.3172	-0.37032	0.036744
5.3172	-0.29807	0.011667
5.3172	-0.2258	0.022824
5.3172	-0.15355	0.01819
5.3172	-0.081291	0.013721
5.3172	-0.0090323	0.029544
5.3172	0.063226	0.0070252
5.3172	0.13549	0.043134
5.3172	0.20774	0.010678
5.3172	0.28	0.11346
5.3172	0.35226	0.27345
5.3172	0.42451	0.16487
5.3172	0.49677	0.023918
5.3172	0.56903	0.00091932
5.3172	0.64129	0.0013081
5.3172	1.6529	0.00083584
5.3172	1.7252	0.00096434
5.365	-2.3213	0.001002
5.365	-2.249	0.0033133
5.365	-2.1768	0.002676
5.365	-2.0323	0.0011113
5.365	-1.8877	0.0007303
5.365	-1.8155	0.00080371
5.365	-1.671	0.00099283
5.365	-1.5265	0.00097277
5.365	-1.3819	0.00075673
5.365	-1.1652	0.00062748
5.365	-1.0929	0.0024197
5.365	-1.0206	0.062346
5.365	-0.94839	0.22337
5.365	-0.87613	0.21103
5.365	-0.80387	0.031022
5.365	-0.73162	0.031834
5.365	-0.65936	0.026327
5.365	-0.5871	0.011413
5.365	-0.51484	0.028954
5.365	-0.44258	0.0046818
5.365	-0.37032	0.026869
5.365	-0.29807	0.0064416
5.365	-0.2258	0.021315
5.365	-0.15355	0.012492
5.365	-0.081291	0.017392
5.365	-0.0090323	0.027357
5.365	0.063226	0.011429
5.365	0.13549	0.054727
5.365	0.20774	0.013982
5.365	0.28	0.2183
5.365	0.35226	0.48172
5.365	0.42451	0.28305
5.365	0.49677	0.037587
5.365	0.56903	0.0030408
5.365	0.64129	0.0035122
5.365	1.6529	0.00086481
5.365	1.7252	0.0010942
5.4125	-2.3213	0.00070205
5.4125	-1.671	0.00075247
5.4125	-1.5265	0.001169
5.4125	-1.3819	0.0020159
5.4125	-1.3097	0.00085554
5.4125	-1.2374	0.0022808
5.4125	-1.1652	0.0026347
5.4125	-1.0929	0.00253
5.4125	-1.0206	0.013163
5.4125	-0.94839	0.013165
5.4125	-0.87613	0.010566
5.4125	-0.80387	0.0018717
5.4125	-0.73162	0.00582
5.4125	-0.65936	0.0042248
5.4125	-0.5871	0.0043752
5.4125	-0.51484	0.008619
5.4125	-0.44258	0.0024193
5.4125	-0.37032	0.012719
5.4125	-0.29807	0.0025491
5.4125	-0.2258	0.013422
5.4125	-0.15355	0.0058478
5.4125	-0.081291	0.015106
5.4125	-0.0090323	0.017425
5.4125	0.063226	0.013778
5.4125	0.13549	0.048049
5.4125	0.20774	0.017781
5.4125	0.28	0.28727
5.4125	0.35226	0.57735
5.4125	0.42451	0.32096
5.4125	0.49677	0.036647
5.4125	0.56903	0.0060558
5.4125	0.64129	0.0051308
5.4125	0.7858	0.00091192
5.4602	-2.3935	0.00075466
5.4602	-2.3213	0.0033877
5.4602	-2.249	0.0036183
5.4602	-2.1768	0.00091148
5.4602	-1.3819	0.0016712
5.4602	-1.2374	0.0039338
5.4602	-1.1652	0.0038701
5.4602	-1.0929	0.012308
5.4602	-1.0206	0.078034
5.4602	-0.94839	0.092984
5.4602	-0.87613	0.02881
5.4602	-0.80387	0.00097944
5.4602	-0.73162	0.0008976
5.4602	-0.51484	0.00080326
5.4602	-0.44258	0.00068046
5.4602	-0.37032	0.0030811
5.4602	-0.29807	0.00066299
5.4602	-0.2258	0.0049942
5.4602	-0.15355	0.0017367
5.4602	-0.081291	0.0083983
5.4602	-0.0090323	0.0072273
5.4602	0.063226	0.01137
5.4602	0.13549	0.028863
5.4602	0.20774	0.019728
5.4602	0.28	0.26747
5.4602	0.35226	0.49446
5.4602	0.42451	0.25788
5.4602	0.49677	0.02436
5.4602	0.56903	0.008049
5.4602	0.64129	0.0049297
5.4602	0.71355	0.00065191
5.4602	0.7858	0.0011927
5.5078	-2.3935	0.00099831
5.5078	-2.3213	0.0044815
5.5078	-2.249	0.0052443
5.5078	-2.1768	0.0014163
5.5078	-1.2374	0.0025197
5.5078	-1.1652	0.0019519
5.5078	-1.0929	0.016114
5.5078	-1.0206	0.099003
5.5078	-0.94839	0.13355
5.5078	-0.87613	0.048279
5.5078	-0.80387	0.0021238
5.5078	-0.73162	0.0053008
5.5078	-0.65936	0.00092819
5.5078	-0.5871	0.00078238
5.5078	-0.2258	0.00066913
5.5078	-0.081291	0.0023387
5.5078	-0.0090323	0.0016081
5.5078	0.063226	0.0056227
5.5078	0.13549	0.010768
5.5078	0.20774	0.015527
5.5078	0.28	0.1703
5.5078	0.35226	0.29682
5.5078	0.42451	0.14615
5.5078	0.49677	0.011172
5.5078	0.56903	0.0073369
5.5078	0.64129	0.0032685
5.5078	0.71355	0.00080938
5.5078	0.7858	0.0010662
5.5078	1.5806	0.002009
5.5078	1.6529	0.0040222
5.5078	1.7252	0.0020558
5.5555	-2.3213	0.0027204
5.5555	-2.249	0.0033348
5.5555	-2.1768	0.0008632
5.5555	-1.0929	0.0079743
5.5555	-1.0206	0.049991
5.5555	-0.94839	0.074062
5.5555	-0.87613	0.027911
5.5555	-0.80387	0.0017569
5.5555	-0.73162	0.0062069
5.5555	-0.65936	0.00095294
5.5555	-0.5871	0.0021652
5.5555	-0.51484	0.00099631
5.5555	0.063226	0.0010758
5.5555	0.13549	0.0017752
5.5555	0.20774	0.0066313
5.5555	0.28	0.063907
5.5555	0.35226	0.11174
5.5555	0.42451	0.053768
5.5555	0.49677	0.0033914
5.5555	0.56903	0.0044485
5.5555	0.64129	0.0014626
5.5555	0.71355	0.00070014
5.5555	0.7858	0.00066091
5.5555	1.5806	0.0055076
5.5555	1.6529	0.010796
5.5555	1.7252	0.0057224
5.6031	-2.3213	0.00062426
5.6031	-2.249	0.00088743
5.6031	-1.0929	0.00073197
5.6031	-1.0206	0.0058772
5.6031	-0.94839	0.012514
5.6031	-0.87613	0.0057346
5.6031	-0.80387	0.00076722
5.6031	-0.73162	0.0028253
5.6031	-0.5871	0.0018544
5.6031	-0.51484	0.00070227
5.6031	-0.44258	0.00087824
5.6031	-0.37032	0.00088345
5.6031	-0.2258	0.0007809
5.6031	-0.081291	0.00063106
5.6031	0.20774	0.00066206
5.6031	0.28	0.00784
5.6031	0.35226	0.017535
5.6031	0.42451	0.0095922
5.6031	0.56903	0.0015599
5.6031	1.4361	0.00064962
5.6031	1.5084	0.00074142
5.6031	1.5806	0.0094435
5.6031	1.6529	0.017343
5.6031	1.7252	0.0088028
5.6031	1.7974	0.00072953
5.6508	-1.2374	0.0013866
5.6508	-1.0929	0.0054205
5.6508	-1.0206	0.010695
5.6508	-0.94839	0.0048491
5.6508	-0.2258	0.00069662
5.6508	-0.081291	0.0011203
5.6508	0.063226	0.0012934
5.6508	0.20774	0.0018148
5.6508	0.28	0.0045546
5.6508	0.35226	0.0021895
5.6508	1.5084	0.0011191
5.6508	1.5806	0.011289
5.6508	1.6529	0.019264
5.6508	1.7252	0.009106
5.6983	-2.3213	0.00062322
5.6983	-1.2374	0.0016213
5.6983	-1.1652	0.00075109
5.6983	-1.0929	0.014649
5.6983	-1.0206	0.034426
5.6983	-0.94839	0.021818
5.6983	-0.87613	0.0027562
5.6983	-0.081291	0.00068925
5.6983	0.063226	0.0015805
5.6983	0.20774	0.0054831
5.6983	0.28	0.016712
5.6983	0.35226	0.011929
5.6983	0.42451	0.0020513
5.6983	1.5084	0.0011635
5.6983	1.5806	0.0095868
5.6983	1.6529	0.015308
5.6983	1.7252	0.0066726
5.6983	1.8697	0.00062624
5.746	-2.3213	0.00071555
5.746	-1.2374	0.00084129
5.746	-1.1652	0.00086175
5.746	-1.0929	0.01516
5.746	-1.0206	0.036497
5.746	-0.94839	0.024794
5.746	-0.87613	0.0030776
5.746	-0.80387	0.0012608
5.746	-0.73162	0.0010053
5.746	0.063226	0.00073515
5.746	0.20774	0.0053364
5.746	0.28	0.016502
5.746	0.35226	0.013043
5.746	0.42451	0.002417
5.746	1.5084	0.00077233
5.746	1.5806	0.005502
5.746	1.6529	0.0084243
5.746	1.7252	0.0034023
5.7936	-1.0929	0.007076
5.7936	-1.0206	0.017908
5.7936	-0.94839	0.012753
5.7936	-0.87613	0.0014304
5.7936	-0.80387	0.0012896
5.7936	-0.73162	0.00084005
5.7936	-0.5871	0.00060897
5.7936	0.20774	0.0018766
5.7936	0.28	0.0064199
5.7936	0.35226	0.0056798
5.7936	0.42451	0.0010601
5.7936	1.5806	0.0017665
5.7936	1.6529	0.0027907
5.7936	1.7252	0.0010851
5.8413	-1.0929	0.00097093
5.8413	-1.0206	0.0030062
5.8413	-0.94839	0.0025407
5.8413	0.35226	0.00062161
5.8889	-2.3935	0.00086597
5.8889	-2.3213	0.00084821
5.8889	-1.0929	0.0016417
5.8889	-1.0206	0.0015576
5.8889	0.20774	0.0019369
5.8889	0.28	0.0022304
5.8889	0.35226	0.00063834
5.9366	-2.3935	0.0015906
5.9366	-2.3213	0.0015619
5.9366	-1.1652	0.00080311
5.9366	-1.0929	0.0040553
5.9366	-1.0206	0.0047018
5.9366	-0.94839	0.0014641
5.9366	0.20774	0.0038154
5.9366	0.28	0.0050654
5.9366	0.35226	0.0018502
5.9366	1.5806	0.00062475
