-4.1461	0.66527	0.025101
-4.1461	0.69038	0.030647
-4.1461	0.71548	0.031746
-4.1461	0.74059	0.028043
-4.1461	0.76569	0.020568
-4.1211	0.64017	0.029267
-4.1211	0.66527	0.045767
-4.1211	0.69038	0.057918
-4.1211	0.71548	0.061615
-4.1211	0.74059	0.056434
-4.1211	0.76569	0.043316
-4.1211	0.79079	0.028144
-4.096	0.61506	0.0205
-4.096	0.64017	0.042625
-4.096	0.66527	0.066744
-4.096	0.69038	0.08517
-4.096	0.71548	0.09179
-4.096	0.74059	0.085476
-4.096	0.76569	0.066843
-4.096	0.79079	0.043953
-4.096	0.8159	0.023055
-4.071	0.61506	0.024868
-4.071	0.64017	0.050733
-4.071	0.66527	0.079049
-4.071	0.69038	0.10147
-4.071	0.71548	0.11032
-4.071	0.74059	0.10373
-4.071	0.76569	0.081675
-4.071	0.79079	0.05398
-4.071	0.8159	0.028199
-4.0459	0.61506	0.024267
-4.0459	0.64017	0.049184
-4.0459	0.66527	0.076454
-4.0459	0.69038	0.098907
-4.0459	0.71548	0.10857
-4.0459	0.74059	0.10315
-4.0459	0.76569	0.081666
-4.0459	0.79079	0.054133
-4.0459	0.8159	0.027915
-4.0209	0.64017	0.036166
-4.0209	0.66527	0.058135
-4.0209	0.69038	0.076932
-4.0209	0.71548	0.086006
-4.0209	0.74059	0.083008
-4.0209	0.76569	0.067144
-4.0209	0.79079	0.043763
-4.0209	0.8159	0.022591
-3.9958	0.66527	0.031579
-3.9958	0.69038	0.043529
-3.9958	0.71548	0.05073
-3.9958	0.74059	0.050864
-3.9958	0.76569	0.042556
-3.9958	0.79079	0.028605
-3.9708	0.74059	0.019816
-3.8956	0.58996	0.02201
-3.8956	0.61506	0.037065
-3.8956	0.64017	0.048892
-3.8956	0.66527	0.054287
-3.8956	0.69038	0.049931
-3.8956	0.71548	0.039003
-3.8956	0.74059	0.025192
-3.8706	-0.64017	0.021599
-3.8706	-0.61506	0.021285
-3.8706	0.58996	0.035388
-3.8706	0.61506	0.06057
-3.8706	0.64017	0.082374
-3.8706	0.66527	0.094191
-3.8706	0.69038	0.090887
-3.8706	0.71548	0.074448
-3.8706	0.74059	0.051393
-3.8706	0.76569	0.028883
-3.8455	-0.66527	0.020168
-3.8455	-0.64017	0.023685
-3.8455	-0.61506	0.023888
-3.8455	-0.58996	0.019966
-3.8455	0.58996	0.042815
-3.8455	0.61506	0.073388
-3.8455	0.64017	0.10126
-3.8455	0.66527	0.1181
-3.8455	0.69038	0.11667
-3.8455	0.71548	0.098047
-3.8455	0.74059	0.069475
-3.8455	0.76569	0.039685
-3.8205	-0.61506	0.020275
-3.8205	0.58996	0.039592
-3.8205	0.61506	0.067845
-3.8205	0.64017	0.095346
-3.8205	0.66527	0.11327
-3.8205	0.69038	0.11417
-3.8205	0.71548	0.097625
-3.8205	0.74059	0.070465
-3.8205	0.76569	0.040648
-3.7954	0.58996	0.026652
-3.7954	0.61506	0.046088
-3.7954	0.64017	0.067695
-3.7954	0.66527	0.082924
-3.7954	0.69038	0.086249
-3.7954	0.71548	0.076401
-3.7954	0.74059	0.05596
-3.7954	0.76569	0.032879
-3.7704	0.64017	0.028941
-3.7704	0.66527	0.038165
-3.7704	0.69038	0.043287
-3.7704	0.71548	0.039635
-3.7704	0.74059	0.031284
-3.6952	-0.74059	0.020128
-3.6952	-0.71548	0.029735
-3.6952	-0.69038	0.036187
-3.6952	-0.66527	0.036947
-3.6952	-0.64017	0.031826
-3.6952	-0.61506	0.023321
-3.6952	0.56485	0.033896
-3.6952	0.58996	0.050425
-3.6952	0.61506	0.05853
-3.6952	0.64017	0.056351
-3.6952	0.66527	0.046074
-3.6952	0.69038	0.030562
-3.6701	-2.046	0.02065
-3.6701	-2.0209	0.024612
-3.6701	-1.9958	0.024579
-3.6701	-1.9707	0.021015
-3.6701	-0.74059	0.031253
-3.6701	-0.71548	0.046608
-3.6701	-0.69038	0.057974
-3.6701	-0.66527	0.06086
-3.6701	-0.64017	0.054067
-3.6701	-0.61506	0.040753
-3.6701	-0.58996	0.024641
-3.6701	0.53975	0.029566
-3.6701	0.56485	0.059003
-3.6701	0.58996	0.091413
-3.6701	0.61506	0.11292
-3.6701	0.64017	0.11583
-3.6701	0.66527	0.10204
-3.6701	0.69038	0.07521
-3.6701	0.71548	0.045385
-3.6701	0.74059	0.021415
-3.6451	-2.0711	0.024123
-3.6451	-2.046	0.034462
-3.6451	-2.0209	0.040677
-3.6451	-1.9958	0.040532
-3.6451	-1.9707	0.03475
-3.6451	-1.9456	0.025094
-3.6451	-0.76569	0.022892
-3.6451	-0.74059	0.042432
-3.6451	-0.71548	0.063858
-3.6451	-0.69038	0.080424
-3.6451	-0.66527	0.086134
-3.6451	-0.64017	0.077988
-3.6451	-0.61506	0.059438
-3.6451	-0.58996	0.036427
-3.6451	0.53975	0.038416
-3.6451	0.56485	0.076908
-3.6451	0.58996	0.1184
-3.6451	0.61506	0.15007
-3.6451	0.64017	0.15839
-3.6451	0.66527	0.14369
-3.6451	0.69038	0.11013
-3.6451	0.71548	0.069168
-3.6451	0.74059	0.033469
-3.62	-2.0711	0.029394
-3.62	-2.046	0.041225
-3.62	-2.0209	0.048418
-3.62	-1.9958	0.048012
-3.62	-1.9707	0.041024
-3.62	-1.9456	0.029237
-3.62	-0.76569	0.022036
-3.62	-0.74059	0.041624
-3.62	-0.71548	0.064354
-3.62	-0.69038	0.083464
-3.62	-0.66527	0.091682
-3.62	-0.64017	0.084877
-3.62	-0.61506	0.065879
-3.62	-0.58996	0.040322
-3.62	0.53975	0.042536
-3.62	0.56485	0.085299
-3.62	0.58996	0.13265
-3.62	0.61506	0.171
-3.62	0.64017	0.18405
-3.62	0.66527	0.17056
-3.62	0.69038	0.13286
-3.62	0.71548	0.08496
-3.62	0.74059	0.041095
-3.595	-2.0711	0.0304
-3.595	-2.046	0.04185
-3.595	-2.0209	0.048468
-3.595	-1.9958	0.047535
-3.595	-1.9707	0.040101
-3.595	-1.9456	0.028107
-3.595	-0.74059	0.021295
-3.595	-0.71548	0.035652
-3.595	-0.69038	0.049129
-3.595	-0.66527	0.056718
-3.595	-0.64017	0.054542
-3.595	-0.61506	0.043822
-3.595	-0.58996	0.027585
-3.595	0.53975	0.03272
-3.595	0.56485	0.067008
-3.595	0.58996	0.10777
-3.595	0.61506	0.14481
-3.595	0.64017	0.16204
-3.595	0.66527	0.15471
-3.595	0.69038	0.12413
-3.595	0.71548	0.080478
-3.595	0.74059	0.039205
-3.5699	-2.0962	0.019818
-3.5699	-2.0711	0.032778
-3.5699	-2.046	0.044289
-3.5699	-2.0209	0.050499
-3.5699	-1.9958	0.048824
-3.5699	-1.9707	0.040478
-3.5699	-1.9456	0.027828
-3.5699	-0.64017	0.019992
-3.5699	0.56485	0.022303
-3.5699	0.58996	0.044309
-3.5699	0.61506	0.064196
-3.5699	0.64017	0.078378
-3.5699	0.66527	0.08104
-3.5699	0.69038	0.070005
-3.5699	0.71548	0.045551
-3.5699	0.74059	0.023018
-3.5449	-2.0962	0.021631
-3.5449	-2.0711	0.034994
-3.5449	-2.046	0.046492
-3.5449	-2.0209	0.052449
-3.5449	-1.9958	0.050087
-3.5449	-1.9707	0.040995
-3.5449	-1.9456	0.0276
-3.5198	-2.0711	0.030014
-3.5198	-2.046	0.039961
-3.5198	-2.0209	0.044552
-3.5198	-1.9958	0.042102
-3.5198	-1.9707	0.034123
-3.5198	-1.9456	0.022474
-3.5198	-0.79079	0.028264
-3.5198	-0.76569	0.039606
-3.5198	-0.74059	0.050067
-3.5198	-0.71548	0.048728
-3.5198	-0.69038	0.039111
-3.5198	-0.66527	0.025503
-3.5198	0.53975	0.025031
-3.5198	0.56485	0.028486
-3.5198	0.58996	0.025185
-3.4948	-2.0711	0.022412
-3.4948	-2.046	0.029439
-3.4948	-2.0209	0.0325
-3.4948	-1.9958	0.030514
-3.4948	-1.9707	0.024251
-3.4948	-0.8159	0.0359
-3.4948	-0.79079	0.076212
-3.4948	-0.76569	0.12574
-3.4948	-0.74059	0.15864
-3.4948	-0.71548	0.16827
-3.4948	-0.69038	0.15277
-3.4948	-0.66527	0.11749
-3.4948	-0.64017	0.070188
-3.4948	-0.61506	0.035579
-3.4948	0.36402	0.022561
-3.4948	0.38912	0.021959
-3.4948	0.48954	0.0233
-3.4948	0.51464	0.059401
-3.4948	0.53975	0.10886
-3.4948	0.56485	0.13815
-3.4948	0.58996	0.14761
-3.4948	0.61506	0.13251
-3.4948	0.64017	0.094558
-3.4948	0.66527	0.061078
-3.4948	0.69038	0.030835
-3.4697	-2.046	0.022519
-3.4697	-2.0209	0.02467
-3.4697	-1.9958	0.022805
-3.4697	-0.841	0.021023
-3.4697	-0.8159	0.07215
-3.4697	-0.79079	0.14552
-3.4697	-0.76569	0.23751
-3.4697	-0.74059	0.30581
-3.4697	-0.71548	0.33137
-3.4697	-0.69038	0.30905
-3.4697	-0.66527	0.24434
-3.4697	-0.64017	0.16335
-3.4697	-0.61506	0.0818
-3.4697	-0.58996	0.032076
-3.4697	0.33891	0.020843
-3.4697	0.36402	0.031092
-3.4697	0.38912	0.029291
-3.4697	0.48954	0.053136
-3.4697	0.51464	0.14195
-3.4697	0.53975	0.2424
-3.4697	0.56485	0.32829
-3.4697	0.58996	0.36629
-3.4697	0.61506	0.35183
-3.4697	0.64017	0.28536
-3.4697	0.66527	0.18926
-3.4697	0.69038	0.10839
-3.4697	0.71548	0.041993
-3.4447	-0.94142	0.020277
-3.4447	-0.841	0.046211
-3.4447	-0.8159	0.13033
-3.4447	-0.79079	0.26479
-3.4447	-0.76569	0.41442
-3.4447	-0.74059	0.53244
-3.4447	-0.71548	0.57681
-3.4447	-0.69038	0.53761
-3.4447	-0.66527	0.43144
-3.4447	-0.64017	0.27655
-3.4447	-0.61506	0.14126
-3.4447	-0.58996	0.052327
-3.4447	-0.48954	0.021033
-3.4447	0.36402	0.026978
-3.4447	0.38912	0.024474
-3.4447	0.48954	0.071786
-3.4447	0.51464	0.17825
-3.4447	0.53975	0.31115
-3.4447	0.56485	0.42877
-3.4447	0.58996	0.49635
-3.4447	0.61506	0.49168
-3.4447	0.64017	0.40918
-3.4447	0.66527	0.28735
-3.4447	0.69038	0.16483
-3.4447	0.71548	0.072521
-3.4447	1.8954	0.0221
-3.4447	1.9205	0.020936
-3.4196	-0.96653	0.029579
-3.4196	-0.94142	0.031144
-3.4196	-0.841	0.096827
-3.4196	-0.8159	0.25783
-3.4196	-0.79079	0.50279
-3.4196	-0.76569	0.76248
-3.4196	-0.74059	0.97957
-3.4196	-0.71548	1.0503
-3.4196	-0.69038	0.97141
-3.4196	-0.66527	0.76393
-3.4196	-0.64017	0.4974
-3.4196	-0.61506	0.24291
-3.4196	-0.58996	0.082391
-3.4196	-0.51464	0.033214
-3.4196	-0.48954	0.049447
-3.4196	-0.46444	0.043166
-3.4196	-0.43933	0.024519
-3.4196	0.48954	0.072842
-3.4196	0.51464	0.17611
-3.4196	0.53975	0.30472
-3.4196	0.56485	0.42496
-3.4196	0.58996	0.49729
-3.4196	0.61506	0.49944
-3.4196	0.64017	0.42115
-3.4196	0.66527	0.30075
-3.4196	0.69038	0.17341
-3.4196	0.71548	0.074404
-3.4196	1.8703	0.026212
-3.4196	1.8954	0.031084
-3.4196	1.9205	0.030562
-3.4196	1.9456	0.025653
-3.3946	-0.99163	0.030553
-3.3946	-0.96653	0.046285
-3.3946	-0.94142	0.045628
-3.3946	-0.91632	0.023176
-3.3946	-0.86611	0.033171
-3.3946	-0.841	0.19377
-3.3946	-0.8159	0.50283
-3.3946	-0.79079	0.94174
-3.3946	-0.76569	1.4127
-3.3946	-0.74059	1.7917
-3.3946	-0.71548	1.906
-3.3946	-0.69038	1.7542
-3.3946	-0.66527	1.3612
-3.3946	-0.64017	0.86057
-3.3946	-0.61506	0.40813
-3.3946	-0.58996	0.12517
-3.3946	-0.53975	0.0234
-3.3946	-0.51464	0.079195
-3.3946	-0.48954	0.11106
-3.3946	-0.46444	0.092556
-3.3946	-0.43933	0.048488
-3.3946	-0.33891	0.03039
-3.3946	-0.31381	0.035093
-3.3946	-0.2887	0.026076
-3.3946	0.48954	0.064419
-3.3946	0.51464	0.15412
-3.3946	0.53975	0.26908
-3.3946	0.56485	0.3811
-3.3946	0.58996	0.45344
-3.3946	0.61506	0.46249
-3.3946	0.64017	0.39457
-3.3946	0.66527	0.28359
-3.3946	0.69038	0.16266
-3.3946	0.71548	0.067755
-3.3946	0.8159	0.019838
-3.3946	0.841	0.021602
-3.3946	1.8703	0.021251
-3.3946	1.8954	0.025781
-3.3946	1.9205	0.026056
-3.3946	1.9456	0.022482
-3.3695	-0.99163	0.034184
-3.3695	-0.96653	0.049333
-3.3695	-0.94142	0.045699
-3.3695	-0.91632	0.019855
-3.3695	-0.86611	0.058919
-3.3695	-0.841	0.28405
-3.3695	-0.8159	0.69944
-3.3695	-0.79079	1.2915
-3.3695	-0.76569	1.9309
-3.3695	-0.74059	2.4432
-3.3695	-0.71548	2.6008
-3.3695	-0.69038	2.392
-3.3695	-0.66527	1.8504
-3.3695	-0.64017	1.1574
-3.3695	-0.61506	0.52726
-3.3695	-0.58996	0.1458
-3.3695	-0.53975	0.054742
-3.3695	-0.51464	0.15113
-3.3695	-0.48954	0.19761
-3.3695	-0.46444	0.15791
-3.3695	-0.43933	0.078016
-3.3695	-0.36402	0.035673
-3.3695	-0.33891	0.070096
-3.3695	-0.31381	0.077254
-3.3695	-0.2887	0.054636
-3.3695	-0.2636	0.021203
-3.3695	-0.18828	0.02503
-3.3695	-0.16318	0.038625
-3.3695	-0.13808	0.034417
-3.3695	0.48954	0.038704
-3.3695	0.51464	0.10109
-3.3695	0.53975	0.19029
-3.3695	0.56485	0.28539
-3.3695	0.58996	0.35736
-3.3695	0.61506	0.38104
-3.3695	0.64017	0.33583
-3.3695	0.66527	0.24579
-3.3695	0.69038	0.14205
-3.3695	0.71548	0.057221
-3.3695	0.8159	0.025766
-3.3695	0.841	0.026885
-3.3445	-0.99163	0.024798
-3.3445	-0.96653	0.033799
-3.3445	-0.94142	0.029081
-3.3445	-0.86611	0.060785
-3.3445	-0.841	0.2573
-3.3445	-0.8159	0.61986
-3.3445	-0.79079	1.1066
-3.3445	-0.76569	1.6473
-3.3445	-0.74059	2.0814
-3.3445	-0.71548	2.2101
-3.3445	-0.69038	2.0229
-3.3445	-0.66527	1.5537
-3.3445	-0.64017	0.96054
-3.3445	-0.61506	0.4163
-3.3445	-0.58996	0.10425
-3.3445	-0.53975	0.074377
-3.3445	-0.51464	0.17348
-3.3445	-0.48954	0.21456
-3.3445	-0.46444	0.16311
-3.3445	-0.43933	0.073834
-3.3445	-0.36402	0.054505
-3.3445	-0.33891	0.097623
-3.3445	-0.31381	0.1032
-3.3445	-0.2887	0.069534
-3.3445	-0.2636	0.024059
-3.3445	-0.18828	0.047035
-3.3445	-0.16318	0.068635
-3.3445	-0.13808	0.058912
-3.3445	-0.11297	0.031295
-3.3445	-0.037657	0.020238
-3.3445	-0.012552	0.041299
-3.3445	0.012552	0.047054
-3.3445	0.037657	0.034295
-3.3445	0.16318	0.028718
-3.3445	0.18828	0.026038
-3.3445	0.53975	0.045752
-3.3445	0.56485	0.09163
-3.3445	0.58996	0.14617
-3.3445	0.61506	0.18406
-3.3445	0.64017	0.18517
-3.3445	0.66527	0.14876
-3.3445	0.69038	0.089885
-3.3445	0.71548	0.03759
-3.3445	0.8159	0.028339
-3.3445	0.841	0.028957
-3.3194	-0.96653	0.02058
-3.3194	-0.86611	0.052917
-3.3194	-0.841	0.19832
-3.3194	-0.8159	0.46017
-3.3194	-0.79079	0.80059
-3.3194	-0.76569	1.185
-3.3194	-0.74059	1.4662
-3.3194	-0.71548	1.5386
-3.3194	-0.69038	1.3881
-3.3194	-0.66527	1.0542
-3.3194	-0.64017	0.63066
-3.3194	-0.61506	0.25266
-3.3194	-0.58996	0.050719
-3.3194	-0.53975	0.07235
-3.3194	-0.51464	0.14991
-3.3194	-0.48954	0.17125
-3.3194	-0.46444	0.12405
-3.3194	-0.43933	0.051276
-3.3194	-0.36402	0.05699
-3.3194	-0.33891	0.093223
-3.3194	-0.31381	0.093365
-3.3194	-0.2887	0.058674
-3.3194	-0.21339	0.021121
-3.3194	-0.18828	0.055351
-3.3194	-0.16318	0.075981
-3.3194	-0.13808	0.062262
-3.3194	-0.11297	0.030049
-3.3194	-0.037657	0.031444
-3.3194	-0.012552	0.058358
-3.3194	0.012552	0.064109
-3.3194	0.037657	0.044948
-3.3194	0.13808	0.038564
-3.3194	0.16318	0.05748
-3.3194	0.18828	0.051129
-3.3194	0.21339	0.028967
-3.3194	0.2887	0.020046
-3.3194	0.31381	0.04418
-3.3194	0.33891	0.052745
-3.3194	0.36402	0.040833
-3.3194	0.46444	0.02741
-3.3194	0.48954	0.055332
-3.3194	0.51464	0.065246
-3.3194	0.53975	0.051839
-3.3194	0.56485	0.032352
-3.3194	0.66527	0.021653
-3.2944	-0.86611	0.047039
-3.2944	-0.841	0.16393
-3.2944	-0.8159	0.35216
-3.2944	-0.79079	0.6066
-3.2944	-0.76569	0.87924
-3.2944	-0.74059	1.0718
-3.2944	-0.71548	1.1079
-3.2944	-0.69038	0.98285
-3.2944	-0.66527	0.72713
-3.2944	-0.64017	0.40996
-3.2944	-0.61506	0.15605
-3.2944	-0.58996	0.02467
-3.2944	-0.53975	0.070106
-3.2944	-0.51464	0.12491
-3.2944	-0.48954	0.13508
-3.2944	-0.46444	0.090305
-3.2944	-0.43933	0.032024
-3.2944	-0.36402	0.056491
-3.2944	-0.33891	0.084879
-3.2944	-0.31381	0.079165
-3.2944	-0.2887	0.045519
-3.2944	-0.21339	0.025285
-3.2944	-0.18828	0.058061
-3.2944	-0.16318	0.073882
-3.2944	-0.13808	0.056748
-3.2944	-0.11297	0.024617
-3.2944	-0.037657	0.039376
-3.2944	-0.012552	0.066608
-3.2944	0.012552	0.069849
-3.2944	0.037657	0.04539
-3.2944	0.11297	0.021073
-3.2944	0.13808	0.054589
-3.2944	0.16318	0.078309
-3.2944	0.18828	0.066657
-3.2944	0.21339	0.034232
-3.2944	0.2887	0.041195
-3.2944	0.31381	0.084383
-3.2944	0.33891	0.10053
-3.2944	0.36402	0.076041
-3.2944	0.38912	0.031564
-3.2944	0.43933	0.039569
-3.2944	0.46444	0.12187
-3.2944	0.48954	0.25338
-3.2944	0.51464	0.36669
-3.2944	0.53975	0.39952
-3.2944	0.56485	0.36511
-3.2944	0.58996	0.27982
-3.2944	0.61506	0.16575
-3.2944	0.64017	0.089355
-3.2944	0.66527	0.033324
-3.2693	-0.86611	0.04488
-3.2693	-0.841	0.14076
-3.2693	-0.8159	0.30072
-3.2693	-0.79079	0.50606
-3.2693	-0.76569	0.71363
-3.2693	-0.74059	0.86695
-3.2693	-0.71548	0.88331
-3.2693	-0.69038	0.77203
-3.2693	-0.66527	0.55485
-3.2693	-0.64017	0.30159
-3.2693	-0.61506	0.10356
-3.2693	-0.53975	0.072405
-3.2693	-0.51464	0.11609
-3.2693	-0.48954	0.11738
-3.2693	-0.46444	0.07279
-3.2693	-0.43933	0.023047
-3.2693	-0.38912	0.022205
-3.2693	-0.36402	0.060267
-3.2693	-0.33891	0.083096
-3.2693	-0.31381	0.072858
-3.2693	-0.2887	0.037758
-3.2693	-0.21339	0.031887
-3.2693	-0.18828	0.064188
-3.2693	-0.16318	0.076446
-3.2693	-0.13808	0.054383
-3.2693	-0.11297	0.020678
-3.2693	-0.037657	0.050534
-3.2693	-0.012552	0.078405
-3.2693	0.012552	0.077031
-3.2693	0.037657	0.045668
-3.2693	0.11297	0.032009
-3.2693	0.13808	0.076985
-3.2693	0.16318	0.10172
-3.2693	0.18828	0.083398
-3.2693	0.21339	0.03824
-3.2693	0.2887	0.072367
-3.2693	0.31381	0.13373
-3.2693	0.33891	0.15474
-3.2693	0.36402	0.11145
-3.2693	0.38912	0.040443
-3.2693	0.43933	0.096739
-3.2693	0.46444	0.29367
-3.2693	0.48954	0.594
-3.2693	0.51464	0.88702
-3.2693	0.53975	1.0365
-3.2693	0.56485	1.0136
-3.2693	0.58996	0.8572
-3.2693	0.61506	0.59896
-3.2693	0.64017	0.36717
-3.2693	0.66527	0.16815
-3.2693	0.69038	0.056825
-3.2693	1.8201	0.020777
-3.2693	1.8452	0.025158
-3.2693	1.8703	0.024882
-3.2693	1.8954	0.020688
-3.2443	-0.86611	0.042798
-3.2443	-0.841	0.12711
-3.2443	-0.8159	0.26606
-3.2443	-0.79079	0.44382
-3.2443	-0.76569	0.62484
-3.2443	-0.74059	0.75096
-3.2443	-0.71548	0.75904
-3.2443	-0.69038	0.65603
-3.2443	-0.66527	0.46102
-3.2443	-0.64017	0.2412
-3.2443	-0.61506	0.073572
-3.2443	-0.56485	0.025037
-3.2443	-0.53975	0.081501
-3.2443	-0.51464	0.12053
-3.2443	-0.48954	0.11282
-3.2443	-0.46444	0.064944
-3.2443	-0.38912	0.030619
-3.2443	-0.36402	0.071775
-3.2443	-0.33891	0.091812
-3.2443	-0.31381	0.075134
-3.2443	-0.2887	0.034561
-3.2443	-0.21339	0.044317
-3.2443	-0.18828	0.0799
-3.2443	-0.16318	0.088779
-3.2443	-0.13808	0.058112
-3.2443	-0.062762	0.026963
-3.2443	-0.037657	0.071638
-3.2443	-0.012552	0.10286
-3.2443	0.012552	0.093858
-3.2443	0.037657	0.050414
-3.2443	0.11297	0.055845
-3.2443	0.13808	0.11383
-3.2443	0.16318	0.14246
-3.2443	0.18828	0.10569
-3.2443	0.21339	0.043486
-3.2443	0.2636	0.034283
-3.2443	0.2887	0.12967
-3.2443	0.31381	0.22246
-3.2443	0.33891	0.24018
-3.2443	0.36402	0.1606
-3.2443	0.38912	0.048118
-3.2443	0.43933	0.19442
-3.2443	0.46444	0.62933
-3.2443	0.48954	1.2241
-3.2443	0.51464	1.8132
-3.2443	0.53975	2.1407
-3.2443	0.56485	2.1545
-3.2443	0.58996	1.8227
-3.2443	0.61506	1.3436
-3.2443	0.64017	0.84832
-3.2443	0.66527	0.384
-3.2443	0.69038	0.13967
-3.2443	0.71548	0.021514
-3.2443	0.79079	0.021535
-3.2443	1.8201	0.032557
-3.2443	1.8452	0.041341
-3.2443	1.8703	0.043219
-3.2443	1.8954	0.038612
-3.2443	1.9205	0.029078
-3.2192	-0.86611	0.029916
-3.2192	-0.841	0.092044
-3.2192	-0.8159	0.18652
-3.2192	-0.79079	0.31318
-3.2192	-0.76569	0.4506
-3.2192	-0.74059	0.54739
-3.2192	-0.71548	0.55744
-3.2192	-0.69038	0.4877
-3.2192	-0.66527	0.33958
-3.2192	-0.64017	0.16945
-3.2192	-0.61506	0.046482
-3.2192	-0.56485	0.030655
-3.2192	-0.53975	0.085915
-3.2192	-0.51464	0.11737
-3.2192	-0.48954	0.10511
-3.2192	-0.46444	0.056061
-3.2192	-0.38912	0.040432
-3.2192	-0.36402	0.086622
-3.2192	-0.33891	0.10389
-3.2192	-0.31381	0.079371
-3.2192	-0.2887	0.032139
-3.2192	-0.21339	0.064197
-3.2192	-0.18828	0.10605
-3.2192	-0.16318	0.11026
-3.2192	-0.13808	0.06664
-3.2192	-0.062762	0.043839
-3.2192	-0.037657	0.1106
-3.2192	-0.012552	0.14668
-3.2192	0.012552	0.12461
-3.2192	0.037657	0.059628
-3.2192	0.087866	0.02105
-3.2192	0.11297	0.10098
-3.2192	0.13808	0.18974
-3.2192	0.16318	0.2185
-3.2192	0.18828	0.15013
-3.2192	0.21339	0.05207
-3.2192	0.2636	0.087767
-3.2192	0.2887	0.24934
-3.2192	0.31381	0.39421
-3.2192	0.33891	0.39929
-3.2192	0.36402	0.25047
-3.2192	0.38912	0.057584
-3.2192	0.41423	0.051404
-3.2192	0.43933	0.52063
-3.2192	0.46444	1.3829
-3.2192	0.48954	2.6045
-3.2192	0.51464	3.6776
-3.2192	0.53975	4.4132
-3.2192	0.56485	4.4409
-3.2192	0.58996	3.7549
-3.2192	0.61506	2.7806
-3.2192	0.64017	1.7394
-3.2192	0.66527	0.78494
-3.2192	0.69038	0.26185
-3.2192	0.71548	0.045895
-3.2192	0.76569	0.042373
-3.2192	0.79079	0.071334
-3.2192	0.8159	0.061827
-3.2192	0.841	0.032749
-3.2192	1.795	0.023842
-3.2192	1.8201	0.039136
-3.2192	1.8452	0.05031
-3.2192	1.8703	0.053464
-3.2192	1.8954	0.048788
-3.2192	1.9205	0.037614
-3.2192	1.9456	0.024171
-3.1942	-0.841	0.034601
-3.1942	-0.8159	0.068237
-3.1942	-0.79079	0.12944
-3.1942	-0.76569	0.1821
-3.1942	-0.74059	0.23359
-3.1942	-0.71548	0.24443
-3.1942	-0.69038	0.22009
-3.1942	-0.66527	0.15321
-3.1942	-0.64017	0.079097
-3.1942	-0.56485	0.024157
-3.1942	-0.53975	0.059359
-3.1942	-0.51464	0.076586
-3.1942	-0.48954	0.065782
-3.1942	-0.46444	0.031139
-3.1942	-0.38912	0.038088
-3.1942	-0.36402	0.074901
-3.1942	-0.33891	0.086661
-3.1942	-0.31381	0.062022
-3.1942	-0.2887	0.021879
-3.1942	-0.23849	0.023078
-3.1942	-0.21339	0.072964
-3.1942	-0.18828	0.1128
-3.1942	-0.16318	0.11191
-3.1942	-0.13808	0.063397
-3.1942	-0.062762	0.06627
-3.1942	-0.037657	0.14734
-3.1942	-0.012552	0.18481
-3.1942	0.012552	0.14747
-3.1942	0.037657	0.062115
-3.1942	0.087866	0.042502
-3.1942	0.11297	0.16833
-3.1942	0.13808	0.29069
-3.1942	0.16318	0.3206
-3.1942	0.18828	0.20545
-3.1942	0.21339	0.057301
-3.1942	0.2636	0.1819
-3.1942	0.2887	0.47152
-3.1942	0.31381	0.69463
-3.1942	0.33891	0.66472
-3.1942	0.36402	0.37771
-3.1942	0.38912	0.062915
-3.1942	0.41423	0.17278
-3.1942	0.43933	1.2192
-3.1942	0.46444	3.1798
-3.1942	0.48954	5.5666
-3.1942	0.51464	7.7748
-3.1942	0.53975	9.25
-3.1942	0.56485	9.1761
-3.1942	0.58996	7.8866
-3.1942	0.61506	5.7247
-3.1942	0.64017	3.5105
-3.1942	0.66527	1.5519
-3.1942	0.69038	0.49068
-3.1942	0.71548	0.068869
-3.1942	0.74059	0.02604
-3.1942	0.76569	0.13206
-3.1942	0.79079	0.19612
-3.1942	0.8159	0.16614
-3.1942	0.841	0.086547
-3.1942	0.86611	0.022705
-3.1942	0.94142	0.025701
-3.1942	0.96653	0.029467
-3.1942	0.99163	0.021344
-3.1942	1.795	0.027061
-3.1942	1.8201	0.043588
-3.1942	1.8452	0.056344
-3.1942	1.8703	0.06037
-3.1942	1.8954	0.055622
-3.1942	1.9205	0.0431
-3.1942	1.9456	0.028237
-3.1691	-0.79079	0.026058
-3.1691	-0.76569	0.043219
-3.1691	-0.74059	0.058033
-3.1691	-0.71548	0.064562
-3.1691	-0.69038	0.059025
-3.1691	-0.66527	0.042433
-3.1691	-0.64017	0.01973
-3.1691	-0.53975	0.025807
-3.1691	-0.51464	0.031569
-3.1691	-0.48954	0.02609
-3.1691	-0.38912	0.022973
-3.1691	-0.36402	0.040874
-3.1691	-0.33891	0.044468
-3.1691	-0.31381	0.029663
-3.1691	-0.21339	0.051481
-3.1691	-0.18828	0.073517
-3.1691	-0.16318	0.069379
-3.1691	-0.13808	0.035304
-3.1691	-0.062762	0.060378
-3.1691	-0.037657	0.12113
-3.1691	-0.012552	0.14546
-3.1691	0.012552	0.10933
-3.1691	0.037657	0.040116
-3.1691	0.087866	0.055011
-3.1691	0.11297	0.18269
-3.1691	0.13808	0.29756
-3.1691	0.16318	0.31244
-3.1691	0.18828	0.18858
-3.1691	0.21339	0.039968
-3.1691	0.23849	0.031791
-3.1691	0.2636	0.25789
-3.1691	0.2887	0.62993
-3.1691	0.31381	0.88744
-3.1691	0.33891	0.81265
-3.1691	0.36402	0.40585
-3.1691	0.38912	0.058348
-3.1691	0.41423	0.39252
-3.1691	0.43933	2.1452
-3.1691	0.46444	5.4095
-3.1691	0.48954	9.4223
-3.1691	0.51464	13.334
-3.1691	0.53975	15.756
-3.1691	0.56485	15.782
-3.1691	0.58996	13.544
-3.1691	0.61506	9.9489
-3.1691	0.64017	5.9223
-3.1691	0.66527	2.7075
-3.1691	0.69038	0.77434
-3.1691	0.71548	0.083832
-3.1691	0.74059	0.094589
-3.1691	0.76569	0.34761
-3.1691	0.79079	0.46491
-3.1691	0.8159	0.37886
-3.1691	0.841	0.19087
-3.1691	0.86611	0.043878
-3.1691	0.91632	0.038763
-3.1691	0.94142	0.081639
-3.1691	0.96653	0.090316
-3.1691	0.99163	0.064315
-3.1691	1.0167	0.027215
-3.1691	1.1172	0.020558
-3.1691	1.795	0.027897
-3.1691	1.8201	0.045315
-3.1691	1.8452	0.059272
-3.1691	1.8703	0.064528
-3.1691	1.8954	0.060315
-3.1691	1.9205	0.047265
-3.1691	1.9456	0.031009
-3.1441	-0.21339	0.027429
-3.1441	-0.18828	0.037041
-3.1441	-0.16318	0.032501
-3.1441	-0.062762	0.03839
-3.1441	-0.037657	0.0716
-3.1441	-0.012552	0.080078
-3.1441	0.012552	0.055617
-3.1441	0.087866	0.044807
-3.1441	0.11297	0.1278
-3.1441	0.13808	0.1948
-3.1441	0.16318	0.19294
-3.1441	0.18828	0.10557
-3.1441	0.23849	0.037239
-3.1441	0.2636	0.22661
-3.1441	0.2887	0.50712
-3.1441	0.31381	0.67602
-3.1441	0.33891	0.58458
-3.1441	0.36402	0.25255
-3.1441	0.38912	0.045613
-3.1441	0.41423	0.48793
-3.1441	0.43933	2.3014
-3.1441	0.46444	5.4567
-3.1441	0.48954	9.4978
-3.1441	0.51464	13.358
-3.1441	0.53975	15.92
-3.1441	0.56485	16.094
-3.1441	0.58996	13.965
-3.1441	0.61506	10.283
-3.1441	0.64017	6.1543
-3.1441	0.66527	2.7321
-3.1441	0.69038	0.72343
-3.1441	0.71548	0.063858
-3.1441	0.74059	0.18899
-3.1441	0.76569	0.54418
-3.1441	0.79079	0.69146
-3.1441	0.8159	0.54709
-3.1441	0.841	0.26571
-3.1441	0.86611	0.049289
-3.1441	0.91632	0.086847
-3.1441	0.94142	0.17206
-3.1441	0.96653	0.18346
-3.1441	0.99163	0.12646
-3.1441	1.0167	0.048958
-3.1441	1.0921	0.041103
-3.1441	1.1172	0.061432
-3.1441	1.1423	0.054023
-3.1441	1.1674	0.029088
-3.1441	1.795	0.021323
-3.1441	1.8201	0.037001
-3.1441	1.8452	0.051335
-3.1441	1.8703	0.058765
-3.1441	1.8954	0.05728
-3.1441	1.9205	0.046297
-3.1441	1.9456	0.031075
-3.119	-0.062762	0.02408
-3.119	-0.037657	0.041062
-3.119	-0.012552	0.042946
-3.119	0.012552	0.02686
-3.119	0.087866	0.033264
-3.119	0.11297	0.083033
-3.119	0.13808	0.1171
-3.119	0.16318	0.10813
-3.119	0.18828	0.051818
-3.119	0.23849	0.03483
-3.119	0.2636	0.16771
-3.119	0.2887	0.34505
-3.119	0.31381	0.42842
-3.119	0.33891	0.34044
-3.119	0.36402	0.12189
-3.119	0.38912	0.042987
-3.119	0.41423	0.45668
-3.119	0.43933	1.8331
-3.119	0.46444	4.1452
-3.119	0.48954	7.0349
-3.119	0.51464	9.7305
-3.119	0.53975	11.455
-3.119	0.56485	11.443
-3.119	0.58996	9.814
-3.119	0.61506	7.1499
-3.119	0.64017	4.161
-3.119	0.66527	1.7725
-3.119	0.69038	0.41988
-3.119	0.71548	0.039443
-3.119	0.74059	0.21314
-3.119	0.76569	0.50688
-3.119	0.79079	0.60292
-3.119	0.8159	0.4533
-3.119	0.841	0.20623
-3.119	0.86611	0.028704
-3.119	0.91632	0.10768
-3.119	0.94142	0.19359
-3.119	0.96653	0.19799
-3.119	0.99163	0.13067
-3.119	1.0167	0.0463
-3.119	1.0669	0.019812
-3.119	1.0921	0.064587
-3.119	1.1172	0.092006
-3.119	1.1423	0.079082
-3.119	1.1674	0.040949
-3.119	1.2427	0.019974
-3.119	1.2678	0.03988
-3.119	1.2929	0.044109
-3.119	1.318	0.031466
-3.119	1.8703	0.026946
-3.119	1.8954	0.031057
-3.119	1.9205	0.028426
-3.119	1.9456	0.021161
-3.0939	-0.841	0.033544
-3.0939	-0.8159	0.044599
-3.0939	-0.79079	0.049816
-3.0939	-0.76569	0.046779
-3.0939	-0.74059	0.037222
-3.0939	-0.71548	0.024823
-3.0939	-0.037657	0.024447
-3.0939	-0.012552	0.024028
-3.0939	0.087866	0.025569
-3.0939	0.11297	0.057061
-3.0939	0.13808	0.074684
-3.0939	0.16318	0.06382
-3.0939	0.18828	0.026235
-3.0939	0.23849	0.032843
-3.0939	0.2636	0.12974
-3.0939	0.2887	0.24612
-3.0939	0.31381	0.28505
-3.0939	0.33891	0.20472
-3.0939	0.36402	0.057382
-3.0939	0.38912	0.050017
-3.0939	0.41423	0.42682
-3.0939	0.43933	1.4926
-3.0939	0.46444	3.2401
-3.0939	0.48954	5.2554
-3.0939	0.51464	7.086
-3.0939	0.53975	8.2044
-3.0939	0.56485	8.0353
-3.0939	0.58996	6.7647
-3.0939	0.61506	4.7849
-3.0939	0.64017	2.6792
-3.0939	0.66527	1.0728
-3.0939	0.69038	0.20596
-3.0939	0.71548	0.029421
-3.0939	0.74059	0.20537
-3.0939	0.76569	0.41432
-3.0939	0.79079	0.45679
-3.0939	0.8159	0.32303
-3.0939	0.841	0.12956
-3.0939	0.89121	0.024002
-3.0939	0.91632	0.10285
-3.0939	0.94142	0.16853
-3.0939	0.96653	0.16187
-3.0939	0.99163	0.099419
-3.0939	1.0167	0.030092
-3.0939	1.0669	0.024922
-3.0939	1.0921	0.067046
-3.0939	1.1172	0.089599
-3.0939	1.1423	0.07336
-3.0939	1.1674	0.035251
-3.0939	1.2427	0.026719
-3.0939	1.2678	0.049098
-3.0939	1.2929	0.05249
-3.0939	1.318	0.035893
-3.0939	1.4184	0.022337
-3.0939	1.4435	0.032709
-3.0939	1.4686	0.028686
-3.0939	1.6192	0.019657
-3.0689	-0.89121	0.022103
-3.0689	-0.86611	0.048066
-3.0689	-0.841	0.081178
-3.0689	-0.8159	0.1151
-3.0689	-0.79079	0.13298
-3.0689	-0.76569	0.13141
-3.0689	-0.74059	0.11158
-3.0689	-0.71548	0.079362
-3.0689	-0.69038	0.04319
-3.0689	0.087866	0.020086
-3.0689	0.11297	0.04086
-3.0689	0.13808	0.050058
-3.0689	0.16318	0.039511
-3.0689	0.23849	0.032479
-3.0689	0.2636	0.10971
-3.0689	0.2887	0.18906
-3.0689	0.31381	0.20404
-3.0689	0.33891	0.13166
-3.0689	0.36402	0.029056
-3.0689	0.38912	0.063059
-3.0689	0.41423	0.42117
-3.0689	0.43933	1.3247
-3.0689	0.46444	2.7355
-3.0689	0.48954	4.3198
-3.0689	0.51464	5.657
-3.0689	0.53975	6.3995
-3.0689	0.56485	6.1476
-3.0689	0.58996	5.0357
-3.0689	0.61506	3.4665
-3.0689	0.64017	1.8604
-3.0689	0.66527	0.67273
-3.0689	0.69038	0.11274
-3.0689	0.71548	0.035246
-3.0689	0.74059	0.20297
-3.0689	0.76569	0.35155
-3.0689	0.79079	0.36291
-3.0689	0.8159	0.23628
-3.0689	0.841	0.084195
-3.0689	0.89121	0.029322
-3.0689	0.91632	0.099557
-3.0689	0.94142	0.14828
-3.0689	0.96653	0.13284
-3.0689	0.99163	0.074512
-3.0689	1.0669	0.028971
-3.0689	1.0921	0.066697
-3.0689	1.1172	0.082188
-3.0689	1.1423	0.062637
-3.0689	1.1674	0.026789
-3.0689	1.2427	0.030595
-3.0689	1.2678	0.051256
-3.0689	1.2929	0.051711
-3.0689	1.318	0.032902
-3.0689	1.4184	0.028645
-3.0689	1.4435	0.039651
-3.0689	1.4686	0.033598
-3.0689	1.5941	0.0288
-3.0689	1.6192	0.033272
-3.0689	1.6444	0.024951
-3.0689	1.7448	0.029291
-3.0689	1.7699	0.054104
-3.0689	1.795	0.071183
-3.0689	1.8201	0.074849
-3.0689	1.8452	0.064546
-3.0689	1.8703	0.046009
-3.0689	1.8954	0.02543
-3.0438	-0.89121	0.038874
-3.0438	-0.86611	0.085513
-3.0438	-0.841	0.15122
-3.0438	-0.8159	0.21111
-3.0438	-0.79079	0.25436
-3.0438	-0.76569	0.2586
-3.0438	-0.74059	0.22596
-3.0438	-0.71548	0.16401
-3.0438	-0.69038	0.092109
-3.0438	-0.66527	0.038395
-3.0438	0.11297	0.028121
-3.0438	0.13808	0.033392
-3.0438	0.16318	0.024325
-3.0438	0.23849	0.032767
-3.0438	0.2636	0.092475
-3.0438	0.2887	0.15254
-3.0438	0.31381	0.154
-3.0438	0.33891	0.089526
-3.0438	0.38912	0.077789
-3.0438	0.41423	0.44136
-3.0438	0.43933	1.2843
-3.0438	0.46444	2.4919
-3.0438	0.48954	3.855
-3.0438	0.51464	4.9708
-3.0438	0.53975	5.4849
-3.0438	0.56485	5.1639
-3.0438	0.58996	4.136
-3.0438	0.61506	2.7542
-3.0438	0.64017	1.4393
-3.0438	0.66527	0.47737
-3.0438	0.69038	0.058873
-3.0438	0.71548	0.048338
-3.0438	0.74059	0.21355
-3.0438	0.76569	0.33143
-3.0438	0.79079	0.31247
-3.0438	0.8159	0.18863
-3.0438	0.841	0.060814
-3.0438	0.89121	0.036976
-3.0438	0.91632	0.10331
-3.0438	0.94142	0.14049
-3.0438	0.96653	0.11721
-3.0438	0.99163	0.059186
-3.0438	1.0669	0.034688
-3.0438	1.0921	0.069347
-3.0438	1.1172	0.079102
-3.0438	1.1423	0.055829
-3.0438	1.1674	0.021357
-3.0438	1.2427	0.035638
-3.0438	1.2678	0.054719
-3.0438	1.2929	0.051485
-3.0438	1.318	0.029859
-3.0438	1.4184	0.034997
-3.0438	1.4435	0.045142
-3.0438	1.4686	0.035656
-3.0438	1.569	0.021791
-3.0438	1.5941	0.039843
-3.0438	1.6192	0.043787
-3.0438	1.6444	0.031298
-3.0438	1.7448	0.054652
-3.0438	1.7699	0.1073
-3.0438	1.795	0.14657
-3.0438	1.8201	0.16358
-3.0438	1.8452	0.15233
-3.0438	1.8703	0.11985
-3.0438	1.8954	0.077804
-3.0438	1.9205	0.043775
-3.0188	-0.89121	0.031874
-3.0188	-0.86611	0.075005
-3.0188	-0.841	0.13753
-3.0188	-0.8159	0.19934
-3.0188	-0.79079	0.25008
-3.0188	-0.76569	0.26732
-3.0188	-0.74059	0.24342
-3.0188	-0.71548	0.18307
-3.0188	-0.69038	0.10543
-3.0188	-0.66527	0.042532
-3.0188	-0.56485	0.024872
-3.0188	-0.53975	0.026892
-3.0188	0.23849	0.030241
-3.0188	0.2636	0.079086
-3.0188	0.2887	0.12156
-3.0188	0.31381	0.11562
-3.0188	0.33891	0.059824
-3.0188	0.38912	0.10299
-3.0188	0.41423	0.4763
-3.0188	0.43933	1.2922
-3.0188	0.46444	2.4342
-3.0188	0.48954	3.6908
-3.0188	0.51464	4.6702
-3.0188	0.53975	5.0792
-3.0188	0.56485	4.6998
-3.0188	0.58996	3.6902
-3.0188	0.61506	2.3797
-3.0188	0.64017	1.1816
-3.0188	0.66527	0.34769
-3.0188	0.69038	0.026868
-3.0188	0.71548	0.073967
-3.0188	0.74059	0.24108
-3.0188	0.76569	0.3368
-3.0188	0.79079	0.29475
-3.0188	0.8159	0.16358
-3.0188	0.841	0.042943
-3.0188	0.89121	0.048866
-3.0188	0.91632	0.11639
-3.0188	0.94142	0.14563
-3.0188	0.96653	0.11111
-3.0188	0.99163	0.050588
-3.0188	1.0669	0.044171
-3.0188	1.0921	0.077902
-3.0188	1.1172	0.082315
-3.0188	1.1423	0.053797
-3.0188	1.2427	0.043841
-3.0188	1.2678	0.061679
-3.0188	1.2929	0.054307
-3.0188	1.318	0.028314
-3.0188	1.3933	0.021256
-3.0188	1.4184	0.044218
-3.0188	1.4435	0.053005
-3.0188	1.4686	0.038958
-3.0188	1.569	0.032166
-3.0188	1.5941	0.053828
-3.0188	1.6192	0.056349
-3.0188	1.6444	0.036941
-3.0188	1.7197	0.032566
-3.0188	1.7448	0.09958
-3.0188	1.7699	0.17812
-3.0188	1.795	0.24167
-3.0188	1.8201	0.2724
-3.0188	1.8452	0.25711
-3.0188	1.8703	0.20255
-3.0188	1.8954	0.13975
-3.0188	1.9205	0.078001
-3.0188	1.9456	0.035068
-2.9937	-0.86611	0.030498
-2.9937	-0.841	0.054538
-2.9937	-0.8159	0.085606
-2.9937	-0.79079	0.11347
-2.9937	-0.76569	0.12479
-2.9937	-0.74059	0.1181
-2.9937	-0.71548	0.08724
-2.9937	-0.69038	0.052662
-2.9937	-0.66527	0.020274
-2.9937	-0.56485	0.021337
-2.9937	-0.53975	0.022535
-2.9937	0.2636	0.050739
-2.9937	0.2887	0.077154
-2.9937	0.31381	0.072947
-2.9937	0.33891	0.031738
-2.9937	0.38912	0.11129
-2.9937	0.41423	0.47563
-2.9937	0.43933	1.2359
-2.9937	0.46444	2.3231
-2.9937	0.48954	3.4976
-2.9937	0.51464	4.4129
-2.9937	0.53975	4.7957
-2.9937	0.56485	4.4115
-2.9937	0.58996	3.4241
-2.9937	0.61506	2.1519
-2.9937	0.64017	1.0091
-2.9937	0.66527	0.26556
-2.9937	0.71548	0.10305
-2.9937	0.74059	0.28896
-2.9937	0.76569	0.36558
-2.9937	0.79079	0.30266
-2.9937	0.8159	0.15207
-2.9937	0.841	0.032993
-2.9937	0.89121	0.070303
-2.9937	0.91632	0.14261
-2.9937	0.94142	0.16423
-2.9937	0.96653	0.11836
-2.9937	0.99163	0.046024
-2.9937	1.0669	0.060704
-2.9937	1.0921	0.095741
-2.9937	1.1172	0.093202
-2.9937	1.1423	0.056259
-2.9937	1.2176	0.024838
-2.9937	1.2427	0.059019
-2.9937	1.2678	0.075823
-2.9937	1.2929	0.061925
-2.9937	1.318	0.028633
-2.9937	1.3933	0.032168
-2.9937	1.4184	0.059549
-2.9937	1.4435	0.066269
-2.9937	1.4686	0.045944
-2.9937	1.569	0.048981
-2.9937	1.5941	0.075263
-2.9937	1.6192	0.07255
-2.9937	1.6444	0.04398
-2.9937	1.7197	0.060168
-2.9937	1.7448	0.16696
-2.9937	1.7699	0.2868
-2.9937	1.795	0.38157
-2.9937	1.8201	0.42533
-2.9937	1.8452	0.3991
-2.9937	1.8703	0.31571
-2.9937	1.8954	0.21757
-2.9937	1.9205	0.12557
-2.9937	1.9456	0.056429
-2.9687	-0.8159	0.022697
-2.9687	-0.79079	0.031578
-2.9687	-0.76569	0.03672
-2.9687	-0.74059	0.035916
-2.9687	-0.71548	0.027066
-2.9687	0.31381	0.02005
-2.9687	0.38912	0.063435
-2.9687	0.41423	0.2891
-2.9687	0.43933	0.76318
-2.9687	0.46444	1.5356
-2.9687	0.48954	2.4058
-2.9687	0.51464	3.1473
-2.9687	0.53975	3.5534
-2.9687	0.56485	3.3679
-2.9687	0.58996	2.6325
-2.9687	0.61506	1.6749
-2.9687	0.64017	0.78011
-2.9687	0.66527	0.17405
-2.9687	0.71548	0.13849
-2.9687	0.74059	0.3287
-2.9687	0.76569	0.39168
-2.9687	0.79079	0.30327
-2.9687	0.8159	0.1401
-2.9687	0.841	0.023838
-2.9687	0.89121	0.10039
-2.9687	0.91632	0.1823
-2.9687	0.94142	0.1958
-2.9687	0.96653	0.1307
-2.9687	0.99163	0.04358
-2.9687	1.0418	0.03076
-2.9687	1.0669	0.089259
-2.9687	1.0921	0.12776
-2.9687	1.1172	0.11616
-2.9687	1.1423	0.063684
-2.9687	1.2176	0.041207
-2.9687	1.2427	0.085597
-2.9687	1.2678	0.10299
-2.9687	1.2929	0.075471
-2.9687	1.318	0.03093
-2.9687	1.3933	0.052407
-2.9687	1.4184	0.087044
-2.9687	1.4435	0.090401
-2.9687	1.4686	0.057664
-2.9687	1.5439	0.029327
-2.9687	1.569	0.080482
-2.9687	1.5941	0.11299
-2.9687	1.6192	0.10268
-2.9687	1.6444	0.05484
-2.9687	1.7197	0.10891
-2.9687	1.7448	0.28822
-2.9687	1.7699	0.47775
-2.9687	1.795	0.62348
-2.9687	1.8201	0.67855
-2.9687	1.8452	0.63117
-2.9687	1.8703	0.49192
-2.9687	1.8954	0.33394
-2.9687	1.9205	0.18468
-2.9687	1.9456	0.078934
-2.9687	1.9707	0.022695
-2.9436	0.41423	0.039457
-2.9436	0.43933	0.13492
-2.9436	0.46444	0.33906
-2.9436	0.48954	0.61322
-2.9436	0.51464	0.90494
-2.9436	0.53975	1.109
-2.9436	0.56485	1.1344
-2.9436	0.58996	0.96426
-2.9436	0.61506	0.64188
-2.9436	0.64017	0.31279
-2.9436	0.66527	0.05775
-2.9436	0.71548	0.10879
-2.9436	0.74059	0.2316
-2.9436	0.76569	0.26871
-2.9436	0.79079	0.20819
-2.9436	0.8159	0.084704
-2.9436	0.86611	0.023531
-2.9436	0.89121	0.10876
-2.9436	0.91632	0.1858
-2.9436	0.94142	0.19132
-2.9436	0.96653	0.12042
-2.9436	0.99163	0.035008
-2.9436	1.0418	0.04661
-2.9436	1.0669	0.12049
-2.9436	1.0921	0.16053
-2.9436	1.1172	0.13729
-2.9436	1.1423	0.068069
-2.9436	1.2176	0.066752
-2.9436	1.2427	0.12904
-2.9436	1.2678	0.14419
-2.9436	1.2929	0.098359
-2.9436	1.318	0.033815
-2.9436	1.3682	0.029088
-2.9436	1.3933	0.091525
-2.9436	1.4184	0.13743
-2.9436	1.4435	0.1322
-2.9436	1.4686	0.076811
-2.9436	1.5439	0.059384
-2.9436	1.569	0.14139
-2.9436	1.5941	0.18291
-2.9436	1.6192	0.15462
-2.9436	1.6444	0.072174
-2.9436	1.6946	0.044908
-2.9436	1.7197	0.22107
-2.9436	1.7448	0.524
-2.9436	1.7699	0.85401
-2.9436	1.795	1.0839
-2.9436	1.8201	1.1549
-2.9436	1.8452	1.0567
-2.9436	1.8703	0.80982
-2.9436	1.8954	0.53726
-2.9436	1.9205	0.29049
-2.9436	1.9456	0.12379
-2.9436	1.9707	0.031558
-2.9186	0.51464	0.037502
-2.9186	0.53975	0.07427
-2.9186	0.56485	0.10149
-2.9186	0.58996	0.10552
-2.9186	0.61506	0.082449
-2.9186	0.64017	0.037531
-2.9186	0.71548	0.033525
-2.9186	0.74059	0.067783
-2.9186	0.76569	0.078609
-2.9186	0.79079	0.060579
-2.9186	0.8159	0.022299
-2.9186	0.89121	0.055943
-2.9186	0.91632	0.092077
-2.9186	0.94142	0.092302
-2.9186	0.96653	0.056663
-2.9186	1.0418	0.038819
-2.9186	1.0669	0.093291
-2.9186	1.0921	0.12055
-2.9186	1.1172	0.10075
-2.9186	1.1423	0.04621
-2.9186	1.2176	0.077982
-2.9186	1.2427	0.13904
-2.9186	1.2678	0.14988
-2.9186	1.2929	0.09854
-2.9186	1.318	0.028526
-2.9186	1.3682	0.05
-2.9186	1.3933	0.13525
-2.9186	1.4184	0.19144
-2.9186	1.4435	0.17517
-2.9186	1.4686	0.092311
-2.9186	1.5439	0.11471
-2.9186	1.569	0.24229
-2.9186	1.5941	0.29741
-2.9186	1.6192	0.23224
-2.9186	1.6444	0.094368
-2.9186	1.6946	0.11512
-2.9186	1.7197	0.48138
-2.9186	1.7448	1.033
-2.9186	1.7699	1.6211
-2.9186	1.795	2.0049
-2.9186	1.8201	2.1001
-2.9186	1.8452	1.8847
-2.9186	1.8703	1.4338
-2.9186	1.8954	0.91561
-2.9186	1.9205	0.48687
-2.9186	1.9456	0.1933
-2.9186	1.9707	0.044146
-2.9186	2.0711	0.020904
-2.8935	0.38912	0.023092
-2.8935	0.41423	0.049147
-2.8935	0.43933	0.072978
-2.8935	0.46444	0.082624
-2.8935	0.48954	0.075089
-2.8935	0.51464	0.053187
-2.8935	0.53975	0.028639
-2.8935	0.91632	0.024443
-2.8935	0.94142	0.023996
-2.8935	1.0669	0.036717
-2.8935	1.0921	0.045554
-2.8935	1.1172	0.036314
-2.8935	1.2176	0.044068
-2.8935	1.2427	0.074233
-2.8935	1.2678	0.077515
-2.8935	1.2929	0.04828
-2.8935	1.3682	0.043051
-2.8935	1.3933	0.10573
-2.8935	1.4184	0.14454
-2.8935	1.4435	0.12861
-2.8935	1.4686	0.062452
-2.8935	1.5188	0.025675
-2.8935	1.5439	0.13541
-2.8935	1.569	0.26796
-2.8935	1.5941	0.32008
-2.8935	1.6192	0.24096
-2.8935	1.6444	0.084236
-2.8935	1.6695	0.019785
-2.8935	1.6946	0.21249
-2.8935	1.7197	0.77925
-2.8935	1.7448	1.6322
-2.8935	1.7699	2.5337
-2.8935	1.795	3.1474
-2.8935	1.8201	3.3158
-2.8935	1.8452	2.9842
-2.8935	1.8703	2.2759
-2.8935	1.8954	1.4618
-2.8935	1.9205	0.76319
-2.8935	1.9456	0.29367
-2.8935	1.9707	0.058492
-2.8935	2.046	0.039783
-2.8935	2.0711	0.041403
-2.8935	2.0962	0.027295
-2.8685	0.38912	0.040269
-2.8685	0.41423	0.088734
-2.8685	0.43933	0.14387
-2.8685	0.46444	0.18308
-2.8685	0.48954	0.19687
-2.8685	0.51464	0.17592
-2.8685	0.53975	0.13351
-2.8685	0.56485	0.084288
-2.8685	0.58996	0.041866
-2.8685	1.2427	0.027477
-2.8685	1.2678	0.027154
-2.8685	1.3682	0.022866
-2.8685	1.3933	0.04952
-2.8685	1.4184	0.063837
-2.8685	1.4435	0.053479
-2.8685	1.4686	0.022974
-2.8685	1.5188	0.019746
-2.8685	1.5439	0.081501
-2.8685	1.569	0.15534
-2.8685	1.5941	0.17682
-2.8685	1.6192	0.12382
-2.8685	1.6444	0.035133
-2.8685	1.6695	0.020516
-2.8685	1.6946	0.18931
-2.8685	1.7197	0.62651
-2.8685	1.7448	1.3087
-2.8685	1.7699	2.06
-2.8685	1.795	2.6083
-2.8685	1.8201	2.8117
-2.8685	1.8452	2.6039
-2.8685	1.8703	2.0176
-2.8685	1.8954	1.3201
-2.8685	1.9205	0.6954
-2.8685	1.9456	0.26638
-2.8685	1.9707	0.045926
-2.8685	2.0209	0.0303
-2.8685	2.046	0.057228
-2.8685	2.0711	0.057197
-2.8685	2.0962	0.036684
-2.8434	-0.86611	0.01983
-2.8434	-0.841	0.025313
-2.8434	-0.8159	0.027865
-2.8434	-0.79079	0.02593
-2.8434	-0.76569	0.020791
-2.8434	0.38912	0.052911
-2.8434	0.41423	0.11482
-2.8434	0.43933	0.18684
-2.8434	0.46444	0.24689
-2.8434	0.48954	0.27635
-2.8434	0.51464	0.26025
-2.8434	0.53975	0.21073
-2.8434	0.56485	0.14165
-2.8434	0.58996	0.078705
-2.8434	0.61506	0.03041
-2.8434	1.3933	0.02075
-2.8434	1.4184	0.025127
-2.8434	1.4435	0.019727
-2.8434	1.5439	0.040377
-2.8434	1.569	0.072282
-2.8434	1.5941	0.077132
-2.8434	1.6192	0.050794
-2.8434	1.6946	0.12322
-2.8434	1.7197	0.35259
-2.8434	1.7448	0.71227
-2.8434	1.7699	1.1074
-2.8434	1.795	1.3915
-2.8434	1.8201	1.4919
-2.8434	1.8452	1.3687
-2.8434	1.8703	1.0751
-2.8434	1.8954	0.68973
-2.8434	1.9205	0.36929
-2.8434	1.9456	0.12206
-2.8434	2.0209	0.025308
-2.8434	2.046	0.042269
-2.8434	2.0711	0.040119
-2.8434	2.0962	0.02493
-2.8184	-0.89121	0.020902
-2.8184	-0.86611	0.032724
-2.8184	-0.841	0.042082
-2.8184	-0.8159	0.046056
-2.8184	-0.79079	0.043052
-2.8184	-0.76569	0.03458
-2.8184	-0.74059	0.02218
-2.8184	0.38912	0.06001
-2.8184	0.41423	0.12635
-2.8184	0.43933	0.20603
-2.8184	0.46444	0.2745
-2.8184	0.48954	0.31137
-2.8184	0.51464	0.29868
-2.8184	0.53975	0.24682
-2.8184	0.56485	0.17014
-2.8184	0.58996	0.093743
-2.8184	0.61506	0.036432
-2.8184	1.569	0.032624
-2.8184	1.5941	0.033173
-2.8184	1.6192	0.019986
-2.8184	1.6946	0.073858
-2.8184	1.7197	0.20343
-2.8184	1.7448	0.37647
-2.8184	1.7699	0.57311
-2.8184	1.795	0.70711
-2.8184	1.8201	0.74358
-2.8184	1.8452	0.67587
-2.8184	1.8703	0.52013
-2.8184	1.8954	0.32395
-2.8184	1.9205	0.16847
-2.8184	1.9456	0.049894
-2.8184	2.046	0.023942
-2.8184	2.0711	0.021318
-2.7933	-0.89121	0.025897
-2.7933	-0.86611	0.040722
-2.7933	-0.841	0.054125
-2.7933	-0.8159	0.061164
-2.7933	-0.79079	0.0591
-2.7933	-0.76569	0.04753
-2.7933	-0.74059	0.031194
-2.7933	0.38912	0.059894
-2.7933	0.41423	0.1245
-2.7933	0.43933	0.20258
-2.7933	0.46444	0.27162
-2.7933	0.48954	0.3105
-2.7933	0.51464	0.30046
-2.7933	0.53975	0.25072
-2.7933	0.56485	0.17327
-2.7933	0.58996	0.095018
-2.7933	0.61506	0.035342
-2.7933	1.6946	0.043849
-2.7933	1.7197	0.11373
-2.7933	1.7448	0.21149
-2.7933	1.7699	0.30293
-2.7933	1.795	0.36566
-2.7933	1.8201	0.38289
-2.7933	1.8452	0.34268
-2.7933	1.8703	0.26014
-2.7933	1.8954	0.15862
-2.7933	1.9205	0.073021
-2.7933	1.9456	0.024116
-2.7683	-0.86611	0.023447
-2.7683	-0.841	0.0323
-2.7683	-0.8159	0.039221
-2.7683	-0.79079	0.039415
-2.7683	-0.76569	0.03407
-2.7683	-0.74059	0.022824
-2.7683	0.38912	0.052949
-2.7683	0.41423	0.10743
-2.7683	0.43933	0.17592
-2.7683	0.46444	0.23998
-2.7683	0.48954	0.27864
-2.7683	0.51464	0.27275
-2.7683	0.53975	0.2302
-2.7683	0.56485	0.15858
-2.7683	0.58996	0.086479
-2.7683	0.61506	0.030255
-2.7683	1.6946	0.024122
-2.7683	1.7197	0.060358
-2.7683	1.7448	0.10962
-2.7683	1.7699	0.15635
-2.7683	1.795	0.18981
-2.7683	1.8201	0.19584
-2.7683	1.8452	0.17404
-2.7683	1.8703	0.12585
-2.7683	1.8954	0.077845
-2.7683	1.9205	0.033869
-2.7432	0.38912	0.03129
-2.7432	0.41423	0.070144
-2.7432	0.43933	0.12281
-2.7432	0.46444	0.17296
-2.7432	0.48954	0.21035
-2.7432	0.51464	0.21266
-2.7432	0.53975	0.18434
-2.7432	0.56485	0.1301
-2.7432	0.58996	0.068907
-2.7432	0.61506	0.023057
-2.7432	0.71548	0.020579
-2.7432	0.74059	0.019741
-2.7432	1.7197	0.02671
-2.7432	1.7448	0.046243
-2.7432	1.7699	0.070894
-2.7432	1.795	0.087746
-2.7432	1.8201	0.091898
-2.7432	1.8452	0.08215
-2.7432	1.8703	0.061872
-2.7432	1.8954	0.035783
-2.7182	0.41423	0.022877
-2.7182	0.43933	0.042473
-2.7182	0.46444	0.068329
-2.7182	0.48954	0.096487
-2.7182	0.51464	0.10937
-2.7182	0.53975	0.10582
-2.7182	0.56485	0.076783
-2.7182	0.58996	0.043225
-2.7182	0.71548	0.021069
-2.7182	0.74059	0.019671
-2.7182	1.7699	0.021865
-2.7182	1.795	0.029186
-2.7182	1.8201	0.0329
-2.7182	1.8452	0.031015
-2.7182	1.8703	0.023101
-2.6931	0.36402	0.030412
-2.6931	0.38912	0.052933
-2.6931	0.41423	0.070886
-2.6931	0.43933	0.072647
-2.6931	0.46444	0.060927
-2.6931	0.48954	0.047699
-2.6931	0.51464	0.037083
-2.6931	0.53975	0.028261
-2.6931	0.56485	0.020886
-2.6681	0.36402	0.05392
-2.6681	0.38912	0.10484
-2.6681	0.41423	0.15555
-2.6681	0.43933	0.1847
-2.6681	0.46444	0.18477
-2.6681	0.48954	0.15671
-2.6681	0.51464	0.11103
-2.6681	0.53975	0.064251
-2.6681	0.56485	0.030357
-2.643	0.33891	0.019749
-2.643	0.36402	0.056486
-2.643	0.38912	0.11002
-2.643	0.41423	0.16585
-2.643	0.43933	0.20522
-2.643	0.46444	0.21644
-2.643	0.48954	0.19574
-2.643	0.51464	0.14865
-2.643	0.53975	0.094048
-2.643	0.56485	0.047171
-2.643	1.5188	0.021791
-2.643	1.5439	0.025403
-2.643	1.6695	0.029621
-2.643	1.6946	0.058691
-2.643	1.7197	0.085078
-2.643	1.7448	0.094663
-2.643	1.7699	0.089196
-2.643	1.795	0.069831
-2.643	1.8201	0.04651
-2.643	1.8452	0.024391
-2.618	0.36402	0.05103
-2.618	0.38912	0.097848
-2.618	0.41423	0.14621
-2.618	0.43933	0.1815
-2.618	0.46444	0.19338
-2.618	0.48954	0.17731
-2.618	0.51464	0.13634
-2.618	0.53975	0.087556
-2.618	0.56485	0.04382
-2.618	1.5188	0.031868
-2.618	1.5439	0.037699
-2.618	1.569	0.028738
-2.618	1.6444	0.021298
-2.618	1.6695	0.082559
-2.618	1.6946	0.15957
-2.618	1.7197	0.23761
-2.618	1.7448	0.28169
-2.618	1.7699	0.27967
-2.618	1.795	0.2312
-2.618	1.8201	0.16429
-2.618	1.8452	0.095563
-2.618	1.8703	0.048618
-2.5929	0.36402	0.042985
-2.5929	0.38912	0.079775
-2.5929	0.41423	0.11733
-2.5929	0.43933	0.14528
-2.5929	0.46444	0.15419
-2.5929	0.48954	0.1413
-2.5929	0.51464	0.1081
-2.5929	0.53975	0.069076
-2.5929	0.56485	0.033591
-2.5929	1.5439	0.019799
-2.5929	1.6444	0.023151
-2.5929	1.6695	0.083251
-2.5929	1.6946	0.18033
-2.5929	1.7197	0.27821
-2.5929	1.7448	0.35579
-2.5929	1.7699	0.38449
-2.5929	1.795	0.34518
-2.5929	1.8201	0.26806
-2.5929	1.8452	0.17203
-2.5929	1.8703	0.087597
-2.5929	1.8954	0.031805
-2.5678	0.36402	0.032614
-2.5678	0.38912	0.059415
-2.5678	0.41423	0.085995
-2.5678	0.43933	0.10552
-2.5678	0.46444	0.11205
-2.5678	0.48954	0.10202
-2.5678	0.51464	0.078595
-2.5678	0.53975	0.048904
-2.5678	0.56485	0.023497
-2.5678	1.6695	0.041074
-2.5678	1.6946	0.080416
-2.5678	1.7197	0.13275
-2.5678	1.7448	0.17272
-2.5678	1.7699	0.19743
-2.5678	1.795	0.18954
-2.5678	1.8201	0.15397
-2.5678	1.8452	0.10278
-2.5678	1.8703	0.053325
-2.5678	1.8954	0.020961
-2.5428	0.36402	0.021535
-2.5428	0.38912	0.037486
-2.5428	0.41423	0.055983
-2.5428	0.43933	0.068542
-2.5428	0.46444	0.072824
-2.5428	0.48954	0.066399
-2.5428	0.51464	0.049532
-2.5428	0.53975	0.031077
-2.5428	1.6946	0.027892
-2.5428	1.7197	0.044993
-2.5428	1.7448	0.058695
-2.5428	1.7699	0.068581
-2.5428	1.795	0.06676
-2.5428	1.8201	0.053842
-2.5428	1.8452	0.036832
-2.5428	1.8703	0.021293
-2.5177	0.38912	0.020407
-2.5177	0.41423	0.029764
-2.5177	0.43933	0.037374
-2.5177	0.46444	0.039995
-2.5177	0.48954	0.036666
-2.5177	0.51464	0.028463
-2.4927	-0.89121	0.020536
-2.4676	-0.91632	0.022626
-2.4676	-0.89121	0.026417
-2.4676	-0.86611	0.026432
-2.4676	-0.841	0.022173
-2.4426	-0.91632	0.021922
-2.4426	-0.89121	0.025654
-2.4426	-0.86611	0.025899
-2.4426	-0.841	0.021943
-2.4175	-0.89121	0.022225
-2.4175	-0.86611	0.022289
-2.4175	0.33891	0.020704
-2.4175	0.36402	0.029449
-2.4175	0.38912	0.033621
-2.4175	0.41423	0.03248
-2.4175	0.43933	0.02625
-2.3925	0.31381	0.032966
-2.3925	0.33891	0.059505
-2.3925	0.36402	0.086539
-2.3925	0.38912	0.099563
-2.3925	0.41423	0.099009
-2.3925	0.43933	0.082506
-2.3925	0.46444	0.060382
-2.3925	0.48954	0.035921
-2.3674	0.2887	0.021202
-2.3674	0.31381	0.066449
-2.3674	0.33891	0.12558
-2.3674	0.36402	0.19067
-2.3674	0.38912	0.22581
-2.3674	0.41423	0.23348
-2.3674	0.43933	0.20136
-2.3674	0.46444	0.14667
-2.3674	0.48954	0.088713
-2.3674	0.51464	0.042794
-2.3424	0.31381	0.033984
-2.3424	0.33891	0.086469
-2.3424	0.36402	0.14652
-2.3424	0.38912	0.21042
-2.3424	0.41423	0.25128
-2.3424	0.43933	0.25421
-2.3424	0.46444	0.20958
-2.3424	0.48954	0.14127
-2.3424	0.51464	0.072447
-2.3424	0.53975	0.024883
-2.3173	0.36402	0.030495
-2.3173	0.38912	0.049396
-2.3173	0.41423	0.063496
-2.3173	0.43933	0.07314
-2.3173	0.46444	0.07158
-2.3173	0.48954	0.057375
-2.3173	0.51464	0.036839
-2.2422	0.33891	0.022562
-2.2422	0.36402	0.027565
-2.2422	0.38912	0.028211
-2.2422	0.41423	0.024948
-2.2171	0.33891	0.028416
-2.2171	0.36402	0.034794
-2.2171	0.38912	0.036076
-2.2171	0.41423	0.032403
-2.2171	0.43933	0.024636
-2.1921	0.31381	0.020837
-2.1921	0.33891	0.030414
-2.1921	0.36402	0.037117
-2.1921	0.38912	0.038486
-2.1921	0.41423	0.034648
-2.1921	0.43933	0.026333
-2.167	0.31381	0.019867
-2.167	0.33891	0.028629
-2.167	0.36402	0.034666
-2.167	0.38912	0.035781
-2.167	0.41423	0.032081
-2.167	0.43933	0.024233
-2.142	0.33891	0.024014
-2.142	0.36402	0.028832
-2.142	0.38912	0.029589
-2.142	0.41423	0.026325
-2.142	0.43933	0.019673
-2.1169	0.36402	0.021538
-2.1169	0.38912	0.021929
-1.2651	0.18828	0.029217
-1.2651	0.21339	0.051734
-1.2651	0.23849	0.07836
-1.2651	0.2636	0.099563
-1.2651	0.2887	0.10256
-1.2651	0.31381	0.084409
-1.2651	0.33891	0.038828
-1.2401	0.11297	0.069642
-1.2401	0.13808	0.10192
-1.2401	0.16318	0.09716
-1.2401	0.18828	0.11397
-1.2401	0.21339	0.096801
-1.2401	0.23849	0.066342
-1.2401	0.2636	0.052769
-1.2401	0.2887	0.027069
-1.0898	1.4686	0.022684
-1.0647	1.5439	0.019964
0.63883	-0.89121	0.033046
0.66388	-0.86611	0.058406
0.68894	-0.841	0.023478
0.71399	-0.841	0.031968
0.73904	-0.8159	0.12881
0.76409	-0.79079	0.18754
0.78914	-0.76569	0.031497
0.83925	-0.71548	0.024592
0.8643	-0.71548	0.026843
0.8643	-0.69038	0.16473
0.88935	-0.69038	0.044114
0.88935	-0.66527	0.31514
0.91441	-0.66527	0.061604
0.91441	-0.64017	0.099649
0.96451	-0.58996	0.075228
0.96451	-0.56485	0.078042
0.96451	-0.21339	0.024079
0.96451	-0.18828	0.027992
0.96451	-0.16318	0.02834
0.96451	-0.13808	0.02449
0.98956	-0.56485	0.025153
0.98956	-0.53975	0.26448
0.98956	-0.51464	0.023327
0.98956	-0.23849	0.025388
0.98956	-0.21339	0.033851
0.98956	-0.18828	0.038387
0.98956	-0.16318	0.038102
0.98956	-0.13808	0.032279
0.98956	-0.11297	0.023727
1.0146	-0.51464	0.027187
1.0146	-0.2636	0.022784
1.0146	-0.23849	0.034823
1.0146	-0.21339	0.044804
1.0146	-0.18828	0.049367
1.0146	-0.16318	0.047713
1.0146	-0.13808	0.039431
1.0146	-0.11297	0.02837
1.0397	-0.46444	0.06015
1.0397	-0.43933	0.04859
1.0397	-0.2636	0.03228
1.0397	-0.23849	0.046866
1.0397	-0.21339	0.057214
1.0397	-0.18828	0.060557
1.0397	-0.16318	0.05679
1.0397	-0.13808	0.045496
1.0397	-0.11297	0.03154
1.0647	-0.43933	0.095507
1.0647	-0.41423	0.15378
1.0647	-0.38912	0.075682
1.0647	-0.2887	0.030043
1.0647	-0.2636	0.048179
1.0647	-0.23849	0.063785
1.0647	-0.21339	0.072901
1.0647	-0.18828	0.073186
1.0647	-0.16318	0.065728
1.0647	-0.13808	0.050651
1.0647	-0.11297	0.033729
1.0898	-0.38912	0.060381
1.0898	-0.36402	0.027756
1.0898	-0.33891	0.027009
1.0898	-0.31381	0.045657
1.0898	-0.2887	0.06535
1.0898	-0.2636	0.083608
1.0898	-0.23849	0.094642
1.0898	-0.21339	0.098568
1.0898	-0.18828	0.090529
1.0898	-0.16318	0.076504
1.0898	-0.13808	0.05654
1.0898	-0.11297	0.035218
1.1148	-0.33891	0.063145
1.1148	-0.31381	1.0828
1.1148	-0.2887	0.48061
1.1148	-0.2636	0.28018
1.1148	-0.23849	0.19847
1.1148	-0.21339	0.16172
1.1148	-0.18828	0.12994
1.1148	-0.16318	0.095536
1.1148	-0.13808	0.065392
1.1148	-0.11297	0.037256
1.1399	-0.31381	0.022092
1.1399	-0.2887	0.4232
1.1399	-0.2636	1.0395
1.1399	-0.23849	2.0006
1.1399	-0.21339	0.62872
1.1399	-0.18828	0.26782
1.1399	-0.16318	0.15628
1.1399	-0.13808	0.090449
1.1399	-0.11297	0.04351
1.1399	1.0418	0.028633
1.1399	1.0669	0.046693
1.1399	1.0921	0.070857
1.1399	1.1172	0.089329
1.1399	1.1423	0.10506
1.1399	1.1674	0.11244
1.1399	1.1925	0.11003
1.1399	1.2176	0.10035
1.1399	1.2427	0.072198
1.1399	1.2678	0.02593
1.1649	-0.2636	0.072551
1.1649	-0.23849	0.15463
1.1649	-0.21339	1.4281
1.1649	-0.18828	2.2478
1.1649	-0.16318	0.94854
1.1649	-0.13808	0.25339
1.1649	-0.11297	0.078451
1.1649	-0.087866	0.025878
1.1649	1.0167	0.05195
1.1649	1.0418	0.13191
1.1649	1.0669	0.27197
1.1649	1.0921	0.52789
1.1649	1.1172	0.90735
1.1649	1.1423	1.6404
1.1649	1.1674	1.865
1.1649	1.1925	0.80005
1.1649	1.2176	0.26768
1.1649	1.2427	0.075313
1.19	-0.21339	0.031821
1.19	-0.18828	0.069807
1.19	-0.16318	0.1506
1.19	-0.13808	0.28494
1.19	-0.11297	0.71461
1.19	-0.087866	0.18597
1.19	-0.062762	0.022905
1.19	0.99163	0.15071
1.19	1.0167	0.66227
1.19	1.0418	2.3945
1.19	1.0669	4.0902
1.19	1.0921	2.5995
1.19	1.1172	1.382
1.19	1.1423	0.62261
1.19	1.1674	0.2702
1.19	1.1925	0.10088
1.19	1.2176	0.033081
1.215	-0.012552	0.066368
1.215	0.012552	0.058973
1.215	0.037657	0.029525
1.215	0.841	0.036013
1.215	0.86611	0.074817
1.215	0.89121	0.10297
1.215	0.91632	0.067765
1.215	0.96653	0.13937
1.215	0.99163	0.30435
1.215	1.0167	0.37781
1.215	1.0418	0.38348
1.215	1.0669	0.3424
1.215	1.0921	0.26947
1.215	1.1172	0.19199
1.215	1.1423	0.12163
1.215	1.1674	0.067903
1.215	1.1925	0.031084
1.2401	0.16318	0.024039
1.2401	0.18828	0.024104
1.2401	0.21339	0.021914
1.2401	0.36402	0.021032
1.2401	0.38912	0.021487
1.2401	0.71548	0.030165
1.2401	0.74059	0.030164
1.2401	0.8159	0.04341
1.2401	0.841	0.062348
1.2401	0.86611	0.050687
1.2401	0.89121	0.026536
1.2401	0.99163	0.03946
1.2401	1.0167	0.065453
1.2401	1.0418	0.08501
1.2401	1.0669	0.09214
1.2401	1.0921	0.084086
1.2401	1.1172	0.068087
1.2401	1.1423	0.047399
1.2401	1.1674	0.028758
1.2651	0.31381	0.033631
1.2651	0.33891	0.085766
1.2651	0.36402	0.11701
1.2651	0.38912	0.13529
1.2651	0.41423	0.12499
1.2651	0.43933	0.10019
1.2651	0.46444	0.088584
1.2651	0.48954	0.093503
1.2651	0.51464	0.10588
1.2651	0.53975	0.1014
1.2651	0.56485	0.07931
1.2651	0.58996	0.033199
1.2651	1.0167	0.023807
1.2651	1.0418	0.033352
1.2651	1.0669	0.0378
1.2651	1.0921	0.036672
1.2651	1.1172	0.030897
1.2651	1.1423	0.022309
2.2422	0.91632	0.024204
2.2422	0.94142	0.024013
2.2672	0.86611	0.030496
2.2672	0.89121	0.041918
2.2672	0.91632	0.048924
2.2672	0.94142	0.048057
2.2672	0.96653	0.040228
2.2672	0.99163	0.026679
2.2923	0.841	0.024119
2.2923	0.86611	0.038406
2.2923	0.89121	0.046606
2.2923	0.91632	0.048855
2.2923	0.94142	0.042064
2.2923	0.96653	0.030799
2.9687	-0.56485	0.022371
2.9687	-0.53975	0.026447
2.9687	-0.51464	0.025972
2.9687	-0.48954	0.022279
2.9937	-0.58996	0.031714
2.9937	-0.56485	0.043392
2.9937	-0.53975	0.050185
2.9937	-0.51464	0.049431
2.9937	-0.48954	0.041635
2.9937	-0.46444	0.028734
3.0188	-0.61506	0.023327
3.0188	-0.58996	0.038657
3.0188	-0.56485	0.052321
3.0188	-0.53975	0.059584
3.0188	-0.51464	0.057071
3.0188	-0.48954	0.046794
3.0188	-0.46444	0.031571
3.0438	-0.58996	0.023907
3.0438	-0.56485	0.030892
3.0438	-0.53975	0.035015
3.0438	-0.51464	0.033425
3.0438	-0.48954	0.026762
3.1942	-0.61506	0.021271
3.1942	-0.58996	0.026742
3.1942	-0.56485	0.028578
3.1942	-0.53975	0.02635
3.2192	-0.61506	0.026154
3.2192	-0.58996	0.032251
3.2192	-0.56485	0.03424
3.2192	-0.53975	0.03113
3.2192	-0.51464	0.023797
3.2443	-0.58996	0.02235
3.2443	-0.56485	0.023591
3.2443	-0.53975	0.021364
3.62	-0.66527	0.022759
3.62	-0.64017	0.024127
3.62	-0.61506	0.022137
3.6451	-0.66527	0.022127
3.6451	-0.64017	0.023679
3.6451	-0.61506	0.021932
4.1712	-0.8159	0.024359
4.1712	-0.79079	0.034611
4.1712	-0.76569	0.040837
4.1712	-0.74059	0.040727
4.1712	-0.71548	0.033853
4.1712	-0.69038	0.024847
4.1962	-0.841	0.021657
4.1962	-0.8159	0.039118
4.1962	-0.79079	0.056674
4.1962	-0.76569	0.068008
4.1962	-0.74059	0.069454
4.1962	-0.71548	0.060009
4.1962	-0.69038	0.043974
4.1962	-0.66527	0.02724
4.2213	-0.841	0.028005
4.2213	-0.8159	0.051476
4.2213	-0.79079	0.07448
4.2213	-0.76569	0.089963
4.2213	-0.74059	0.093025
4.2213	-0.71548	0.081241
4.2213	-0.69038	0.060393
4.2213	-0.66527	0.037211
4.2463	-0.841	0.030781
4.2463	-0.8159	0.055521
4.2463	-0.79079	0.080456
4.2463	-0.76569	0.097571
4.2463	-0.74059	0.10187
4.2463	-0.71548	0.089472
4.2463	-0.69038	0.067121
4.2463	-0.66527	0.041256
4.2714	-0.841	0.026521
4.2714	-0.8159	0.04816
4.2714	-0.79079	0.070819
4.2714	-0.76569	0.086513
4.2714	-0.74059	0.091498
4.2714	-0.71548	0.080793
4.2714	-0.69038	0.060971
4.2714	-0.66527	0.037414
4.2965	-0.8159	0.031523
4.2965	-0.79079	0.048171
4.2965	-0.76569	0.060046
4.2965	-0.74059	0.065055
4.2965	-0.71548	0.058368
4.2965	-0.69038	0.044561
4.2965	-0.66527	0.027349
4.3215	-0.79079	0.021453
4.3215	-0.76569	0.028747
4.3215	-0.74059	0.03288
4.3215	-0.71548	0.030854
4.3215	-0.69038	0.02434
4.3967	-0.8159	0.022574
4.3967	-0.79079	0.021943
4.4217	-0.86611	0.025243
4.4217	-0.841	0.039527
4.4217	-0.8159	0.049405
4.4217	-0.79079	0.05173
4.4217	-0.76569	0.045933
4.4217	-0.74059	0.034952
4.4217	-0.71548	0.02152
4.4468	-0.86611	0.035542
4.4468	-0.841	0.05575
4.4468	-0.8159	0.072397
4.4468	-0.79079	0.078193
4.4468	-0.76569	0.072091
4.4468	-0.74059	0.057024
4.4468	-0.71548	0.037641
4.4718	-0.86611	0.03834
4.4718	-0.841	0.060981
4.4718	-0.8159	0.079921
4.4718	-0.79079	0.088342
4.4718	-0.76569	0.08327
4.4718	-0.74059	0.067169
4.4718	-0.71548	0.044637
4.4718	-0.69038	0.023454
4.4969	-0.86611	0.030998
4.4969	-0.841	0.050725
4.4969	-0.8159	0.067429
4.4969	-0.79079	0.076414
4.4969	-0.76569	0.073876
4.4969	-0.74059	0.060601
4.4969	-0.71548	0.040381
4.4969	-0.69038	0.021546
4.5219	-0.841	0.028408
4.5219	-0.8159	0.040622
4.5219	-0.79079	0.04791
4.5219	-0.76569	0.048381
4.5219	-0.74059	0.040961
4.5219	-0.71548	0.028398
4.6221	-2.1715	0.02223
4.6221	-2.1464	0.025682
4.6221	-2.1213	0.02504
4.6221	-2.0962	0.020956
4.6221	-0.89121	0.030798
4.6221	-0.86611	0.04301
4.6221	-0.841	0.047777
4.6221	-0.8159	0.04495
4.6221	-0.79079	0.035605
4.6221	-0.76569	0.023665
4.6472	-2.1967	0.02244
4.6472	-2.1715	0.031533
4.6472	-2.1464	0.037138
4.6472	-2.1213	0.037185
4.6472	-2.0962	0.031926
4.6472	-2.0711	0.022414
4.6472	-0.91632	0.028862
4.6472	-0.89121	0.050865
4.6472	-0.86611	0.072702
4.6472	-0.841	0.083949
4.6472	-0.8159	0.083369
4.6472	-0.79079	0.069488
4.6472	-0.76569	0.049582
4.6472	-0.74059	0.028056
4.6722	-2.1967	0.024235
4.6722	-2.1715	0.034474
4.6722	-2.1464	0.041435
4.6722	-2.1213	0.042129
4.6722	-2.0962	0.036804
4.6722	-2.0711	0.026257
4.6722	-0.91632	0.034276
4.6722	-0.89121	0.061894
4.6722	-0.86611	0.088926
4.6722	-0.841	0.10573
4.6722	-0.8159	0.10746
4.6722	-0.79079	0.092547
4.6722	-0.76569	0.066952
4.6722	-0.74059	0.039303
4.6973	-2.1715	0.028386
4.6973	-2.1464	0.03517
4.6973	-2.1213	0.03662
4.6973	-2.0962	0.03273
4.6973	-2.0711	0.02381
4.6973	-0.91632	0.030574
4.6973	-0.89121	0.0552
4.6973	-0.86611	0.081554
4.6973	-0.841	0.099282
4.6973	-0.8159	0.10377
4.6973	-0.79079	0.091729
4.6973	-0.76569	0.067161
4.6973	-0.74059	0.040079
4.7223	-2.1213	0.022621
4.7223	-2.0962	0.020995
4.7223	-0.89121	0.03306
4.7223	-0.86611	0.052138
4.7223	-0.841	0.066899
4.7223	-0.8159	0.072617
4.7223	-0.79079	0.066793
4.7223	-0.76569	0.049745
4.7223	-0.74059	0.030362
4.7474	-0.841	0.024964
4.7474	-0.8159	0.03075
4.7474	-0.79079	0.030961
4.7474	-0.76569	0.024389
4.7975	-2.2218	0.027319
4.7975	-2.1967	0.030789
4.7975	-2.1715	0.029379
4.7975	-2.1464	0.02312
4.7975	-0.91632	0.024865
4.7975	-0.89121	0.027993
4.7975	-0.86611	0.025334
4.8225	-2.272	0.027165
4.8225	-2.2469	0.051196
4.8225	-2.2218	0.074786
4.8225	-2.1967	0.089347
4.8225	-2.1715	0.090874
4.8225	-2.1464	0.078263
4.8225	-2.1213	0.056705
4.8225	-2.0962	0.033277
4.8225	-0.96653	0.023087
4.8225	-0.94142	0.048887
4.8225	-0.91632	0.075146
4.8225	-0.89121	0.092761
4.8225	-0.86611	0.095262
4.8225	-0.841	0.08122
4.8225	-0.8159	0.05908
4.8225	-0.79079	0.035476
4.8476	-2.272	0.054735
4.8476	-2.2469	0.10151
4.8476	-2.2218	0.14993
4.8476	-2.1967	0.18156
4.8476	-2.1715	0.18878
4.8476	-2.1464	0.16656
4.8476	-2.1213	0.12453
4.8476	-2.0962	0.075829
4.8476	-2.0711	0.035188
4.8476	-0.96653	0.042796
4.8476	-0.94142	0.08927
4.8476	-0.91632	0.14101
4.8476	-0.89121	0.17838
4.8476	-0.86611	0.19167
4.8476	-0.841	0.1726
4.8476	-0.8159	0.13358
4.8476	-0.79079	0.086095
4.8476	-0.76569	0.044569
4.8727	-2.2971	0.03699
4.8727	-2.272	0.092509
4.8727	-2.2469	0.16966
4.8727	-2.2218	0.24687
4.8727	-2.1967	0.29976
4.8727	-2.1715	0.31226
4.8727	-2.1464	0.27794
4.8727	-2.1213	0.20663
4.8727	-2.0962	0.12634
4.8727	-2.0711	0.058682
4.8727	-0.96653	0.059274
4.8727	-0.94142	0.12264
4.8727	-0.91632	0.19473
4.8727	-0.89121	0.25081
4.8727	-0.86611	0.27464
4.8727	-0.841	0.2532
4.8727	-0.8159	0.20075
4.8727	-0.79079	0.1329
4.8727	-0.76569	0.069853
4.8727	-0.74059	0.025308
4.8977	-2.2971	0.05653
4.8977	-2.272	0.1365
4.8977	-2.2469	0.24475
4.8977	-2.2218	0.35191
4.8977	-2.1967	0.42473
4.8977	-2.1715	0.44084
4.8977	-2.1464	0.39107
4.8977	-2.1213	0.28859
4.8977	-2.0962	0.17371
4.8977	-2.0711	0.078024
4.8977	-1.9707	0.021544
4.8977	-1.9456	0.025713
4.8977	-0.96653	0.062868
4.8977	-0.94142	0.12984
4.8977	-0.91632	0.20673
4.8977	-0.89121	0.27094
4.8977	-0.86611	0.30244
4.8977	-0.841	0.28373
4.8977	-0.8159	0.22876
4.8977	-0.79079	0.15309
4.8977	-0.76569	0.080835
4.8977	-0.74059	0.02816
4.9228	-2.3222	0.021944
4.9228	-2.2971	0.079141
4.9228	-2.272	0.18152
4.9228	-2.2469	0.31451
4.9228	-2.2218	0.4466
4.9228	-2.1967	0.53367
4.9228	-2.1715	0.54996
4.9228	-2.1464	0.48374
4.9228	-2.1213	0.35265
4.9228	-2.0962	0.20701
4.9228	-2.0711	0.088531
4.9228	-1.9707	0.034694
4.9228	-1.9456	0.038882
4.9228	-1.9205	0.029019
4.9228	-0.96653	0.049051
4.9228	-0.94142	0.10007
4.9228	-0.91632	0.16218
4.9228	-0.89121	0.2214
4.9228	-0.86611	0.25333
4.9228	-0.841	0.24324
4.9228	-0.8159	0.20159
4.9228	-0.79079	0.13555
4.9228	-0.76569	0.072393
4.9228	-0.74059	0.023783
4.9478	-2.3222	0.031023
4.9478	-2.2971	0.097358
4.9478	-2.272	0.21397
4.9478	-2.2469	0.36471
4.9478	-2.2218	0.51167
4.9478	-2.1967	0.60468
4.9478	-2.1715	0.61717
4.9478	-2.1464	0.53653
4.9478	-2.1213	0.38544
4.9478	-2.0962	0.21894
4.9478	-2.0711	0.087798
4.9478	-1.9958	0.024775
4.9478	-1.9707	0.048598
4.9478	-1.9456	0.051754
4.9478	-1.9205	0.035283
4.9478	-1.795	0.022823
4.9478	-1.7699	0.022686
4.9478	-0.96653	0.021102
4.9478	-0.94142	0.044888
4.9478	-0.91632	0.081581
4.9478	-0.89121	0.11908
4.9478	-0.86611	0.14503
4.9478	-0.841	0.14667
4.9478	-0.8159	0.12855
4.9478	-0.79079	0.090434
4.9478	-0.76569	0.048882
4.9729	-2.3222	0.036503
4.9729	-2.2971	0.10944
4.9729	-2.272	0.23136
4.9729	-2.2469	0.3851
4.9729	-2.2218	0.53347
4.9729	-2.1967	0.62376
4.9729	-2.1715	0.62926
4.9729	-2.1464	0.53949
4.9729	-2.1213	0.3814
4.9729	-2.0962	0.2086
4.9729	-2.0711	0.078386
4.9729	-1.9958	0.034901
4.9729	-1.9707	0.060104
4.9729	-1.9456	0.059861
4.9729	-1.9205	0.039187
4.9729	-1.8201	0.021729
4.9729	-1.795	0.031722
4.9729	-1.7699	0.029748
4.9729	-0.86611	0.035319
4.9729	-0.841	0.04482
4.9729	-0.8159	0.045317
4.9729	-0.79079	0.035713
4.9729	-0.76569	0.021467
4.9979	-2.3222	0.039793
4.9979	-2.2971	0.11092
4.9979	-2.272	0.22655
4.9979	-2.2469	0.37095
4.9979	-2.2218	0.5067
4.9979	-2.1967	0.58597
4.9979	-2.1715	0.58448
4.9979	-2.1464	0.49401
4.9979	-2.1213	0.34266
4.9979	-2.0962	0.17935
4.9979	-2.0711	0.060508
4.9979	-1.9958	0.04217
4.9979	-1.9707	0.06661
4.9979	-1.9456	0.063078
4.9979	-1.9205	0.037898
4.9979	-1.8201	0.028616
4.9979	-1.795	0.038878
4.9979	-1.7699	0.034382
4.9979	-1.6444	0.022887
4.9979	-1.6192	0.025641
4.9979	-1.4686	0.023151
4.9979	-1.4435	0.02119
4.9979	-1.2929	0.02348
4.9979	-1.1423	0.022502
4.9979	-1.1172	0.023392
4.9979	-0.99163	0.023211
4.9979	-0.96653	0.039158
4.9979	-0.94142	0.043146
4.9979	-0.91632	0.035637
4.9979	-0.89121	0.024384
5.023	-2.3222	0.038421
5.023	-2.2971	0.10116
5.023	-2.272	0.20072
5.023	-2.2469	0.32357
5.023	-2.2218	0.43692
5.023	-2.1967	0.49929
5.023	-2.1715	0.49373
5.023	-2.1464	0.41121
5.023	-2.1213	0.279
5.023	-2.0962	0.13924
5.023	-2.0711	0.043771
5.023	-1.9958	0.045915
5.023	-1.9707	0.066764
5.023	-1.9456	0.059359
5.023	-1.9205	0.03331
5.023	-1.8201	0.033852
5.023	-1.795	0.04283
5.023	-1.7699	0.035505
5.023	-1.6444	0.030206
5.023	-1.6192	0.031539
5.023	-1.5941	0.020948
5.023	-1.4937	0.023796
5.023	-1.4686	0.032824
5.023	-1.4435	0.028659
5.023	-1.318	0.035283
5.023	-1.2929	0.039105
5.023	-1.2678	0.028299
5.023	-1.1674	0.031898
5.023	-1.1423	0.051735
5.023	-1.1172	0.052725
5.023	-1.0921	0.030844
5.023	-1.0167	0.036857
5.023	-0.99163	0.101
5.023	-0.96653	0.18192
5.023	-0.94142	0.23435
5.023	-0.91632	0.24652
5.023	-0.89121	0.21642
5.023	-0.86611	0.15781
5.023	-0.841	0.098542
5.023	-0.8159	0.042741
5.048	-2.3222	0.032477
5.048	-2.2971	0.081255
5.048	-2.272	0.1601
5.048	-2.2469	0.25289
5.048	-2.2218	0.33876
5.048	-2.1967	0.3842
5.048	-2.1715	0.37621
5.048	-2.1464	0.30796
5.048	-2.1213	0.20332
5.048	-2.0962	0.097465
5.048	-2.0711	0.026949
5.048	-1.9958	0.044649
5.048	-1.9707	0.060131
5.048	-1.9456	0.050502
5.048	-1.9205	0.025971
5.048	-1.8201	0.035997
5.048	-1.795	0.04273
5.048	-1.7699	0.033002
5.048	-1.6695	0.020942
5.048	-1.6444	0.035514
5.048	-1.6192	0.035011
5.048	-1.5941	0.021348
5.048	-1.4937	0.031817
5.048	-1.4686	0.041129
5.048	-1.4435	0.033835
5.048	-1.3431	0.029897
5.048	-1.318	0.052595
5.048	-1.2929	0.05565
5.048	-1.2678	0.037495
5.048	-1.1674	0.060624
5.048	-1.1423	0.092577
5.048	-1.1172	0.089208
5.048	-1.0921	0.050622
5.048	-1.0167	0.10546
5.048	-0.99163	0.26895
5.048	-0.96653	0.46577
5.048	-0.94142	0.63906
5.048	-0.91632	0.70239
5.048	-0.89121	0.65834
5.048	-0.86611	0.52653
5.048	-0.841	0.35129
5.048	-0.8159	0.19511
5.048	-0.79079	0.082616
5.048	-0.76569	0.025076
5.0731	-2.3222	0.0234
5.0731	-2.2971	0.05741
5.0731	-2.272	0.1104
5.0731	-2.2469	0.17364
5.0731	-2.2218	0.23228
5.0731	-2.1967	0.26243
5.0731	-2.1715	0.25531
5.0731	-2.1464	0.20693
5.0731	-2.1213	0.13336
5.0731	-2.0962	0.060088
5.0731	-1.9958	0.038702
5.0731	-1.9707	0.048947
5.0731	-1.9456	0.038661
5.0731	-1.8201	0.034528
5.0731	-1.795	0.038361
5.0731	-1.7699	0.027611
5.0731	-1.6695	0.024018
5.0731	-1.6444	0.037531
5.0731	-1.6192	0.034733
5.0731	-1.4937	0.037803
5.0731	-1.4686	0.046036
5.0731	-1.4435	0.035376
5.0731	-1.3431	0.041722
5.0731	-1.318	0.068793
5.0731	-1.2929	0.068686
5.0731	-1.2678	0.042836
5.0731	-1.1925	0.037548
5.0731	-1.1674	0.09661
5.0731	-1.1423	0.13818
5.0731	-1.1172	0.12688
5.0731	-1.0921	0.064713
5.0731	-1.0418	0.040977
5.0731	-1.0167	0.2171
5.0731	-0.99163	0.53389
5.0731	-0.96653	0.91862
5.0731	-0.94142	1.2509
5.0731	-0.91632	1.4028
5.0731	-0.89121	1.3423
5.0731	-0.86611	1.1038
5.0731	-0.841	0.76226
5.0731	-0.8159	0.43298
5.0731	-0.79079	0.19012
5.0731	-0.76569	0.055891
5.0731	0.36402	0.022989
5.0731	0.38912	0.027045
5.0731	0.41423	0.026906
5.0731	0.43933	0.022452
5.0981	-2.2971	0.033688
5.0981	-2.272	0.064046
5.0981	-2.2469	0.10078
5.0981	-2.2218	0.13581
5.0981	-2.1967	0.15407
5.0981	-2.1715	0.14967
5.0981	-2.1464	0.12053
5.0981	-2.1213	0.076463
5.0981	-2.0962	0.031858
5.0981	-1.9958	0.029515
5.0981	-1.9707	0.035357
5.0981	-1.9456	0.026222
5.0981	-1.8201	0.029662
5.0981	-1.795	0.030967
5.0981	-1.6695	0.024655
5.0981	-1.6444	0.035704
5.0981	-1.6192	0.031073
5.0981	-1.5188	0.021004
5.0981	-1.4937	0.040487
5.0981	-1.4686	0.046441
5.0981	-1.4435	0.033168
5.0981	-1.3431	0.05216
5.0981	-1.318	0.080328
5.0981	-1.2929	0.07542
5.0981	-1.2678	0.042892
5.0981	-1.1925	0.058289
5.0981	-1.1674	0.13388
5.0981	-1.1423	0.1806
5.0981	-1.1172	0.15513
5.0981	-1.0921	0.070451
5.0981	-1.0418	0.085263
5.0981	-1.0167	0.38623
5.0981	-0.99163	0.89306
5.0981	-0.96653	1.5019
5.0981	-0.94142	2.0286
5.0981	-0.91632	2.283
5.0981	-0.89121	2.1958
5.0981	-0.86611	1.8157
5.0981	-0.841	1.2562
5.0981	-0.8159	0.71471
5.0981	-0.79079	0.3109
5.0981	-0.76569	0.084938
5.0981	-0.69038	0.03687
5.0981	-0.66527	0.046125
5.0981	-0.64017	0.034874
5.0981	0.33891	0.021277
5.0981	0.36402	0.031453
5.0981	0.38912	0.03756
5.0981	0.41423	0.038185
5.0981	0.43933	0.032638
5.0981	0.46444	0.02385
5.1232	-2.272	0.027459
5.1232	-2.2469	0.04654
5.1232	-2.2218	0.06325
5.1232	-2.1967	0.073282
5.1232	-2.1715	0.072349
5.1232	-2.1464	0.058208
5.1232	-2.1213	0.036831
5.1232	-1.9707	0.022171
5.1232	-1.8201	0.02251
5.1232	-1.795	0.022277
5.1232	-1.6695	0.022429
5.1232	-1.6444	0.030583
5.1232	-1.6192	0.0251
5.1232	-1.5188	0.022065
5.1232	-1.4937	0.038922
5.1232	-1.4686	0.042294
5.1232	-1.4435	0.027939
5.1232	-1.3682	0.022737
5.1232	-1.3431	0.058422
5.1232	-1.318	0.084413
5.1232	-1.2929	0.074607
5.1232	-1.2678	0.03798
5.1232	-1.1925	0.079594
5.1232	-1.1674	0.16527
5.1232	-1.1423	0.2098
5.1232	-1.1172	0.16808
5.1232	-1.0921	0.065466
5.1232	-1.0418	0.1584
5.1232	-1.0167	0.5828
5.1232	-0.99163	1.31
5.1232	-0.96653	2.1371
5.1232	-0.94142	2.8634
5.1232	-0.91632	3.1934
5.1232	-0.89121	3.0638
5.1232	-0.86611	2.5242
5.1232	-0.841	1.7334
5.1232	-0.8159	0.97373
5.1232	-0.79079	0.41026
5.1232	-0.76569	0.10197
5.1232	-0.71548	0.030296
5.1232	-0.69038	0.072213
5.1232	-0.66527	0.08556
5.1232	-0.64017	0.062873
5.1232	-0.61506	0.027792
5.1232	0.33891	0.022365
5.1232	0.36402	0.033159
5.1232	0.38912	0.040224
5.1232	0.41423	0.041569
5.1232	0.43933	0.036227
5.1232	0.46444	0.026855
5.1482	-2.1967	0.024335
5.1482	-2.1715	0.025283
5.1482	-1.6444	0.023426
5.1482	-1.4937	0.034119
5.1482	-1.4686	0.034572
5.1482	-1.4435	0.021038
5.1482	-1.3682	0.025414
5.1482	-1.3431	0.058849
5.1482	-1.318	0.080099
5.1482	-1.2929	0.066126
5.1482	-1.2678	0.02974
5.1482	-1.2176	0.023883
5.1482	-1.1925	0.096619
5.1482	-1.1674	0.18382
5.1482	-1.1423	0.2201
5.1482	-1.1172	0.1628
5.1482	-1.0921	0.052893
5.1482	-1.0418	0.23138
5.1482	-1.0167	0.79589
5.1482	-0.99163	1.6992
5.1482	-0.96653	2.7143
5.1482	-0.94142	3.585
5.1482	-0.91632	3.9648
5.1482	-0.89121	3.7753
5.1482	-0.86611	3.0812
5.1482	-0.841	2.094
5.1482	-0.8159	1.1507
5.1482	-0.79079	0.4588
5.1482	-0.76569	0.10327
5.1482	-0.71548	0.056443
5.1482	-0.69038	0.118
5.1482	-0.66527	0.12988
5.1482	-0.64017	0.09125
5.1482	-0.61506	0.037198
5.1482	-0.51464	0.028845
5.1482	-0.48954	0.028886
5.1482	0.36402	0.025997
5.1482	0.38912	0.032461
5.1482	0.41423	0.034483
5.1482	0.43933	0.030666
5.1482	0.46444	0.023399
5.1733	-1.4937	0.02655
5.1733	-1.4686	0.025381
5.1733	-1.3682	0.025256
5.1733	-1.3431	0.053239
5.1733	-1.318	0.068491
5.1733	-1.2929	0.052963
5.1733	-1.2176	0.030843
5.1733	-1.1925	0.10495
5.1733	-1.1674	0.18458
5.1733	-1.1423	0.2063
5.1733	-1.1172	0.14049
5.1733	-1.0921	0.037556
5.1733	-1.0669	0.023846
5.1733	-1.0418	0.31406
5.1733	-1.0167	0.98776
5.1733	-0.99163	1.9912
5.1733	-0.96653	3.1234
5.1733	-0.94142	4.0526
5.1733	-0.91632	4.4373
5.1733	-0.89121	4.182
5.1733	-0.86611	3.3806
5.1733	-0.841	2.2644
5.1733	-0.8159	1.2091
5.1733	-0.79079	0.45733
5.1733	-0.76569	0.085665
5.1733	-0.71548	0.085973
5.1733	-0.69038	0.16387
5.1733	-0.66527	0.16992
5.1733	-0.64017	0.11303
5.1733	-0.61506	0.041667
5.1733	-0.53975	0.030437
5.1733	-0.51464	0.046405
5.1733	-0.48954	0.0439
5.1733	-0.46444	0.026335
5.1983	-1.3682	0.022169
5.1983	-1.3431	0.042956
5.1983	-1.318	0.052406
5.1983	-1.2929	0.036976
5.1983	-1.2176	0.03471
5.1983	-1.1925	0.10206
5.1983	-1.1674	0.16725
5.1983	-1.1423	0.17523
5.1983	-1.1172	0.10849
5.1983	-1.0669	0.044534
5.1983	-1.0418	0.38195
5.1983	-1.0167	1.0892
5.1983	-0.99163	2.1214
5.1983	-0.96653	3.2592
5.1983	-0.94142	4.1667
5.1983	-0.91632	4.5103
5.1983	-0.89121	4.2066
5.1983	-0.86611	3.359
5.1983	-0.841	2.2131
5.1983	-0.8159	1.1417
5.1983	-0.79079	0.40095
5.1983	-0.76569	0.066978
5.1983	-0.71548	0.11916
5.1983	-0.69038	0.20157
5.1983	-0.66527	0.19661
5.1983	-0.64017	0.12062
5.1983	-0.61506	0.040228
5.1983	-0.53975	0.045427
5.1983	-0.51464	0.06425
5.1983	-0.48954	0.057193
5.1983	-0.46444	0.031293
5.1983	-0.33891	0.022685
5.2234	-1.3431	0.0304
5.2234	-1.318	0.035297
5.2234	-1.2929	0.022729
5.2234	-1.2176	0.032618
5.2234	-1.1925	0.088419
5.2234	-1.1674	0.13583
5.2234	-1.1423	0.13362
5.2234	-1.1172	0.072242
5.2234	-1.0669	0.06304
5.2234	-1.0418	0.40713
5.2234	-1.0167	1.0928
5.2234	-0.99163	2.0515
5.2234	-0.96653	3.0997
5.2234	-0.94142	3.9044
5.2234	-0.91632	4.187
5.2234	-0.89121	3.8598
5.2234	-0.86611	3.0407
5.2234	-0.841	1.9556
5.2234	-0.8159	0.98066
5.2234	-0.79079	0.31958
5.2234	-0.76569	0.037241
5.2234	-0.74059	0.030734
5.2234	-0.71548	0.14524
5.2234	-0.69038	0.22235
5.2234	-0.66527	0.20402
5.2234	-0.64017	0.11796
5.2234	-0.61506	0.033539
5.2234	-0.56485	0.022859
5.2234	-0.53975	0.060089
5.2234	-0.51464	0.078516
5.2234	-0.48954	0.065735
5.2234	-0.46444	0.033712
5.2234	-0.36402	0.029185
5.2234	-0.33891	0.032056
5.2234	-0.31381	0.021325
5.2484	-1.2176	0.028296
5.2484	-1.1925	0.067222
5.2484	-1.1674	0.097006
5.2484	-1.1423	0.089405
5.2484	-1.1172	0.041591
5.2484	-1.0669	0.074606
5.2484	-1.0418	0.39569
5.2484	-1.0167	0.97166
5.2484	-0.99163	1.8029
5.2484	-0.96653	2.6699
5.2484	-0.94142	3.3219
5.2484	-0.91632	3.5291
5.2484	-0.89121	3.224
5.2484	-0.86611	2.5021
5.2484	-0.841	1.5715
5.2484	-0.8159	0.76083
5.2484	-0.79079	0.22394
5.2484	-0.74059	0.045796
5.2484	-0.71548	0.15886
5.2484	-0.69038	0.2211
5.2484	-0.66527	0.19094
5.2484	-0.64017	0.10286
5.2484	-0.61506	0.024026
5.2484	-0.56485	0.03046
5.2484	-0.53975	0.070931
5.2484	-0.51464	0.085962
5.2484	-0.48954	0.067783
5.2484	-0.46444	0.031401
5.2484	-0.38912	0.020994
5.2484	-0.36402	0.038282
5.2484	-0.33891	0.039253
5.2484	-0.31381	0.024855
5.2484	-0.18828	0.025935
5.2484	-0.16318	0.021894
5.2484	0.31381	0.030931
5.2484	0.33891	0.037708
5.2484	0.36402	0.036559
5.2484	0.38912	0.02992
5.2735	-2.2469	0.022027
5.2735	-2.2218	0.022044
5.2735	-1.1925	0.043562
5.2735	-1.1674	0.059461
5.2735	-1.1423	0.051325
5.2735	-1.0669	0.073188
5.2735	-1.0418	0.33209
5.2735	-1.0167	0.78787
5.2735	-0.99163	1.4047
5.2735	-0.96653	2.0484
5.2735	-0.94142	2.5483
5.2735	-0.91632	2.6825
5.2735	-0.89121	2.4294
5.2735	-0.86611	1.8598
5.2735	-0.841	1.1555
5.2735	-0.8159	0.53178
5.2735	-0.79079	0.13214
5.2735	-0.74059	0.055992
5.2735	-0.71548	0.15409
5.2735	-0.69038	0.19737
5.2735	-0.66527	0.16115
5.2735	-0.64017	0.081084
5.2735	-0.56485	0.036728
5.2735	-0.53975	0.07498
5.2735	-0.51464	0.084584
5.2735	-0.48954	0.06268
5.2735	-0.46444	0.025968
5.2735	-0.38912	0.027223
5.2735	-0.36402	0.044679
5.2735	-0.33891	0.043387
5.2735	-0.31381	0.025592
5.2735	-0.21339	0.02599
5.2735	-0.18828	0.03223
5.2735	-0.16318	0.025745
5.2735	-0.037657	0.026476
5.2735	-0.012552	0.026975
5.2735	0.13808	0.027796
5.2735	0.16318	0.026093
5.2735	0.2887	0.048397
5.2735	0.31381	0.079708
5.2735	0.33891	0.099804
5.2735	0.36402	0.10334
5.2735	0.38912	0.088921
5.2735	0.41423	0.066028
5.2735	0.43933	0.041763
5.2985	-1.1925	0.022659
5.2985	-1.1674	0.029601
5.2985	-1.1423	0.024153
5.2985	-1.0669	0.05949
5.2985	-1.0418	0.23727
5.2985	-1.0167	0.5455
5.2985	-0.99163	0.96027
5.2985	-0.96653	1.3922
5.2985	-0.94142	1.7228
5.2985	-0.91632	1.8074
5.2985	-0.89121	1.6232
5.2985	-0.86611	1.2314
5.2985	-0.841	0.74129
5.2985	-0.8159	0.32513
5.2985	-0.79079	0.071153
5.2985	-0.74059	0.057779
5.2985	-0.71548	0.13234
5.2985	-0.69038	0.15948
5.2985	-0.66527	0.12279
5.2985	-0.64017	0.055886
5.2985	-0.56485	0.038918
5.2985	-0.53975	0.071522
5.2985	-0.51464	0.075652
5.2985	-0.48954	0.052207
5.2985	-0.38912	0.031188
5.2985	-0.36402	0.047004
5.2985	-0.33891	0.042746
5.2985	-0.31381	0.023455
5.2985	-0.21339	0.030863
5.2985	-0.18828	0.035955
5.2985	-0.16318	0.026895
5.2985	-0.062762	0.021414
5.2985	-0.037657	0.034413
5.2985	-0.012552	0.033266
5.2985	0.11297	0.030248
5.2985	0.13808	0.041314
5.2985	0.16318	0.036891
5.2985	0.2636	0.040619
5.2985	0.2887	0.09575
5.2985	0.31381	0.15455
5.2985	0.33891	0.19564
5.2985	0.36402	0.20466
5.2985	0.38912	0.18082
5.2985	0.41423	0.13701
5.2985	0.43933	0.087465
5.2985	0.46444	0.046317
5.3236	-1.0669	0.037471
5.3236	-1.0418	0.13736
5.3236	-1.0167	0.31101
5.3236	-0.99163	0.549
5.3236	-0.96653	0.7993
5.3236	-0.94142	0.99439
5.3236	-0.91632	1.0464
5.3236	-0.89121	0.94023
5.3236	-0.86611	0.70866
5.3236	-0.841	0.42084
5.3236	-0.8159	0.17165
5.3236	-0.79079	0.032751
5.3236	-0.74059	0.050541
5.3236	-0.71548	0.10092
5.3236	-0.69038	0.11432
5.3236	-0.66527	0.082823
5.3236	-0.64017	0.034399
5.3236	-0.56485	0.036568
5.3236	-0.53975	0.061107
5.3236	-0.51464	0.060805
5.3236	-0.48954	0.038859
5.3236	-0.38912	0.031933
5.3236	-0.36402	0.04451
5.3236	-0.33891	0.038022
5.3236	-0.21339	0.032901
5.3236	-0.18828	0.036106
5.3236	-0.16318	0.025166
5.3236	-0.062762	0.026753
5.3236	-0.037657	0.039962
5.3236	-0.012552	0.036467
5.3236	0.11297	0.041866
5.3236	0.13808	0.053673
5.3236	0.16318	0.045105
5.3236	0.2636	0.071642
5.3236	0.2887	0.15873
5.3236	0.31381	0.24975
5.3236	0.33891	0.31365
5.3236	0.36402	0.32882
5.3236	0.38912	0.29125
5.3236	0.41423	0.22227
5.3236	0.43933	0.14313
5.3236	0.46444	0.075587
5.3236	0.48954	0.029721
5.3486	-1.0418	0.058217
5.3486	-1.0167	0.13531
5.3486	-0.99163	0.2407
5.3486	-0.96653	0.36234
5.3486	-0.94142	0.45854
5.3486	-0.91632	0.49305
5.3486	-0.89121	0.44794
5.3486	-0.86611	0.34043
5.3486	-0.841	0.2018
5.3486	-0.8159	0.073825
5.3486	-0.74059	0.036999
5.3486	-0.71548	0.066237
5.3486	-0.69038	0.0714
5.3486	-0.66527	0.048782
5.3486	-0.56485	0.030409
5.3486	-0.53975	0.046495
5.3486	-0.51464	0.043645
5.3486	-0.48954	0.025814
5.3486	-0.38912	0.029024
5.3486	-0.36402	0.03786
5.3486	-0.33891	0.030459
5.3486	-0.21339	0.031584
5.3486	-0.18828	0.032739
5.3486	-0.16318	0.021075
5.3486	-0.062762	0.029848
5.3486	-0.037657	0.041691
5.3486	-0.012552	0.035808
5.3486	0.087866	0.025576
5.3486	0.11297	0.051391
5.3486	0.13808	0.061904
5.3486	0.16318	0.048604
5.3486	0.23849	0.028526
5.3486	0.2636	0.10876
5.3486	0.2887	0.22918
5.3486	0.31381	0.35224
5.3486	0.33891	0.43568
5.3486	0.36402	0.45408
5.3486	0.38912	0.40137
5.3486	0.41423	0.30469
5.3486	0.43933	0.19535
5.3486	0.46444	0.10122
5.3486	0.48954	0.038734
5.3737	-1.0167	0.031959
5.3737	-0.99163	0.061468
5.3737	-0.96653	0.099913
5.3737	-0.94142	0.14205
5.3737	-0.91632	0.16197
5.3737	-0.89121	0.15401
5.3737	-0.86611	0.12311
5.3737	-0.841	0.074522
5.3737	-0.8159	0.024611
5.3737	-0.74059	0.021696
5.3737	-0.71548	0.036391
5.3737	-0.69038	0.037294
5.3737	-0.66527	0.024041
5.3737	-0.56485	0.021192
5.3737	-0.53975	0.030802
5.3737	-0.51464	0.027203
5.3737	-0.38912	0.023435
5.3737	-0.36402	0.028926
5.3737	-0.33891	0.021789
5.3737	-0.21339	0.027338
5.3737	-0.18828	0.026704
5.3737	-0.062762	0.029937
5.3737	-0.037657	0.039304
5.3737	-0.012552	0.03163
5.3737	0.087866	0.031031
5.3737	0.11297	0.056504
5.3737	0.13808	0.064535
5.3737	0.16318	0.046712
5.3737	0.23849	0.044099
5.3737	0.2636	0.14885
5.3737	0.2887	0.29527
5.3737	0.31381	0.44118
5.3737	0.33891	0.53949
5.3737	0.36402	0.55677
5.3737	0.38912	0.48708
5.3737	0.41423	0.36811
5.3737	0.43933	0.23159
5.3737	0.46444	0.11825
5.3737	0.48954	0.043195
5.3987	-0.91632	0.021241
5.3987	-0.89121	0.025652
5.3987	-0.86611	0.023707
5.3987	-0.21339	0.021184
5.3987	-0.062762	0.027394
5.3987	-0.037657	0.033401
5.3987	-0.012552	0.025058
5.3987	0.087866	0.033467
5.3987	0.11297	0.056635
5.3987	0.13808	0.060134
5.3987	0.16318	0.040159
5.3987	0.23849	0.058394
5.3987	0.2636	0.18041
5.3987	0.2887	0.34322
5.3987	0.31381	0.50087
5.3987	0.33891	0.60307
5.3987	0.36402	0.61493
5.3987	0.38912	0.5345
5.3987	0.41423	0.39814
5.3987	0.43933	0.24804
5.3987	0.46444	0.12296
5.3987	0.48954	0.042284
5.4238	-1.0167	0.025342
5.4238	-0.99163	0.027169
5.4238	-0.96653	0.022466
5.4238	-0.062762	0.022188
5.4238	-0.037657	0.025401
5.4238	0.087866	0.032504
5.4238	0.11297	0.050955
5.4238	0.13808	0.050814
5.4238	0.16318	0.030753
5.4238	0.23849	0.070725
5.4238	0.2636	0.19717
5.4238	0.2887	0.36209
5.4238	0.31381	0.51573
5.4238	0.33891	0.61263
5.4238	0.36402	0.61826
5.4238	0.38912	0.53069
5.4238	0.41423	0.39041
5.4238	0.43933	0.23848
5.4238	0.46444	0.11528
5.4238	0.48954	0.036784
5.4489	-1.0669	0.024839
5.4489	-1.0418	0.04722
5.4489	-1.0167	0.070064
5.4489	-0.99163	0.084396
5.4489	-0.96653	0.083678
5.4489	-0.94142	0.070332
5.4489	-0.91632	0.049947
5.4489	-0.89121	0.026903
5.4489	0.087866	0.027997
5.4489	0.11297	0.041073
5.4489	0.13808	0.03851
5.4489	0.23849	0.075522
5.4489	0.2636	0.19679
5.4489	0.2887	0.34702
5.4489	0.31381	0.4837
5.4489	0.33891	0.56808
5.4489	0.36402	0.56615
5.4489	0.38912	0.48148
5.4489	0.41423	0.34889
5.4489	0.43933	0.20801
5.4489	0.46444	0.098013
5.4489	0.48954	0.028533
5.4739	-1.0669	0.036117
5.4739	-1.0418	0.070067
5.4739	-1.0167	0.10722
5.4739	-0.99163	0.13267
5.4739	-0.96653	0.13839
5.4739	-0.94142	0.12409
5.4739	-0.91632	0.093283
5.4739	-0.89121	0.058938
5.4739	-0.86611	0.028094
5.4739	0.11297	0.029073
5.4739	0.13808	0.025864
5.4739	0.23849	0.073
5.4739	0.2636	0.17283
5.4739	0.2887	0.30051
5.4739	0.31381	0.4117
5.4739	0.33891	0.47674
5.4739	0.36402	0.47119
5.4739	0.38912	0.39733
5.4739	0.41423	0.28313
5.4739	0.43933	0.16458
5.4739	0.46444	0.075648
5.499	-1.0669	0.039515
5.499	-1.0418	0.07669
5.499	-1.0167	0.11659
5.499	-0.99163	0.14757
5.499	-0.96653	0.1573
5.499	-0.94142	0.14516
5.499	-0.91632	0.11257
5.499	-0.89121	0.072216
5.499	-0.86611	0.035481
5.499	0.23849	0.06155
5.499	0.2636	0.13701
5.499	0.2887	0.2329
5.499	0.31381	0.31459
5.499	0.33891	0.36178
5.499	0.36402	0.35365
5.499	0.38912	0.29592
5.499	0.41423	0.2079
5.499	0.43933	0.11795
5.499	0.46444	0.052435
5.524	-1.0669	0.033535
5.524	-1.0418	0.064962
5.524	-1.0167	0.098734
5.524	-0.99163	0.12704
5.524	-0.96653	0.13776
5.524	-0.94142	0.12928
5.524	-0.91632	0.10162
5.524	-0.89121	0.065458
5.524	-0.86611	0.031919
5.524	0.23849	0.044096
5.524	0.2636	0.095853
5.524	0.2887	0.1574
5.524	0.31381	0.21245
5.524	0.33891	0.24139
5.524	0.36402	0.23601
5.524	0.38912	0.19462
5.524	0.41423	0.13676
5.524	0.43933	0.076927
5.524	0.46444	0.031915
5.5491	-1.0669	0.021241
5.5491	-1.0418	0.0415
5.5491	-1.0167	0.064416
5.5491	-0.99163	0.084494
5.5491	-0.96653	0.093604
5.5491	-0.94142	0.089418
5.5491	-0.91632	0.071324
5.5491	-0.89121	0.046208
5.5491	-0.86611	0.022122
5.5491	0.23849	0.025017
5.5491	0.2636	0.053917
5.5491	0.2887	0.089161
5.5491	0.31381	0.12038
5.5491	0.33891	0.13791
5.5491	0.36402	0.13506
5.5491	0.38912	0.11185
5.5491	0.41423	0.077418
5.5491	0.43933	0.042765
5.5741	-1.0167	0.029274
5.5741	-0.99163	0.040084
5.5741	-0.96653	0.046413
5.5741	-0.94142	0.045965
5.5741	-0.91632	0.037668
5.5741	-0.89121	0.024924
5.5741	0.2636	0.02267
5.5741	0.2887	0.038479
5.5741	0.31381	0.053454
5.5741	0.33891	0.062705
5.5741	0.36402	0.062645
5.5741	0.38912	0.052681
5.5741	0.41423	0.036647
5.6493	1.6444	0.021306
5.6743	-1.0418	0.023297
5.6743	-1.0167	0.025547
5.6743	-0.99163	0.023729
5.6994	-1.0669	0.025824
5.6994	-1.0418	0.03432
5.6994	-1.0167	0.038956
5.6994	-0.99163	0.037505
5.6994	-0.96653	0.030373
5.7244	-1.0669	0.028496
5.7244	-1.0418	0.038397
5.7244	-1.0167	0.043876
5.7244	-0.99163	0.043065
5.7244	-0.96653	0.035708
5.7244	-0.94142	0.024969
5.7244	0.2887	0.021565
5.7244	0.31381	0.021204
5.7495	-1.0669	0.025336
5.7495	-1.0418	0.034317
5.7495	-1.0167	0.039624
5.7495	-0.99163	0.039239
5.7495	-0.96653	0.032803
5.7495	-0.94142	0.023168
5.7745	-1.0418	0.024772
5.7745	-1.0167	0.028924
5.7745	-0.99163	0.028918
5.7745	-0.96653	0.024389
