-5.9842	0
-5.9604	0
-5.9366	0
-5.9127	0
-5.8889	0
-5.8651	0
-5.8412	0
-5.8175	0
-5.7937	0
-5.7698	0
-5.746	0
-5.7222	0
-5.6983	0
-5.6745	0
-5.6507	0
-5.627	0
-5.6031	0
-5.5793	0
-5.5555	0
-5.5316	0
-5.5078	0
-5.4841	0
-5.4602	0
-5.4364	0
-5.4126	0
-5.3887	0
-5.365	0
-5.3411	0.00079414
-5.3172	0.0012962
-5.2934	0.0014318
-5.2697	0.0013309
-5.2458	0.00083256
-5.2221	0
-5.1982	0
-5.1744	0
-5.1505	0
-5.1267	0.00051608
-5.103	0.0012205
-5.0792	0.0013617
-5.0553	0.0012346
-5.0315	0.00052275
-5.0076	0
-4.9839	0
-4.9601	0
-4.9362	0
-4.9123	0.0008144
-4.8886	0.0013081
-4.8647	0.0013192
-4.841	0.00083129
-4.8171	0
-4.7933	0
-4.7694	0
-4.7456	0
-4.7219	0.001105
-4.6981	0.0017693
-4.6743	0.0023977
-4.6504	0.0023512
-4.6265	0.0016561
-4.6028	0.00081762
-4.579	0
-4.5551	0
-4.5313	0.00021415
-4.5075	0.001348
-4.4836	0.0019114
-4.4599	0.0023198
-4.436	0.0017913
-4.4123	0.00093274
-4.3884	0
-4.3645	0
-4.3408	0.0012349
-4.317	0.0022208
-4.2932	0.0035823
-4.2694	0.0034515
-4.2454	0.0024979
-4.2217	0.00082095
-4.1979	0
-4.174	0.0011046
-4.1503	0.0046141
-4.1264	0.0097478
-4.1025	0.016421
-4.0788	0.02117
-4.0549	0.022337
-4.0312	0.01941
-4.0074	0.013159
-3.9835	0.0055835
-3.9596	0.0012869
-3.9359	0.00051371
-3.9121	0.0060297
-3.8883	0.015623
-3.8644	0.024261
-3.8405	0.02783
-3.8168	0.025436
-3.793	0.017861
-3.7691	0.0076005
-3.7454	0.0012644
-3.7215	0.0041032
-3.6977	0.016401
-3.6738	0.033926
-3.65	0.049387
-3.6263	0.05942
-3.6025	0.054871
-3.5786	0.036397
-3.5548	0.016658
-3.531	0.013688
-3.5072	0.03841
-3.4833	0.092564
-3.4595	0.16266
-3.4357	0.23287
-3.4119	0.33682
-3.388	0.49149
-3.3643	0.5622
-3.3405	0.44933
-3.3166	0.33246
-3.2927	0.32075
-3.2689	0.40505
-3.2452	0.59619
-3.2214	0.97504
-3.1976	1.7412
-3.1737	2.8867
-3.1499	3.2231
-3.1261	2.493
-3.1022	1.787
-3.0784	1.3823
-3.0547	1.1883
-3.0308	1.109
-3.0069	1.0664
-2.9832	0.98588
-2.9594	0.71056
-2.9356	0.45954
-2.9117	0.53372
-2.8878	0.66813
-2.8641	0.52418
-2.8403	0.31398
-2.8165	0.19811
-2.7927	0.13764
-2.7688	0.095425
-2.745	0.060223
-2.7211	0.031068
-2.6973	0.018917
-2.6736	0.035589
-2.6498	0.054933
-2.6258	0.079761
-2.6021	0.10187
-2.5783	0.075674
-2.5545	0.038794
-2.5307	0.018368
-2.5069	0.0083386
-2.483	0.0051416
-2.4592	0.0046005
-2.4353	0.0064995
-2.4116	0.01334
-2.3878	0.02647
-2.3639	0.047839
-2.34	0.043191
-2.3163	0.014092
-2.2925	0.0029353
-2.2687	0.0026141
-2.2449	0.0046306
-2.221	0.0060491
-2.1972	0.0088195
-2.1734	0.0095308
-2.1496	0.0072067
-2.1258	0.0042849
-2.1019	0.0028325
-2.0781	0.0018011
-2.0542	0.00073585
-2.0305	0
-2.0067	0
-1.9829	0
-1.959	0
-1.9351	0
-1.9114	0
-1.8875	0
-1.8638	0
-1.8399	0
-1.8161	0
-1.7922	0
-1.7685	0
-1.7446	0
-1.7208	0
-1.697	0
-1.6732	0
-1.6493	0
-1.6256	0
-1.6018	0
-1.578	0
-1.5541	0
-1.5303	0
-1.5064	0
-1.4827	0
-1.4588	0
-1.435	0
-1.4111	0
-1.3874	0
-1.3635	0
-1.3397	0
-1.3159	0
-1.2921	0.00092235
-1.2682	0.012613
-1.2445	0.030031
-1.2206	0.0030544
-1.1968	0
-1.173	0
-1.1492	0
-1.1253	0
-1.1016	0.0011358
-1.0777	0.0022317
-1.0539	0.00099804
-1.0301	0
-1.0063	0
-0.98247	0
-0.95866	0
-0.93484	0
-0.91102	0
-0.88721	0
-0.86338	0
-0.83957	0
-0.81576	0
-0.79193	0
-0.76811	0
-0.7443	0
-0.72048	0
-0.69667	0
-0.67285	0
-0.64903	0
-0.62522	0
-0.60139	0
-0.57757	0
-0.55376	0
-0.52994	0
-0.50612	0
-0.48231	0
-0.45849	0
-0.43467	0
-0.41086	0
-0.38704	0
-0.36322	0
-0.33941	0
-0.31559	0
-0.29176	0
-0.26794	0
-0.24413	0
-0.22032	0
-0.19649	0
-0.17267	0
-0.14886	0
-0.12505	0
-0.10123	0
-0.077408	0
-0.053589	0
-0.029772	0
-0.0059545	0
0.017863	0
0.04168	0
0.065499	0
0.089316	0
0.11314	0
0.13695	0
0.16076	0
0.18458	0
0.2084	0
0.23223	0
0.25604	0
0.27985	0
0.30368	0
0.32749	0
0.35131	0
0.37512	0
0.39894	0
0.42277	0
0.44658	0
0.4704	0
0.49422	0
0.51804	0.00067051
0.54186	0.00029279
0.56567	0
0.58949	0
0.6133	0.00045385
0.63712	0.0014263
0.66094	0.0012624
0.68476	0.0011097
0.70857	0.0015405
0.7324	0.0030341
0.75621	0.0055259
0.78002	0.0040997
0.80385	0.0012251
0.82767	0.00037459
0.85148	0.0057313
0.8753	0.0065898
0.89912	0.012259
0.92294	0.0050212
0.94676	0.0057125
0.97056	0.014997
0.99436	0.016239
1.0182	0.013243
1.0421	0.022144
1.0659	0.029126
1.0897	0.028758
1.1134	0.079991
1.1373	0.21256
1.1612	0.40894
1.185	0.53192
1.2087	0.18176
1.2326	0.059574
1.2563	0.056396
1.2802	0.0094254
1.3041	0.0023911
1.3279	0.0006045
1.3516	0
1.3755	0
1.3992	0
1.4231	0
1.447	0
1.4708	0
1.4945	0
1.5184	0
1.5421	0
1.566	0
1.5899	0
1.6137	0
1.6374	0
1.6613	0
1.6851	0
1.709	0
1.7327	0
1.7566	0
1.7803	0
1.8042	0
1.828	0
1.8518	0
1.8756	0
1.8995	0
1.9232	0.00027442
1.9471	0.0012118
1.971	0.0022757
1.9948	0.002704
2.0185	0.0028333
2.0423	0.0026285
2.0661	0.0021412
2.09	0.0010956
2.1138	0
2.1376	0
2.1615	0
2.1852	0.00028909
2.209	0.001724
2.2329	0.0038895
2.2568	0.0090673
2.2805	0.013397
2.3043	0.0086035
2.3281	0.0048495
2.3519	0.0037134
2.3758	0.0040062
2.3996	0.0040225
2.4234	0.0028405
2.4472	0
2.471	0.00057375
2.4949	0.0027229
2.5187	0.0032665
2.5426	0.003264
2.5663	0.0030169
2.5901	0.0037718
2.6139	0.0052591
2.6378	0.0046907
2.6616	0.0018828
2.6854	0
2.7092	0
2.7331	0
2.7569	0.0016288
2.7807	0.0029793
2.8045	0.0024224
2.8283	0.0012169
2.8521	0.00059326
2.876	0
2.8998	0
2.9237	0.0010912
2.9474	0.0028127
2.9712	0.0058999
2.995	0.010958
3.0188	0.012519
3.0427	0.0075935
3.0665	0.0030875
3.0903	0.00098399
3.1142	0
3.138	0
3.1618	0.0021971
3.1856	0.0048569
3.2094	0.0073592
3.2332	0.0061999
3.2571	0.0034204
3.2809	0.0013794
3.3047	0.00027412
3.3285	0
3.3523	0.00098031
3.3761	0.0026852
3.3999	0.0035615
3.4238	0.0030908
3.4476	0.0027167
3.4714	0.0019332
3.4953	0.00069979
3.5191	0
3.5429	0
3.5667	0.00063599
3.5905	0.0027356
3.6143	0.0043947
3.6381	0.0047592
3.662	0.0039177
3.6858	0.0028468
3.7096	0.0012507
3.7334	0
3.7572	0
3.781	0.0011924
3.8049	0.0027953
3.8287	0.0035416
3.8525	0.0035299
3.8764	0.0027486
3.9002	0.0011328
3.924	0
3.9478	0.0005979
3.9715	0.0016955
3.9954	0.0036564
4.0192	0.0047132
4.0431	0.0044893
4.0669	0.0021809
4.0906	0.0005996
4.1144	0
4.1383	0.002073
4.1621	0.0063549
4.186	0.012283
4.2097	0.019399
4.2335	0.023305
4.2574	0.023529
4.2812	0.018746
4.305	0.01144
4.3289	0.0047606
4.3526	0.00030423
4.3765	0.00093019
4.4003	0.0068429
4.4242	0.015213
4.448	0.022125
4.4717	0.024233
4.4955	0.02036
4.5193	0.012645
4.5432	0.004265
4.5671	0
4.5908	0.0030391
4.6146	0.011631
4.6385	0.02271
4.6623	0.03138
4.6861	0.033642
4.71	0.026862
4.7337	0.01471
4.7576	0.0028231
4.7813	0.002216
4.8053	0.018911
4.8291	0.050681
4.8528	0.093526
4.8766	0.1386
4.9004	0.17139
4.9242	0.1839
4.9482	0.1796
4.9719	0.16405
4.9957	0.15884
5.0196	0.18297
5.0433	0.25292
5.0672	0.37359
5.0911	0.53597
5.1148	0.71643
5.1387	0.88245
5.1624	1.0023
5.1862	1.0527
5.2102	1.0242
5.2339	0.92636
5.2577	0.77705
5.2815	0.60635
5.3053	0.44432
5.3292	0.31381
5.353	0.22381
5.3769	0.17606
5.4007	0.15745
5.4244	0.15317
5.4482	0.15068
5.4721	0.14091
5.4959	0.11916
5.5198	0.090668
5.5435	0.059213
5.5674	0.032387
5.5912	0.014082
5.6151	0.005102
5.6389	0.0046473
5.6626	0.008699
5.6864	0.013275
5.7103	0.015969
5.734	0.015253
5.7579	0.012137
5.7818	0.0070742
5.8055	0.0027502
5.8294	0.00030056
5.8531	0
5.877	0
5.9009	0
5.9246	0.00028389
5.9484	0.00091489
5.9723	0.00057835
