-6	0
-5.9749	0.0011215
-5.9499	0.00064079
-5.9248	0.00030388
-5.8998	0.00016311
-5.8747	0.00020175
-5.8497	0.00036193
-5.8246	0.00058016
-5.7996	0.00080578
-5.7745	0.00099455
-5.7495	0.0011035
-5.7244	0.0010942
-5.6994	0.00094965
-5.6743	0.00069595
-5.6493	0.00041733
-5.6242	0.00022756
-5.5992	0.00021318
-5.5741	0.00039658
-5.5491	0.00070541
-5.524	0.00099351
-5.499	0.0011204
-5.4739	0.0010347
-5.4489	0.00080392
-5.4238	0.00059599
-5.3987	0.00058926
-5.3737	0.00087358
-5.3486	0.001382
-5.3236	0.0019102
-5.2985	0.0022086
-5.2735	0.0021203
-5.2484	0.0016823
-5.2234	0.0011143
-5.1983	0.00071185
-5.1733	0.00068677
-5.1482	0.0010683
-5.1232	0.0016657
-5.0981	0.0021544
-5.0731	0.0022624
-5.048	0.001909
-5.023	0.0012921
-4.9979	0.00075205
-4.9729	0.00059568
-4.9478	0.00093011
-4.9228	0.0015815
-4.8977	0.0021829
-4.8727	0.002386
-4.8476	0.0020381
-4.8225	0.0013089
-4.7975	0.00062609
-4.7724	0.00041962
-4.7474	0.00088556
-4.7223	0.0018485
-4.6973	0.0028857
-4.6722	0.0034451
-4.6472	0.0032587
-4.6221	0.0024257
-4.5971	0.0014046
-4.572	0.00078071
-4.547	0.00091385
-4.5219	0.0017047
-4.4969	0.0026953
-4.4718	0.0032944
-4.4468	0.0031484
-4.4217	0.0023663
-4.3967	0.0015072
-4.3716	0.0012201
-4.3466	0.0018826
-4.3215	0.003273
-4.2965	0.0045933
-4.2714	0.0050182
-4.2463	0.0042112
-4.2213	0.002672
-4.1962	0.0017217
-4.1712	0.0028284
-4.1461	0.0067595
-4.1211	0.012969
-4.096	0.019497
-4.071	0.02361
-4.0459	0.023348
-4.0209	0.018533
-3.9958	0.011219
-3.9708	0.0047235
-3.9457	0.0026224
-3.9207	0.0064278
-3.8956	0.014905
-3.8706	0.024285
-3.8455	0.029677
-3.8205	0.028173
-3.7954	0.02064
-3.7704	0.010557
-3.7453	0.0044789
-3.7203	0.0077002
-3.6952	0.020851
-3.6701	0.038608
-3.6451	0.054712
-3.62	0.062288
-3.595	0.052489
-3.5699	0.0316
-3.5449	0.018186
-3.5198	0.025259
-3.4948	0.065695
-3.4697	0.13511
-3.4447	0.20568
-3.4196	0.29483
-3.3946	0.44605
-3.3695	0.56587
-3.3445	0.47251
-3.3194	0.33909
-3.2944	0.31754
-3.2693	0.40181
-3.2443	0.60089
-3.2192	1.0099
-3.1942	1.8712
-3.1691	3.0502
-3.1441	3.0829
-3.119	2.2221
-3.0939	1.5938
-3.0689	1.2689
-3.0438	1.1317
-3.0188	1.0752
-2.9937	1.0252
-2.9687	0.83636
-2.9436	0.50075
-2.9186	0.47925
-2.8935	0.66003
-2.8685	0.56444
-2.8434	0.33376
-2.8184	0.20455
-2.7933	0.14032
-2.7683	0.096702
-2.7432	0.061436
-2.7182	0.031459
-2.6931	0.023107
-2.6681	0.043213
-2.643	0.062666
-2.618	0.091168
-2.5929	0.099468
-2.5678	0.059439
-2.5428	0.029014
-2.5177	0.013838
-2.4927	0.0080884
-2.4676	0.0066789
-2.4426	0.0078789
-2.4175	0.012841
-2.3925	0.024694
-2.3674	0.046344
-2.3424	0.047829
-2.3173	0.017049
-2.2923	0.0056887
-2.2672	0.004828
-2.2422	0.006186
-2.2171	0.0079087
-2.1921	0.010484
-2.167	0.010138
-2.142	0.0071948
-2.1169	0.0048427
-2.0919	0.0030987
-2.0668	0.0018897
-2.0418	0.0011546
-2.0167	0.00080357
-1.9916	0.00069534
-1.9666	0.00069765
-1.9415	0.00071516
-1.9165	0.0007036
-1.8914	0.0006592
-1.8664	0.0005967
-1.8413	0.00053284
-1.8163	0.00047269
-1.7912	0.00041026
-1.7662	0.00033942
-1.7411	0.00025771
-1.7161	0.00017401
-1.691	0.0001041
-1.666	6.4793e-05
-1.6409	6.3678e-05
-1.6159	9.6539e-05
-1.5908	0.00014691
-1.5658	0.00019389
-1.5407	0.0002162
-1.5157	0.00020524
-1.4906	0.00016377
-1.4656	0.00010805
-1.4405	6.1245e-05
-1.4154	4.6775e-05
-1.3904	8.13e-05
-1.3653	0.00017324
-1.3403	0.00033831
-1.3152	0.00065671
-1.2902	0.0016622
-1.2651	0.017639
-1.2401	0.020446
-1.215	0.0030932
-1.19	0.0010542
-1.1649	0.00072887
-1.1399	0.00060498
-1.1148	0.00072869
-1.0898	0.0023251
-1.0647	0.0021648
-1.0397	0.00073902
-1.0146	0.00024117
-0.98956	0.00017852
-0.96451	0.00014437
-0.93946	0.00010886
-0.91441	4.9944e-05
-0.88935	2.5679e-05
-0.8643	2.5104e-05
-0.83925	2.3633e-05
-0.8142	3.7853e-05
-0.78914	3.9397e-05
-0.76409	5.9382e-05
-0.73904	4.2653e-05
-0.71399	2.2709e-05
-0.68894	1.0555e-05
-0.66388	8.2044e-06
-0.63883	1.0005e-05
-0.61378	1.7496e-05
-0.58873	3.2811e-05
-0.56367	4.182e-05
-0.53862	3.8814e-05
-0.51357	3.552e-05
-0.48852	1.7375e-05
-0.46347	5.2344e-06
-0.43841	3.332e-06
-0.41336	9.4421e-06
-0.38831	2.3626e-05
-0.36326	2.7136e-05
-0.3382	3.216e-05
-0.31315	2.4021e-05
-0.2881	1.5426e-05
-0.26305	1.2404e-05
-0.238	9.1273e-06
-0.21294	1.6848e-05
-0.18789	3.5671e-05
-0.16284	5.1623e-05
-0.13779	4.8575e-05
-0.11273	4.2826e-05
-0.087683	3.5345e-05
-0.06263	3.1429e-05
-0.037578	3.9462e-05
-0.012526	6.0158e-05
0.012526	0.00012119
0.037578	0.00017823
0.06263	0.00022058
0.087683	0.00022822
0.11273	0.00020257
0.13779	0.00017434
0.16284	0.00017941
0.18789	8.4753e-05
0.21294	4.8566e-05
0.238	0.00010601
0.26305	0.000269
0.2881	0.00022827
0.31315	0.00018933
0.3382	0.00016472
0.36326	0.00013233
0.38831	0.00041713
0.41336	0.00014876
0.43841	0.00045129
0.46347	0.00022408
0.48852	0.00046991
0.51357	0.00082998
0.53862	0.00048775
0.56367	0.00043341
0.58873	0.00016234
0.61378	0.00060846
0.63883	0.0014771
0.66388	0.0026076
0.68894	0.0015885
0.71399	0.0023936
0.73904	0.0059087
0.76409	0.0081872
0.78914	0.0025954
0.8142	0.0012006
0.83925	0.0019449
0.8643	0.0081322
0.88935	0.015218
0.91441	0.0093192
0.93946	0.0061195
0.96451	0.012966
0.98956	0.020736
1.0146	0.013784
1.0397	0.019171
1.0647	0.029916
1.0898	0.030355
1.1148	0.098429
1.1399	0.19562
1.1649	0.41901
1.19	0.49231
1.215	0.10277
1.2401	0.045069
1.2651	0.052035
1.2902	0.0068192
1.3152	0.0033256
1.3403	0.0017548
1.3653	0.0008613
1.3904	0.00038143
1.4154	0.0002042
1.4405	0.00023884
1.4656	0.00038727
1.4906	0.00054334
1.5157	0.0006214
1.5407	0.00058271
1.5658	0.00044515
1.5908	0.00027404
1.6159	0.00016432
1.6409	0.00018943
1.666	0.00037289
1.691	0.00067042
1.7161	0.00098244
1.7411	0.0011867
1.7662	0.0012025
1.7912	0.0010196
1.8163	0.00072074
1.8413	0.00045979
1.8664	0.00038767
1.8914	0.00062233
1.9165	0.0011711
1.9415	0.001932
1.9666	0.0027007
1.9916	0.0032618
2.0167	0.0034519
2.0418	0.003218
2.0668	0.0026431
2.0919	0.0019303
2.1169	0.0013115
2.142	0.00094707
2.167	0.0010575
2.1921	0.0018265
2.2171	0.0034875
2.2422	0.006783
2.2672	0.012432
2.2923	0.012808
2.3173	0.0070181
2.3424	0.0051068
2.3674	0.0050597
2.3925	0.0052654
2.4175	0.0046231
2.4426	0.0018497
2.4676	0.0018089
2.4927	0.004415
2.5177	0.0054046
2.5428	0.0053478
2.5678	0.0052456
2.5929	0.0058622
2.618	0.0070714
2.643	0.005971
2.6681	0.0034258
2.6931	0.0022495
2.7182	0.0019102
2.7432	0.0023034
2.7683	0.0041112
2.7933	0.0043477
2.8184	0.0034407
2.8434	0.002688
2.8685	0.001976
2.8935	0.0016817
2.9186	0.0020782
2.9436	0.0034506
2.9687	0.0066235
2.9937	0.012038
3.0188	0.014125
3.0438	0.0091477
3.0689	0.0047698
3.0939	0.0024342
3.119	0.0018631
3.1441	0.0027428
3.1691	0.00485
3.1942	0.0078494
3.2192	0.0088447
3.2443	0.0062995
3.2693	0.0037115
3.2944	0.0021379
3.3194	0.0014765
3.3445	0.0019236
3.3695	0.0037717
3.3946	0.0053475
3.4196	0.0054156
3.4447	0.0047807
3.4697	0.003904
3.4948	0.0024428
3.5198	0.0011302
3.5449	0.0011018
3.5699	0.0022859
3.595	0.0044329
3.62	0.0065082
3.6451	0.0064158
3.6701	0.0050059
3.6952	0.0034351
3.7203	0.0019061
3.7453	0.0012438
3.7704	0.0018776
3.7954	0.0033951
3.8205	0.0047086
3.8455	0.0050308
3.8706	0.0042608
3.8956	0.0028544
3.9207	0.0017804
3.9457	0.0018336
3.9708	0.0031057
3.9958	0.0049137
4.0209	0.0061473
4.0459	0.005947
4.071	0.0043736
4.096	0.0025282
4.1211	0.0021635
4.1461	0.0047227
4.1712	0.010239
4.1962	0.017295
4.2213	0.023218
4.2463	0.025527
4.2714	0.022889
4.2965	0.016252
4.3215	0.008466
4.3466	0.0031011
4.3716	0.0029703
4.3967	0.0081871
4.4217	0.016248
4.4468	0.023284
4.4718	0.025569
4.4969	0.021844
4.5219	0.013917
4.547	0.00605
4.572	0.0028222
4.5971	0.0068968
4.6221	0.017131
4.6472	0.028546
4.6722	0.035336
4.6973	0.033424
4.7223	0.023365
4.7474	0.010951
4.7724	0.0051936
4.7975	0.014367
4.8225	0.042258
4.8476	0.084836
4.8727	0.13095
4.8977	0.16677
4.9228	0.18259
4.9478	0.17778
4.9729	0.16304
4.9979	0.15857
5.023	0.1877
5.048	0.26746
5.0731	0.40065
5.0981	0.57439
5.1232	0.75819
5.1482	0.91377
5.1733	1.0094
5.1983	1.0226
5.2234	0.95364
5.2484	0.81903
5.2735	0.64897
5.2985	0.47657
5.3236	0.33245
5.3486	0.23293
5.3737	0.1775
5.3987	0.15611
5.4238	0.15251
5.4489	0.15038
5.4739	0.13959
5.499	0.11713
5.524	0.08658
5.5491	0.05459
5.5741	0.028609
5.5992	0.012657
5.6242	0.0068865
5.6493	0.0083743
5.6743	0.012928
5.6994	0.016681
5.7244	0.017459
5.7495	0.014997
5.7745	0.010527
5.7996	0.0058199
5.8246	0.002394
5.8497	0.00085382
5.8747	0.00094772
5.8998	0.0019064
5.9248	0.0028847
5.9499	0.0033194
5.9749	0.0030485
6	0
