-4.6743	0.80387	0.014596
-4.6743	0.84	0.014782
-4.6504	0.80387	0.014151
-4.6504	0.84	0.014598
-4.4599	0.76774	0.014071
-4.4599	0.80387	0.014433
-4.2932	-0.56903	0.014024
-4.2932	-0.5329	0.014014
-4.2694	-0.56903	0.013694
-4.2694	-0.5329	0.013857
-4.1503	0.65936	0.020204
-4.1503	0.69549	0.027563
-4.1503	0.73162	0.02585
-4.1503	0.76774	0.017163
-4.1264	0.62323	0.016628
-4.1264	0.65936	0.03786
-4.1264	0.69549	0.053354
-4.1264	0.73162	0.052663
-4.1264	0.76774	0.037327
-4.1264	0.80387	0.018239
-4.1025	0.62323	0.025239
-4.1025	0.65936	0.056664
-4.1025	0.69549	0.08089
-4.1025	0.73162	0.081765
-4.1025	0.76774	0.059601
-4.1025	0.80387	0.029856
-4.0788	-0.60516	0.01443
-4.0788	-0.56903	0.013652
-4.0788	0.62323	0.031783
-4.0788	0.65936	0.070304
-4.0788	0.69549	0.10103
-4.0788	0.73162	0.10352
-4.0788	0.76774	0.076499
-4.0788	0.80387	0.038505
-4.0549	-0.60516	0.015474
-4.0549	-0.56903	0.015039
-4.0549	0.62323	0.033217
-4.0549	0.65936	0.072834
-4.0549	0.69549	0.10551
-4.0549	0.73162	0.10944
-4.0549	0.76774	0.081635
-4.0549	0.80387	0.040957
-4.0312	0.62323	0.027997
-4.0312	0.65936	0.061769
-4.0312	0.69549	0.091093
-4.0312	0.73162	0.096242
-4.0312	0.76774	0.072707
-4.0312	0.80387	0.036345
-4.0074	0.62323	0.017461
-4.0074	0.65936	0.040173
-4.0074	0.69549	0.061898
-4.0074	0.73162	0.067918
-4.0074	0.76774	0.052698
-4.0074	0.80387	0.026478
-3.9835	0.65936	0.016557
-3.9835	0.69549	0.028805
-3.9835	0.73162	0.03469
-3.9835	0.76774	0.028779
-3.9835	0.80387	0.014957
-3.9121	0.62323	0.02418
-3.9121	0.65936	0.029381
-3.9121	0.69549	0.024122
-3.9121	0.73162	0.013447
-3.8883	-0.67742	0.013357
-3.8883	-0.64129	0.016966
-3.8883	-0.60516	0.015269
-3.8883	0.5871	0.024032
-3.8883	0.62323	0.049889
-3.8883	0.65936	0.065599
-3.8883	0.69549	0.060305
-3.8883	0.73162	0.039145
-3.8883	0.76774	0.016852
-3.8644	-0.67742	0.017163
-3.8644	-0.64129	0.022538
-3.8644	-0.60516	0.021089
-3.8644	-0.56903	0.013601
-3.8644	0.5871	0.035112
-3.8644	0.62323	0.073466
-3.8644	0.65936	0.099974
-3.8644	0.69549	0.096455
-3.8644	0.73162	0.066349
-3.8644	0.76774	0.030424
-3.8644	1.96	0.013603
-3.8644	1.9962	0.014335
-3.8405	-0.67742	0.017125
-3.8405	-0.64129	0.023229
-3.8405	-0.60516	0.022429
-3.8405	-0.56903	0.014812
-3.8405	0.5871	0.039811
-3.8405	0.62323	0.083634
-3.8405	0.65936	0.11643
-3.8405	0.69549	0.11569
-3.8405	0.73162	0.082023
-3.8405	0.76774	0.038463
-3.8405	1.96	0.015341
-3.8405	1.9962	0.016331
-3.8168	-0.64129	0.01828
-3.8168	-0.60516	0.018471
-3.8168	0.5871	0.035113
-3.8168	0.62323	0.074862
-3.8168	0.65936	0.10707
-3.8168	0.69549	0.10949
-3.8168	0.73162	0.079523
-3.8168	0.76774	0.037643
-3.8168	1.96	0.014194
-3.8168	1.9962	0.015326
-3.793	0.5871	0.022454
-3.793	0.62323	0.050459
-3.793	0.65936	0.07617
-3.793	0.69549	0.081678
-3.793	0.73162	0.061519
-3.793	0.76774	0.029546
-3.7691	0.62323	0.019576
-3.7691	0.65936	0.034236
-3.7691	0.69549	0.041114
-3.7691	0.73162	0.033663
-3.7691	0.76774	0.016959
-3.7215	-0.71355	0.013475
-3.7215	-0.67742	0.015203
-3.6977	-0.74968	0.015822
-3.6977	-0.71355	0.028646
-3.6977	-0.67742	0.035054
-3.6977	-0.64129	0.030369
-3.6977	-0.60516	0.018205
-3.6977	0.55097	0.021994
-3.6977	0.5871	0.043806
-3.6977	0.62323	0.053159
-3.6977	0.65936	0.04363
-3.6977	0.69549	0.02425
-3.6738	-2.0503	0.01805
-3.6738	-2.0142	0.022806
-3.6738	-1.9781	0.020473
-3.6738	-0.74968	0.024477
-3.6738	-0.71355	0.04505
-3.6738	-0.67742	0.056952
-3.6738	-0.64129	0.051443
-3.6738	-0.60516	0.032287
-3.6738	0.55097	0.040032
-3.6738	0.5871	0.082562
-3.6738	0.62323	0.10808
-3.6738	0.65936	0.098812
-3.6738	0.69549	0.063528
-3.6738	0.73162	0.026804
-3.65	-2.0865	0.016206
-3.65	-2.0503	0.030369
-3.65	-2.0142	0.038159
-3.65	-1.9781	0.034254
-3.65	-1.942	0.021792
-3.65	-0.74968	0.033458
-3.65	-0.71355	0.062281
-3.65	-0.67742	0.080381
-3.65	-0.64129	0.074262
-3.65	-0.60516	0.047434
-3.65	-0.56903	0.018082
-3.65	0.55097	0.05293
-3.65	0.5871	0.10992
-3.65	0.62323	0.14857
-3.65	0.65936	0.14206
-3.65	0.69549	0.096356
-3.65	0.73162	0.043058
-3.65	1.9239	0.013432
-3.6263	-2.0865	0.021043
-3.6263	-2.0503	0.03856
-3.6263	-2.0142	0.048037
-3.6263	-1.9781	0.042913
-3.6263	-1.942	0.027075
-3.6263	-0.74968	0.035715
-3.6263	-0.71355	0.068394
-3.6263	-0.67742	0.091095
-3.6263	-0.64129	0.086558
-3.6263	-0.60516	0.056253
-3.6263	-0.56903	0.021132
-3.6263	0.51484	0.014694
-3.6263	0.55097	0.060195
-3.6263	0.5871	0.12588
-3.6263	0.62323	0.17408
-3.6263	0.65936	0.17115
-3.6263	0.69549	0.11926
-3.6263	0.73162	0.054189
-3.6263	1.9239	0.015563
-3.6263	1.96	0.015846
-3.6025	-2.0865	0.02248
-3.6025	-2.0503	0.040051
-3.6025	-2.0142	0.049087
-3.6025	-1.9781	0.043246
-3.6025	-1.942	0.026773
-3.6025	-0.74968	0.022788
-3.6025	-0.71355	0.04685
-3.6025	-0.67742	0.06641
-3.6025	-0.64129	0.066351
-3.6025	-0.60516	0.044523
-3.6025	-0.56903	0.016561
-3.6025	0.55097	0.053351
-3.6025	0.5871	0.1156
-3.6025	0.62323	0.1667
-3.6025	0.65936	0.17051
-3.6025	0.69549	0.12263
-3.6025	0.73162	0.056449
-3.6025	1.9239	0.0152
-3.6025	1.96	0.015797
-3.5786	-2.0865	0.024062
-3.5786	-2.0503	0.041554
-3.5786	-2.0142	0.049856
-3.5786	-1.9781	0.043045
-3.5786	-1.942	0.025938
-3.5786	-0.71355	0.016505
-3.5786	-0.67742	0.0275
-3.5786	-0.64129	0.030851
-3.5786	-0.60516	0.022317
-3.5786	0.55097	0.025904
-3.5786	0.5871	0.062959
-3.5786	0.62323	0.10015
-3.5786	0.65936	0.111
-3.5786	0.69549	0.084863
-3.5786	0.73162	0.040327
-3.5786	1.96	0.013963
-3.5548	-2.0865	0.026576
-3.5548	-2.0503	0.04469
-3.5548	-2.0142	0.052626
-3.5548	-1.9781	0.044584
-3.5548	-1.942	0.026135
-3.5548	0.62323	0.02663
-3.5548	0.65936	0.036756
-3.5548	0.69549	0.032673
-3.5548	0.73162	0.016965
-3.531	-2.0865	0.025745
-3.531	-2.0503	0.042506
-3.531	-2.0142	0.049464
-3.531	-1.9781	0.041357
-3.531	-1.942	0.023686
-3.531	-0.7858	0.01502
-3.531	-0.74968	0.021694
-3.531	-0.71355	0.019302
-3.5072	-2.0865	0.020452
-3.5072	-2.0503	0.033178
-3.5072	-2.0142	0.038134
-3.5072	-1.9781	0.031421
-3.5072	-1.942	0.017527
-3.5072	-0.82193	0.018616
-3.5072	-0.7858	0.056038
-3.5072	-0.74968	0.092333
-3.5072	-0.71355	0.10112
-3.5072	-0.67742	0.077087
-3.5072	-0.64129	0.039791
-3.5072	0.37032	0.016575
-3.5072	0.51484	0.034855
-3.5072	0.55097	0.065002
-3.5072	0.5871	0.072294
-3.5072	0.62323	0.05313
-3.5072	0.65936	0.025593
-3.4833	-2.0865	0.015679
-3.4833	-2.0503	0.024974
-3.4833	-2.0142	0.028279
-3.4833	-1.9781	0.022867
-3.4833	-0.82193	0.040653
-3.4833	-0.7858	0.12027
-3.4833	-0.74968	0.20501
-3.4833	-0.71355	0.23873
-3.4833	-0.67742	0.19818
-3.4833	-0.64129	0.11431
-3.4833	-0.60516	0.04057
-3.4833	0.3342	0.016001
-3.4833	0.37032	0.028541
-3.4833	0.40645	0.019267
-3.4833	0.47871	0.021168
-3.4833	0.51484	0.098603
-3.4833	0.55097	0.19611
-3.4833	0.5871	0.24502
-3.4833	0.62323	0.21266
-3.4833	0.65936	0.1295
-3.4833	0.69549	0.051995
-3.4595	-2.0503	0.019912
-3.4595	-2.0142	0.022356
-3.4595	-1.9781	0.017812
-3.4595	-0.96645	0.014022
-3.4595	-0.93032	0.014759
-3.4595	-0.82193	0.073781
-3.4595	-0.7858	0.209
-3.4595	-0.74968	0.35458
-3.4595	-0.71355	0.41773
-3.4595	-0.67742	0.35397
-3.4595	-0.64129	0.20912
-3.4595	-0.60516	0.075196
-3.4595	0.3342	0.018264
-3.4595	0.37032	0.031246
-3.4595	0.40645	0.019814
-3.4595	0.47871	0.037377
-3.4595	0.51484	0.16338
-3.4595	0.55097	0.33277
-3.4595	0.5871	0.43803
-3.4595	0.62323	0.40743
-3.4595	0.65936	0.26962
-3.4595	0.69549	0.11891
-3.4595	0.73162	0.027772
-3.4595	1.8878	0.013473
-3.4357	-2.0503	0.015183
-3.4357	-2.0142	0.017238
-3.4357	-1.9781	0.01375
-3.4357	-0.96645	0.021563
-3.4357	-0.93032	0.020531
-3.4357	-0.85806	0.01919
-3.4357	-0.82193	0.13723
-3.4357	-0.7858	0.36918
-3.4357	-0.74968	0.61362
-3.4357	-0.71355	0.71633
-3.4357	-0.67742	0.60367
-3.4357	-0.64129	0.35326
-3.4357	-0.60516	0.12291
-3.4357	-0.56903	0.013437
-3.4357	-0.49677	0.026796
-3.4357	-0.46064	0.024695
-3.4357	0.3342	0.01464
-3.4357	0.37032	0.024059
-3.4357	0.40645	0.014052
-3.4357	0.47871	0.044499
-3.4357	0.51484	0.18234
-3.4357	0.55097	0.37294
-3.4357	0.5871	0.50293
-3.4357	0.62323	0.4833
-3.4357	0.65936	0.33127
-3.4357	0.69549	0.15037
-3.4357	0.73162	0.03472
-3.4357	1.8516	0.01813
-3.4357	1.8878	0.025913
-3.4357	1.9239	0.025206
-3.4357	1.96	0.017369
-3.4119	-1.0026	0.015523
-3.4119	-0.96645	0.034892
-3.4119	-0.93032	0.029919
-3.4119	-0.85806	0.043939
-3.4119	-0.82193	0.26849
-3.4119	-0.7858	0.68813
-3.4119	-0.74968	1.1179
-3.4119	-0.71355	1.2863
-3.4119	-0.67742	1.0691
-3.4119	-0.64129	0.61226
-3.4119	-0.60516	0.20201
-3.4119	-0.56903	0.017708
-3.4119	-0.5329	0.020164
-3.4119	-0.49677	0.060863
-3.4119	-0.46064	0.052647
-3.4119	-0.42451	0.016388
-3.4119	-0.31613	0.01805
-3.4119	0.37032	0.01502
-3.4119	0.47871	0.04427
-3.4119	0.51484	0.17229
-3.4119	0.55097	0.35288
-3.4119	0.5871	0.48287
-3.4119	0.62323	0.47216
-3.4119	0.65936	0.32816
-3.4119	0.69549	0.14888
-3.4119	0.73162	0.032423
-3.4119	0.84	0.018188
-3.4119	1.8516	0.01991
-3.4119	1.8878	0.029417
-3.4119	1.9239	0.029955
-3.4119	1.96	0.021725
-3.388	-1.0026	0.023815
-3.388	-0.96645	0.049152
-3.388	-0.93032	0.038087
-3.388	-0.85806	0.087861
-3.388	-0.82193	0.4754
-3.388	-0.7858	1.1766
-3.388	-0.74968	1.8852
-3.388	-0.71355	2.1522
-3.388	-0.67742	1.7727
-3.388	-0.64129	0.99525
-3.388	-0.60516	0.30971
-3.388	-0.56903	0.021008
-3.388	-0.5329	0.050425
-3.388	-0.49677	0.12819
-3.388	-0.46064	0.10348
-3.388	-0.42451	0.028661
-3.388	-0.35226	0.029385
-3.388	-0.31613	0.04549
-3.388	-0.28	0.025974
-3.388	-0.17162	0.016415
-3.388	-0.13549	0.015861
-3.388	0.47871	0.037459
-3.388	0.51484	0.14493
-3.388	0.55097	0.30511
-3.388	0.5871	0.43051
-3.388	0.62323	0.43207
-3.388	0.65936	0.30518
-3.388	0.69549	0.13766
-3.388	0.73162	0.027645
-3.388	0.80387	0.016697
-3.388	0.84	0.023215
-3.388	1.8516	0.014638
-3.388	1.8878	0.022246
-3.388	1.9239	0.023444
-3.388	1.96	0.017586
-3.3643	-1.0026	0.024344
-3.3643	-0.96645	0.046658
-3.3643	-0.93032	0.032556
-3.3643	-0.85806	0.11857
-3.3643	-0.82193	0.58459
-3.3643	-0.7858	1.4151
-3.3643	-0.74968	2.2585
-3.3643	-0.71355	2.5818
-3.3643	-0.67742	2.1248
-3.3643	-0.64129	1.1773
-3.3643	-0.60516	0.34547
-3.3643	-0.56903	0.018293
-3.3643	-0.5329	0.090713
-3.3643	-0.49677	0.20104
-3.3643	-0.46064	0.15253
-3.3643	-0.42451	0.037063
-3.3643	-0.35226	0.060286
-3.3643	-0.31613	0.086491
-3.3643	-0.28	0.046338
-3.3643	-0.20774	0.013491
-3.3643	-0.17162	0.041822
-3.3643	-0.13549	0.039098
-3.3643	-0.027097	0.015183
-3.3643	0.0090325	0.024639
-3.3643	0.045162	0.014681
-3.3643	0.47871	0.018752
-3.3643	0.51484	0.084325
-3.3643	0.55097	0.20192
-3.3643	0.5871	0.31502
-3.3643	0.62323	0.34096
-3.3643	0.65936	0.25344
-3.3643	0.69549	0.11623
-3.3643	0.73162	0.021503
-3.3643	0.80387	0.021642
-3.3643	0.84	0.028078
-3.3643	0.87613	0.013866
-3.3643	1.9239	0.014687
-3.3405	-1.0026	0.017849
-3.3405	-0.96645	0.031528
-3.3405	-0.93032	0.019314
-3.3405	-0.85806	0.10991
-3.3405	-0.82193	0.49675
-3.3405	-0.7858	1.1701
-3.3405	-0.74968	1.8474
-3.3405	-0.71355	2.099
-3.3405	-0.67742	1.7124
-3.3405	-0.64129	0.92753
-3.3405	-0.60516	0.25208
-3.3405	-0.5329	0.10436
-3.3405	-0.49677	0.20459
-3.3405	-0.46064	0.14505
-3.3405	-0.42451	0.030017
-3.3405	-0.35226	0.078371
-3.3405	-0.31613	0.10438
-3.3405	-0.28	0.051815
-3.3405	-0.20774	0.024024
-3.3405	-0.17162	0.065585
-3.3405	-0.13549	0.058444
-3.3405	-0.099357	0.016117
-3.3405	-0.027097	0.032916
-3.3405	0.0090325	0.051319
-3.3405	0.045162	0.029889
-3.3405	0.15355	0.030052
-3.3405	0.18968	0.029975
-3.3405	0.3342	0.017266
-3.3405	0.55097	0.044048
-3.3405	0.5871	0.1045
-3.3405	0.62323	0.14926
-3.3405	0.65936	0.13339
-3.3405	0.69549	0.068062
-3.3405	0.80387	0.022558
-3.3405	0.84	0.028413
-3.3405	0.87613	0.01349
-3.3166	-0.96645	0.019529
-3.3166	-0.85806	0.090704
-3.3166	-0.82193	0.37677
-3.3166	-0.7858	0.85742
-3.3166	-0.74968	1.3263
-3.3166	-0.71355	1.4811
-3.3166	-0.67742	1.1827
-3.3166	-0.64129	0.61652
-3.3166	-0.60516	0.15089
-3.3166	-0.5329	0.09595
-3.3166	-0.49677	0.16643
-3.3166	-0.46064	0.10832
-3.3166	-0.42451	0.018175
-3.3166	-0.38838	0.015665
-3.3166	-0.35226	0.076527
-3.3166	-0.31613	0.093444
-3.3166	-0.28	0.041816
-3.3166	-0.20774	0.029663
-3.3166	-0.17162	0.071137
-3.3166	-0.13549	0.059038
-3.3166	-0.099357	0.013873
-3.3166	-0.027097	0.045261
-3.3166	0.0090325	0.065971
-3.3166	0.045162	0.035926
-3.3166	0.11742	0.017895
-3.3166	0.15355	0.053972
-3.3166	0.18968	0.05286
-3.3166	0.2258	0.016717
-3.3166	0.29807	0.032606
-3.3166	0.3342	0.05775
-3.3166	0.37032	0.038358
-3.3166	0.44258	0.013373
-3.3166	0.47871	0.059332
-3.3166	0.51484	0.086989
-3.3166	0.55097	0.066664
-3.3166	0.5871	0.028615
-3.3166	0.65936	0.014316
-3.3166	0.84	0.016562
-3.2927	-0.85806	0.077615
-3.2927	-0.82193	0.299
-3.2927	-0.7858	0.65787
-3.2927	-0.74968	0.99533
-3.2927	-0.71355	1.0889
-3.2927	-0.67742	0.84703
-3.2927	-0.64129	0.42146
-3.2927	-0.60516	0.090722
-3.2927	-0.5329	0.088126
-3.2927	-0.49677	0.13593
-3.2927	-0.46064	0.080278
-3.2927	-0.38838	0.018551
-3.2927	-0.35226	0.072457
-3.2927	-0.31613	0.080522
-3.2927	-0.28	0.03171
-3.2927	-0.20774	0.033596
-3.2927	-0.17162	0.070793
-3.2927	-0.13549	0.053702
-3.2927	-0.027097	0.053392
-3.2927	0.0090325	0.071381
-3.2927	0.045162	0.035069
-3.2927	0.11742	0.027468
-3.2927	0.15355	0.072776
-3.2927	0.18968	0.066971
-3.2927	0.2258	0.01838
-3.2927	0.29807	0.060601
-3.2927	0.3342	0.1032
-3.2927	0.37032	0.067073
-3.2927	0.44258	0.047408
-3.2927	0.47871	0.21415
-3.2927	0.51484	0.38734
-3.2927	0.55097	0.42659
-3.2927	0.5871	0.31573
-3.2927	0.62323	0.15639
-3.2927	0.65936	0.047399
-3.2689	-0.85806	0.07135
-3.2689	-0.82193	0.2582
-3.2689	-0.7858	0.55236
-3.2689	-0.74968	0.82006
-3.2689	-0.71355	0.88064
-3.2689	-0.67742	0.66732
-3.2689	-0.64129	0.31579
-3.2689	-0.60516	0.058427
-3.2689	-0.5329	0.087832
-3.2689	-0.49677	0.12146
-3.2689	-0.46064	0.064616
-3.2689	-0.38838	0.02312
-3.2689	-0.35226	0.074333
-3.2689	-0.31613	0.07508
-3.2689	-0.28	0.025505
-3.2689	-0.20774	0.040243
-3.2689	-0.17162	0.074988
-3.2689	-0.13549	0.051451
-3.2689	-0.063226	0.015157
-3.2689	-0.027097	0.065079
-3.2689	0.0090325	0.079222
-3.2689	0.045162	0.034255
-3.2689	0.11742	0.041041
-3.2689	0.15355	0.09551
-3.2689	0.18968	0.080817
-3.2689	0.2258	0.018225
-3.2689	0.26194	0.015002
-3.2689	0.29807	0.098932
-3.2689	0.3342	0.1566
-3.2689	0.37032	0.093944
-3.2689	0.44258	0.11319
-3.2689	0.47871	0.47366
-3.2689	0.51484	0.88647
-3.2689	0.55097	1.0591
-3.2689	0.5871	0.88775
-3.2689	0.62323	0.52601
-3.2689	0.65936	0.20666
-3.2689	0.69549	0.043334
-3.2689	1.8155	0.019469
-3.2689	1.8516	0.025919
-3.2689	1.8878	0.022685
-3.2689	1.9239	0.013668
-3.2452	-0.85806	0.066528
-3.2452	-0.82193	0.23091
-3.2452	-0.7858	0.48697
-3.2452	-0.74968	0.71722
-3.2452	-0.71355	0.76255
-3.2452	-0.67742	0.5665
-3.2452	-0.64129	0.25535
-3.2452	-0.60516	0.039662
-3.2452	-0.56903	0.017505
-3.2452	-0.5329	0.095267
-3.2452	-0.49677	0.11937
-3.2452	-0.46064	0.056907
-3.2452	-0.38838	0.031084
-3.2452	-0.35226	0.084525
-3.2452	-0.31613	0.077689
-3.2452	-0.28	0.022299
-3.2452	-0.20774	0.053106
-3.2452	-0.17162	0.088227
-3.2452	-0.13549	0.054351
-3.2452	-0.063226	0.024654
-3.2452	-0.027097	0.08715
-3.2452	0.0090325	0.096392
-3.2452	0.045162	0.035899
-3.2452	0.11742	0.065378
-3.2452	0.15355	0.1345
-3.2452	0.18968	0.10342
-3.2452	0.2258	0.018264
-3.2452	0.26194	0.03163
-3.2452	0.29807	0.16552
-3.2452	0.3342	0.24066
-3.2452	0.37032	0.12921
-3.2452	0.44258	0.24909
-3.2452	0.47871	0.94974
-3.2452	0.51484	1.7577
-3.2452	0.55097	2.1346
-3.2452	0.5871	1.8479
-3.2452	0.62323	1.1445
-3.2452	0.65936	0.47335
-3.2452	0.69549	0.1027
-3.2452	0.76774	0.013357
-3.2452	0.80387	0.020465
-3.2452	1.8155	0.029985
-3.2452	1.8516	0.042165
-3.2452	1.8878	0.0402
-3.2452	1.9239	0.027153
-3.2214	-0.85806	0.048778
-3.2214	-0.82193	0.16852
-3.2214	-0.7858	0.36089
-3.2214	-0.74968	0.54108
-3.2214	-0.71355	0.5828
-3.2214	-0.67742	0.43297
-3.2214	-0.64129	0.18849
-3.2214	-0.60516	0.02417
-3.2214	-0.56903	0.022867
-3.2214	-0.5329	0.098828
-3.2214	-0.49677	0.11444
-3.2214	-0.46064	0.049055
-3.2214	-0.38838	0.041472
-3.2214	-0.35226	0.098384
-3.2214	-0.31613	0.083014
-3.2214	-0.28	0.019769
-3.2214	-0.20774	0.073795
-3.2214	-0.17162	0.11078
-3.2214	-0.13549	0.061146
-3.2214	-0.063226	0.042157
-3.2214	-0.027097	0.12636
-3.2214	0.0090325	0.12733
-3.2214	0.045162	0.040042
-3.2214	0.11742	0.11223
-3.2214	0.15355	0.20612
-3.2214	0.18968	0.14305
-3.2214	0.2258	0.018986
-3.2214	0.26194	0.069241
-3.2214	0.29807	0.29662
-3.2214	0.3342	0.39482
-3.2214	0.37032	0.18548
-3.2214	0.40645	0.027539
-3.2214	0.44258	0.55976
-3.2214	0.47871	1.9486
-3.2214	0.51484	3.5134
-3.2214	0.55097	4.2406
-3.2214	0.5871	3.6798
-3.2214	0.62323	2.2895
-3.2214	0.65936	0.94378
-3.2214	0.69549	0.19498
-3.2214	0.76774	0.04388
-3.2214	0.80387	0.063852
-3.2214	0.84	0.032886
-3.2214	1.7793	0.014953
-3.2214	1.8155	0.036048
-3.2214	1.8516	0.051321
-3.2214	1.8878	0.050345
-3.2214	1.9239	0.035314
-3.2214	1.96	0.017187
-3.1976	-0.85806	0.020222
-3.1976	-0.82193	0.072619
-3.1976	-0.7858	0.1632
-3.1976	-0.74968	0.25595
-3.1976	-0.71355	0.28587
-3.1976	-0.67742	0.21664
-3.1976	-0.64129	0.092302
-3.1976	-0.56903	0.019839
-3.1976	-0.5329	0.072069
-3.1976	-0.49677	0.078877
-3.1976	-0.46064	0.030564
-3.1976	-0.38838	0.041472
-3.1976	-0.35226	0.088916
-3.1976	-0.31613	0.070059
-3.1976	-0.28	0.01365
-3.1976	-0.24387	0.015571
-3.1976	-0.20774	0.085526
-3.1976	-0.17162	0.11884
-3.1976	-0.13549	0.059303
-3.1976	-0.063226	0.063255
-3.1976	-0.027097	0.16689
-3.1976	0.0090325	0.15556
-3.1976	0.045162	0.040827
-3.1976	0.081291	0.023841
-3.1976	0.11742	0.18378
-3.1976	0.15355	0.30748
-3.1976	0.18968	0.19337
-3.1976	0.2258	0.019302
-3.1976	0.26194	0.14669
-3.1976	0.29807	0.53362
-3.1976	0.3342	0.65484
-3.1976	0.37032	0.26522
-3.1976	0.40645	0.07918
-3.1976	0.44258	1.2671
-3.1976	0.47871	4.0786
-3.1976	0.51484	7.1646
-3.1976	0.55097	8.5554
-3.1976	0.5871	7.3795
-3.1976	0.62323	4.5535
-3.1976	0.65936	1.8349
-3.1976	0.69549	0.34818
-3.1976	0.73162	0.014621
-3.1976	0.76774	0.12611
-3.1976	0.80387	0.1678
-3.1976	0.84	0.082863
-3.1976	0.94839	0.023744
-3.1976	0.98452	0.020832
-3.1976	1.7793	0.017154
-3.1976	1.8155	0.040289
-3.1976	1.8516	0.057543
-3.1976	1.8878	0.05715
-3.1976	1.9239	0.040661
-3.1976	1.96	0.01997
-3.1737	-0.82193	0.016898
-3.1737	-0.7858	0.042805
-3.1737	-0.74968	0.07348
-3.1737	-0.71355	0.087511
-3.1737	-0.67742	0.068658
-3.1737	-0.64129	0.028597
-3.1737	-0.5329	0.033918
-3.1737	-0.49677	0.034993
-3.1737	-0.38838	0.026416
-3.1737	-0.35226	0.051608
-3.1737	-0.31613	0.037737
-3.1737	-0.24387	0.014167
-3.1737	-0.20774	0.063979
-3.1737	-0.17162	0.082923
-3.1737	-0.13549	0.037179
-3.1737	-0.063226	0.06208
-3.1737	-0.027097	0.1481
-3.1737	0.0090325	0.12902
-3.1737	0.045162	0.02776
-3.1737	0.081291	0.034584
-3.1737	0.11742	0.21182
-3.1737	0.15355	0.33041
-3.1737	0.18968	0.19001
-3.1737	0.2258	0.016229
-3.1737	0.26194	0.22929
-3.1737	0.29807	0.73883
-3.1737	0.3342	0.8516
-3.1737	0.37032	0.29577
-3.1737	0.40645	0.18953
-3.1737	0.44258	2.3447
-3.1737	0.47871	7.1689
-3.1737	0.51484	12.48
-3.1737	0.55097	14.947
-3.1737	0.5871	12.956
-3.1737	0.62323	7.9926
-3.1737	0.65936	3.1587
-3.1737	0.69549	0.54333
-3.1737	0.73162	0.040448
-3.1737	0.76774	0.31602
-3.1737	0.80387	0.38612
-3.1737	0.84	0.1794
-3.1737	0.87613	0.018342
-3.1737	0.91226	0.024334
-3.1737	0.94839	0.073818
-3.1737	0.98452	0.06263
-3.1737	1.0207	0.018577
-3.1737	1.129	0.016232
-3.1737	1.7793	0.01811
-3.1737	1.8155	0.042339
-3.1737	1.8516	0.061352
-3.1737	1.8878	0.061993
-3.1737	1.9239	0.044706
-3.1737	1.96	0.022007
-3.1499	-0.71355	0.01603
-3.1499	-0.67742	0.014458
-3.1499	-0.38838	0.013388
-3.1499	-0.35226	0.023731
-3.1499	-0.31613	0.015756
-3.1499	-0.20774	0.035998
-3.1499	-0.17162	0.042796
-3.1499	-0.13549	0.01662
-3.1499	-0.063226	0.042535
-3.1499	-0.027097	0.091142
-3.1499	0.0090325	0.072674
-3.1499	0.081291	0.031947
-3.1499	0.11742	0.15926
-3.1499	0.15355	0.22976
-3.1499	0.18968	0.11817
-3.1499	0.26194	0.2225
-3.1499	0.29807	0.64294
-3.1499	0.3342	0.69321
-3.1499	0.37032	0.20014
-3.1499	0.40645	0.27435
-3.1499	0.44258	2.7153
-3.1499	0.47871	7.9946
-3.1499	0.51484	13.915
-3.1499	0.55097	16.858
-3.1499	0.5871	14.821
-3.1499	0.62323	9.2251
-3.1499	0.65936	3.6019
-3.1499	0.69549	0.55685
-3.1499	0.73162	0.086883
-3.1499	0.76774	0.53537
-3.1499	0.80387	0.61338
-3.1499	0.84	0.26934
-3.1499	0.87613	0.021763
-3.1499	0.91226	0.061158
-3.1499	0.94839	0.16137
-3.1499	0.98452	0.1317
-3.1499	1.0207	0.035944
-3.1499	1.0929	0.034543
-3.1499	1.129	0.050007
-3.1499	1.1651	0.02613
-3.1499	1.2735	0.014076
-3.1499	1.7793	0.014901
-3.1499	1.8155	0.037074
-3.1499	1.8516	0.057063
-3.1499	1.8878	0.060592
-3.1499	1.9239	0.045294
-3.1499	1.96	0.022659
-3.1261	-0.20774	0.019377
-3.1261	-0.17162	0.021016
-3.1261	-0.063226	0.027039
-3.1261	-0.027097	0.051817
-3.1261	0.0090325	0.037057
-3.1261	0.081291	0.025262
-3.1261	0.11742	0.10391
-3.1261	0.15355	0.13631
-3.1261	0.18968	0.060455
-3.1261	0.26194	0.17168
-3.1261	0.29807	0.44066
-3.1261	0.3342	0.433
-3.1261	0.37032	0.097673
-3.1261	0.40645	0.28193
-3.1261	0.44258	2.2663
-3.1261	0.47871	6.3273
-3.1261	0.51484	10.793
-3.1261	0.55097	12.958
-3.1261	0.5871	11.319
-3.1261	0.62323	6.9625
-3.1261	0.65936	2.6238
-3.1261	0.69549	0.3486
-3.1261	0.73162	0.1156
-3.1261	0.76774	0.54983
-3.1261	0.80387	0.58703
-3.1261	0.84	0.2391
-3.1261	0.87613	0.01518
-3.1261	0.91226	0.087583
-3.1261	0.94839	0.20428
-3.1261	0.98452	0.15916
-3.1261	1.0207	0.038867
-3.1261	1.0929	0.061561
-3.1261	1.129	0.08502
-3.1261	1.1651	0.043039
-3.1261	1.2735	0.036318
-3.1261	1.3096	0.031709
-3.1261	1.4542	0.013425
-3.1261	1.8155	0.016413
-3.1261	1.8516	0.032213
-3.1261	1.8878	0.040612
-3.1261	1.9239	0.034264
-3.1261	1.96	0.0185
-3.1022	-0.85806	0.016859
-3.1022	-0.82193	0.028967
-3.1022	-0.7858	0.032958
-3.1022	-0.74968	0.02592
-3.1022	-0.71355	0.013697
-3.1022	-0.063226	0.017621
-3.1022	-0.027097	0.030477
-3.1022	0.0090325	0.019406
-3.1022	0.081291	0.020204
-3.1022	0.11742	0.070146
-3.1022	0.15355	0.083408
-3.1022	0.18968	0.031071
-3.1022	0.26194	0.13319
-3.1022	0.29807	0.30412
-3.1022	0.3342	0.26835
-3.1022	0.37032	0.045071
-3.1022	0.40645	0.27289
-3.1022	0.44258	1.8208
-3.1022	0.47871	4.7799
-3.1022	0.51484	7.88
-3.1022	0.55097	9.221
-3.1022	0.5871	7.8539
-3.1022	0.62323	4.6738
-3.1022	0.65936	1.6547
-3.1022	0.69549	0.17837
-3.1022	0.73162	0.12307
-3.1022	0.76774	0.45547
-3.1022	0.80387	0.44379
-3.1022	0.84	0.16161
-3.1022	0.91226	0.089958
-3.1022	0.94839	0.18357
-3.1022	0.98452	0.13241
-3.1022	1.0207	0.027335
-3.1022	1.0929	0.069052
-3.1022	1.129	0.088561
-3.1022	1.1651	0.041633
-3.1022	1.2374	0.019747
-3.1022	1.2735	0.050107
-3.1022	1.3096	0.0424
-3.1022	1.4181	0.019252
-3.1022	1.4542	0.028672
-3.1022	1.4903	0.015832
-3.0784	-0.89419	0.013937
-3.0784	-0.85806	0.043356
-3.0784	-0.82193	0.078075
-3.0784	-0.7858	0.096106
-3.0784	-0.74968	0.084381
-3.0784	-0.71355	0.051678
-3.0784	-0.67742	0.019793
-3.0784	-0.027097	0.018074
-3.0784	0.081291	0.016572
-3.0784	0.11742	0.049818
-3.0784	0.15355	0.053904
-3.0784	0.18968	0.016469
-3.0784	0.26194	0.10973
-3.0784	0.29807	0.22483
-3.0784	0.3342	0.17694
-3.0784	0.37032	0.022146
-3.0784	0.40645	0.27478
-3.0784	0.44258	1.5638
-3.0784	0.47871	3.8701
-3.0784	0.51484	6.155
-3.0784	0.55097	6.9937
-3.0784	0.5871	5.7775
-3.0784	0.62323	3.3008
-3.0784	0.65936	1.083
-3.0784	0.69549	0.090293
-3.0784	0.73162	0.12884
-3.0784	0.76774	0.38143
-3.0784	0.80387	0.33662
-3.0784	0.84	0.10689
-3.0784	0.91226	0.087945
-3.0784	0.94839	0.15687
-3.0784	0.98452	0.10267
-3.0784	1.0207	0.017006
-3.0784	1.0568	0.014451
-3.0784	1.0929	0.067925
-3.0784	1.129	0.07925
-3.0784	1.1651	0.033315
-3.0784	1.2374	0.023664
-3.0784	1.2735	0.052878
-3.0784	1.3096	0.041627
-3.0784	1.4181	0.026233
-3.0784	1.4542	0.036735
-3.0784	1.4903	0.019212
-3.0784	1.5987	0.025999
-3.0784	1.6349	0.025216
-3.0784	1.7432	0.018564
-3.0784	1.7793	0.041542
-3.0784	1.8155	0.047105
-3.0784	1.8516	0.032956
-3.0784	1.8878	0.0144
-3.0547	-0.89419	0.028614
-3.0547	-0.85806	0.087827
-3.0547	-0.82193	0.16168
-3.0547	-0.7858	0.20633
-3.0547	-0.74968	0.18921
-3.0547	-0.71355	0.12128
-3.0547	-0.67742	0.048018
-3.0547	0.081291	0.01334
-3.0547	0.11742	0.035745
-3.0547	0.15355	0.035539
-3.0547	0.2258	0.013342
-3.0547	0.26194	0.094785
-3.0547	0.29807	0.17627
-3.0547	0.3342	0.12316
-3.0547	0.37032	0.01336
-3.0547	0.40645	0.29086
-3.0547	0.44258	1.4485
-3.0547	0.47871	3.401
-3.0547	0.51484	5.2318
-3.0547	0.55097	5.7782
-3.0547	0.5871	4.6279
-3.0547	0.62323	2.532
-3.0547	0.65936	0.76268
-3.0547	0.69549	0.04751
-3.0547	0.73162	0.14047
-3.0547	0.76774	0.34262
-3.0547	0.80387	0.2736
-3.0547	0.84	0.074247
-3.0547	0.91226	0.090161
-3.0547	0.94839	0.14155
-3.0547	0.98452	0.083265
-3.0547	1.0568	0.018339
-3.0547	1.0929	0.068541
-3.0547	1.129	0.072305
-3.0547	1.1651	0.026547
-3.0547	1.2374	0.027655
-3.0547	1.2735	0.054321
-3.0547	1.3096	0.038995
-3.0547	1.4181	0.031906
-3.0547	1.4542	0.040978
-3.0547	1.4903	0.019415
-3.0547	1.5626	0.014029
-3.0547	1.5987	0.036866
-3.0547	1.6349	0.034138
-3.0547	1.7432	0.041357
-3.0547	1.7793	0.096363
-3.0547	1.8155	0.12416
-3.0547	1.8516	0.10674
-3.0547	1.8878	0.063951
-3.0547	1.9239	0.025925
-3.0308	-0.89419	0.035489
-3.0308	-0.85806	0.11085
-3.0308	-0.82193	0.21325
-3.0308	-0.7858	0.28649
-3.0308	-0.74968	0.2765
-3.0308	-0.71355	0.18512
-3.0308	-0.67742	0.074555
-3.0308	-0.56903	0.018535
-3.0308	-0.5329	0.019862
-3.0308	0.11742	0.023547
-3.0308	0.15355	0.022057
-3.0308	0.2258	0.014229
-3.0308	0.26194	0.082438
-3.0308	0.29807	0.14149
-3.0308	0.3342	0.087607
-3.0308	0.40645	0.31927
-3.0308	0.44258	1.426
-3.0308	0.47871	3.2055
-3.0308	0.51484	4.7955
-3.0308	0.55097	5.1666
-3.0308	0.5871	4.0199
-3.0308	0.62323	2.1051
-3.0308	0.65936	0.57699
-3.0308	0.69549	0.027485
-3.0308	0.73162	0.16159
-3.0308	0.76774	0.33291
-3.0308	0.80387	0.24049
-3.0308	0.84	0.054508
-3.0308	0.87613	0.013376
-3.0308	0.91226	0.098985
-3.0308	0.94839	0.13779
-3.0308	0.98452	0.072265
-3.0308	1.0568	0.024123
-3.0308	1.0929	0.073726
-3.0308	1.129	0.07018
-3.0308	1.1651	0.022038
-3.0308	1.2374	0.033641
-3.0308	1.2735	0.058362
-3.0308	1.3096	0.037786
-3.0308	1.4181	0.039125
-3.0308	1.4542	0.045711
-3.0308	1.4903	0.019121
-3.0308	1.5626	0.020946
-3.0308	1.5987	0.048659
-3.0308	1.6349	0.041753
-3.0308	1.7432	0.072222
-3.0308	1.7793	0.1637
-3.0308	1.8155	0.2157
-3.0308	1.8516	0.19489
-3.0308	1.8878	0.12568
-3.0308	1.9239	0.056274
-3.0308	1.96	0.015447
-3.0069	-0.89419	0.020575
-3.0069	-0.85806	0.066205
-3.0069	-0.82193	0.13436
-3.0069	-0.7858	0.19169
-3.0069	-0.74968	0.19631
-3.0069	-0.71355	0.13822
-3.0069	-0.67742	0.056776
-3.0069	-0.56903	0.024112
-3.0069	-0.5329	0.025688
-3.0069	0.26194	0.064398
-3.0069	0.29807	0.10575
-3.0069	0.3342	0.058688
-3.0069	0.37032	0.015178
-3.0069	0.40645	0.3462
-3.0069	0.44258	1.4297
-3.0069	0.47871	3.1278
-3.0069	0.51484	4.6054
-3.0069	0.55097	4.8845
-3.0069	0.5871	3.7163
-3.0069	0.62323	1.8685
-3.0069	0.65936	0.46225
-3.0069	0.69549	0.020674
-3.0069	0.73162	0.19647
-3.0069	0.76774	0.34926
-3.0069	0.80387	0.22827
-3.0069	0.84	0.042019
-3.0069	0.87613	0.021355
-3.0069	0.91226	0.11724
-3.0069	0.94839	0.1456
-3.0069	0.98452	0.067487
-3.0069	1.0568	0.033479
-3.0069	1.0929	0.085648
-3.0069	1.129	0.073431
-3.0069	1.1651	0.019251
-3.0069	1.2374	0.043534
-3.0069	1.2735	0.067037
-3.0069	1.3096	0.038764
-3.0069	1.382	0.014803
-3.0069	1.4181	0.05026
-3.0069	1.4542	0.053205
-3.0069	1.4903	0.019215
-3.0069	1.5626	0.031473
-3.0069	1.5987	0.064811
-3.0069	1.6349	0.05074
-3.0069	1.7071	0.018518
-3.0069	1.7432	0.11866
-3.0069	1.7793	0.25663
-3.0069	1.8155	0.33491
-3.0069	1.8516	0.3044
-3.0069	1.8878	0.19914
-3.0069	1.9239	0.090694
-3.0069	1.96	0.025006
-2.9832	-0.85806	0.022523
-2.9832	-0.82193	0.048054
-2.9832	-0.7858	0.072061
-2.9832	-0.74968	0.077101
-2.9832	-0.71355	0.055952
-2.9832	-0.67742	0.022801
-2.9832	-0.56903	0.015304
-2.9832	-0.5329	0.015851
-2.9832	0.26194	0.030513
-2.9832	0.29807	0.053092
-2.9832	0.3342	0.028063
-2.9832	0.37032	0.016481
-2.9832	0.40645	0.30564
-2.9832	0.44258	1.236
-2.9832	0.47871	2.742
-2.9832	0.51484	4.1077
-2.9832	0.55097	4.4081
-2.9832	0.5871	3.3537
-2.9832	0.62323	1.6456
-2.9832	0.65936	0.36759
-2.9832	0.69549	0.02359
-2.9832	0.73162	0.24376
-2.9832	0.76774	0.38322
-2.9832	0.80387	0.22775
-2.9832	0.84	0.033033
-2.9832	0.87613	0.035093
-2.9832	0.91226	0.14869
-2.9832	0.94839	0.16606
-2.9832	0.98452	0.067453
-2.9832	1.0568	0.049512
-2.9832	1.0929	0.10817
-2.9832	1.129	0.083409
-2.9832	1.1651	0.017737
-2.9832	1.2374	0.060826
-2.9832	1.2735	0.083504
-2.9832	1.3096	0.04268
-2.9832	1.382	0.024356
-2.9832	1.4181	0.06914
-2.9832	1.4542	0.066101
-2.9832	1.4903	0.020112
-2.9832	1.5626	0.049305
-2.9832	1.5987	0.090363
-2.9832	1.6349	0.063779
-2.9832	1.7071	0.036893
-2.9832	1.7432	0.19668
-2.9832	1.7793	0.40326
-2.9832	1.8155	0.51422
-2.9832	1.8516	0.46177
-2.9832	1.8878	0.2995
-2.9832	1.9239	0.13465
-2.9832	1.96	0.035761
-2.9594	-0.7858	0.018807
-2.9594	-0.74968	0.021627
-2.9594	-0.71355	0.016412
-2.9594	0.40645	0.12799
-2.9594	0.44258	0.56857
-2.9594	0.47871	1.3987
-2.9594	0.51484	2.2975
-2.9594	0.55097	2.6612
-2.9594	0.5871	2.1419
-2.9594	0.62323	1.0755
-2.9594	0.65936	0.22252
-2.9594	0.69549	0.029306
-2.9594	0.73162	0.25232
-2.9594	0.76774	0.36706
-2.9594	0.80387	0.20352
-2.9594	0.84	0.022919
-2.9594	0.87613	0.052789
-2.9594	0.91226	0.1829
-2.9594	0.94839	0.18771
-2.9594	0.98452	0.066934
-2.9594	1.0568	0.074825
-2.9594	1.0929	0.14317
-2.9594	1.129	0.099852
-2.9594	1.1651	0.016741
-2.9594	1.2013	0.01922
-2.9594	1.2374	0.091126
-2.9594	1.2735	0.11238
-2.9594	1.3096	0.050331
-2.9594	1.382	0.042581
-2.9594	1.4181	0.10312
-2.9594	1.4542	0.08887
-2.9594	1.4903	0.022156
-2.9594	1.5626	0.082582
-2.9594	1.5987	0.13525
-2.9594	1.6349	0.085115
-2.9594	1.7071	0.075461
-2.9594	1.7432	0.34264
-2.9594	1.7793	0.66463
-2.9594	1.8155	0.82227
-2.9594	1.8516	0.72256
-2.9594	1.8878	0.45901
-2.9594	1.9239	0.20055
-2.9594	1.96	0.050129
-2.9356	0.44258	0.066542
-2.9356	0.47871	0.22441
-2.9356	0.51484	0.46689
-2.9356	0.55097	0.64676
-2.9356	0.5871	0.59482
-2.9356	0.62323	0.32405
-2.9356	0.65936	0.063677
-2.9356	0.69549	0.02033
-2.9356	0.73162	0.14093
-2.9356	0.76774	0.20013
-2.9356	0.80387	0.10746
-2.9356	0.87613	0.050327
-2.9356	0.91226	0.1535
-2.9356	0.94839	0.15125
-2.9356	0.98452	0.048401
-2.9356	1.0568	0.090045
-2.9356	1.0929	0.15827
-2.9356	1.129	0.10278
-2.9356	1.1651	0.013474
-2.9356	1.2013	0.032889
-2.9356	1.2374	0.12803
-2.9356	1.2735	0.14555
-2.9356	1.3096	0.057472
-2.9356	1.382	0.074416
-2.9356	1.4181	0.15826
-2.9356	1.4542	0.12399
-2.9356	1.4903	0.024722
-2.9356	1.5265	0.025141
-2.9356	1.5626	0.14631
-2.9356	1.5987	0.21617
-2.9356	1.6349	0.12046
-2.9356	1.7071	0.16173
-2.9356	1.7432	0.63976
-2.9356	1.7793	1.1766
-2.9356	1.8155	1.4093
-2.9356	1.8516	1.2066
-2.9356	1.8878	0.74602
-2.9356	1.9239	0.31389
-2.9356	1.96	0.072623
-2.9117	0.40645	0.015277
-2.9117	0.44258	0.020172
-2.9117	0.47871	0.014774
-2.9117	0.51484	0.01691
-2.9117	0.55097	0.036107
-2.9117	0.5871	0.050359
-2.9117	0.62323	0.035162
-2.9117	0.73162	0.03659
-2.9117	0.76774	0.051932
-2.9117	0.80387	0.026984
-2.9117	0.87613	0.02368
-2.9117	0.91226	0.065464
-2.9117	0.94839	0.062546
-2.9117	0.98452	0.017708
-2.9117	1.0568	0.05884
-2.9117	1.0929	0.098217
-2.9117	1.129	0.060712
-2.9117	1.2013	0.033588
-2.9117	1.2374	0.11487
-2.9117	1.2735	0.12526
-2.9117	1.3096	0.044545
-2.9117	1.382	0.095894
-2.9117	1.4181	0.18849
-2.9117	1.4542	0.13878
-2.9117	1.4903	0.022067
-2.9117	1.5265	0.048055
-2.9117	1.5626	0.22927
-2.9117	1.5987	0.31546
-2.9117	1.6349	0.15769
-2.9117	1.6709	0.016183
-2.9117	1.7071	0.33253
-2.9117	1.7432	1.1875
-2.9117	1.7793	2.1078
-2.9117	1.8155	2.4752
-2.9117	1.8516	2.0835
-2.9117	1.8878	1.2612
-2.9117	1.9239	0.512
-2.9117	1.96	0.10882
-2.9117	2.0323	0.016573
-2.9117	2.0684	0.026088
-2.9117	2.1045	0.014126
-2.8878	0.26194	0.015705
-2.8878	0.40645	0.048869
-2.8878	0.44258	0.093792
-2.8878	0.47871	0.1083
-2.8878	0.51484	0.082101
-2.8878	0.55097	0.040153
-2.8878	0.91226	0.017355
-2.8878	0.94839	0.015912
-2.8878	1.0568	0.02311
-2.8878	1.0929	0.036047
-2.8878	1.129	0.02056
-2.8878	1.2013	0.018862
-2.8878	1.2374	0.057113
-2.8878	1.2735	0.059065
-2.8878	1.3096	0.018334
-2.8878	1.382	0.067128
-2.8878	1.4181	0.12409
-2.8878	1.4542	0.086554
-2.8878	1.5265	0.051669
-2.8878	1.5626	0.21477
-2.8878	1.5987	0.28446
-2.8878	1.6349	0.1299
-2.8878	1.6709	0.024079
-2.8878	1.7071	0.46273
-2.8878	1.7432	1.5735
-2.8878	1.7793	2.8085
-2.8878	1.8155	3.3581
-2.8878	1.8516	2.8798
-2.8878	1.8878	1.7636
-2.8878	1.9239	0.71093
-2.8878	1.96	0.1412
-2.8878	2.0323	0.034342
-2.8878	2.0684	0.047866
-2.8878	2.1045	0.024079
-2.8641	-0.85806	0.014089
-2.8641	-0.82193	0.017614
-2.8641	-0.7858	0.015817
-2.8641	0.26194	0.015716
-2.8641	0.37032	0.017017
-2.8641	0.40645	0.077625
-2.8641	0.44258	0.1601
-2.8641	0.47871	0.21079
-2.8641	0.51484	0.19424
-2.8641	0.55097	0.1263
-2.8641	0.5871	0.054625
-2.8641	1.2374	0.02191
-2.8641	1.2735	0.020961
-2.8641	1.382	0.032599
-2.8641	1.4181	0.055264
-2.8641	1.4542	0.035073
-2.8641	1.5265	0.033501
-2.8641	1.5626	0.12095
-2.8641	1.5987	0.15046
-2.8641	1.6349	0.060146
-2.8641	1.6709	0.023522
-2.8641	1.7071	0.35724
-2.8641	1.7432	1.162
-2.8641	1.7793	2.0876
-2.8641	1.8155	2.5532
-2.8641	1.8516	2.2511
-2.8641	1.8878	1.4137
-2.8641	1.9239	0.57505
-2.8641	1.96	0.10776
-2.8641	2.0323	0.043997
-2.8641	2.0684	0.057004
-2.8641	2.1045	0.027514
-2.8403	-0.85806	0.023441
-2.8403	-0.82193	0.029616
-2.8403	-0.7858	0.027049
-2.8403	-0.74968	0.017338
-2.8403	0.26194	0.013739
-2.8403	0.37032	0.022648
-2.8403	0.40645	0.096289
-2.8403	0.44258	0.20065
-2.8403	0.47871	0.27464
-2.8403	0.51484	0.26798
-2.8403	0.55097	0.1874
-2.8403	0.5871	0.088199
-2.8403	0.62323	0.022522
-2.8403	1.382	0.014531
-2.8403	1.4181	0.022568
-2.8403	1.5265	0.018795
-2.8403	1.5626	0.058945
-2.8403	1.5987	0.067222
-2.8403	1.6349	0.022286
-2.8403	1.6709	0.018474
-2.8403	1.7071	0.2132
-2.8403	1.7432	0.64765
-2.8403	1.7793	1.1337
-2.8403	1.8155	1.3696
-2.8403	1.8516	1.1977
-2.8403	1.8878	0.74367
-2.8403	1.9239	0.29395
-2.8403	1.96	0.049387
-2.8403	2.0323	0.032356
-2.8403	2.0684	0.038583
-2.8403	2.1045	0.017505
-2.8165	-0.89419	0.020749
-2.8165	-0.85806	0.037358
-2.8165	-0.82193	0.047394
-2.8165	-0.7858	0.043478
-2.8165	-0.74968	0.027791
-2.8165	0.37032	0.026399
-2.8165	0.40645	0.10478
-2.8165	0.44258	0.21722
-2.8165	0.47871	0.30154
-2.8165	0.51484	0.30081
-2.8165	0.55097	0.21547
-2.8165	0.5871	0.10307
-2.8165	0.62323	0.025586
-2.8165	1.5626	0.028376
-2.8165	1.5987	0.029696
-2.8165	1.6709	0.013803
-2.8165	1.7071	0.1251
-2.8165	1.7432	0.35551
-2.8165	1.7793	0.60212
-2.8165	1.8155	0.71031
-2.8165	1.8516	0.60687
-2.8165	1.8878	0.36556
-2.8165	1.9239	0.13688
-2.8165	1.96	0.019653
-2.8165	2.0323	0.019857
-2.8165	2.0684	0.021285
-2.7927	-0.89419	0.024091
-2.7927	-0.85806	0.045353
-2.7927	-0.82193	0.060245
-2.7927	-0.7858	0.057505
-2.7927	-0.74968	0.037679
-2.7927	-0.71355	0.014286
-2.7927	0.37032	0.027447
-2.7927	0.40645	0.10308
-2.7927	0.44258	0.21282
-2.7927	0.47871	0.2983
-2.7927	0.51484	0.30141
-2.7927	0.55097	0.21792
-2.7927	0.5871	0.10364
-2.7927	0.62323	0.02411
-2.7927	0.73162	0.014616
-2.7927	1.7071	0.073343
-2.7927	1.7432	0.19791
-2.7927	1.7793	0.327
-2.7927	1.8155	0.3787
-2.7927	1.8516	0.31706
-2.7927	1.8878	0.18534
-2.7927	1.9239	0.065421
-2.7688	-0.89419	0.013639
-2.7688	-0.85806	0.027257
-2.7688	-0.82193	0.038768
-2.7688	-0.7858	0.039636
-2.7688	-0.74968	0.027548
-2.7688	0.37032	0.024496
-2.7688	0.40645	0.089493
-2.7688	0.44258	0.18708
-2.7688	0.47871	0.26752
-2.7688	0.51484	0.27526
-2.7688	0.55097	0.20099
-2.7688	0.5871	0.094558
-2.7688	0.62323	0.020209
-2.7688	0.73162	0.018262
-2.7688	1.7071	0.040492
-2.7688	1.7432	0.1062
-2.7688	1.7793	0.17394
-2.7688	1.8155	0.20026
-2.7688	1.8516	0.16591
-2.7688	1.8878	0.094758
-2.7688	1.9239	0.031553
-2.745	-0.82193	0.014613
-2.745	-0.7858	0.015325
-2.745	0.37032	0.01588
-2.745	0.40645	0.060147
-2.745	0.44258	0.13414
-2.745	0.47871	0.20368
-2.745	0.51484	0.2198
-2.745	0.55097	0.16546
-2.745	0.5871	0.077915
-2.745	0.62323	0.015201
-2.745	0.69549	0.015136
-2.745	0.73162	0.020688
-2.745	1.7071	0.018648
-2.745	1.7432	0.049707
-2.745	1.7793	0.083375
-2.745	1.8155	0.097814
-2.745	1.8516	0.081744
-2.745	1.8878	0.046256
-2.745	1.9239	0.014604
-2.7211	0.40645	0.022803
-2.7211	0.44258	0.056398
-2.7211	0.47871	0.10047
-2.7211	0.51484	0.125
-2.7211	0.55097	0.10466
-2.7211	0.5871	0.052194
-2.7211	0.69549	0.016337
-2.7211	0.73162	0.021116
-2.7211	1.7432	0.015839
-2.7211	1.7793	0.029898
-2.7211	1.8155	0.038208
-2.7211	1.8516	0.033799
-2.7211	1.8878	0.019607
-2.6973	0.2258	0.014078
-2.6973	0.37032	0.028993
-2.6973	0.40645	0.051053
-2.6973	0.44258	0.055086
-2.6973	0.47871	0.046863
-2.6973	0.51484	0.040195
-2.6973	0.55097	0.033797
-2.6973	0.5871	0.019491
-2.6973	0.73162	0.01633
-2.6736	0.2258	0.01451
-2.6736	0.37032	0.062154
-2.6736	0.40645	0.12902
-2.6736	0.44258	0.16616
-2.6736	0.47871	0.14694
-2.6736	0.51484	0.09095
-2.6736	0.55097	0.038567
-2.6498	0.3342	0.015212
-2.6498	0.37032	0.070008
-2.6498	0.40645	0.1503
-2.6498	0.44258	0.20878
-2.6498	0.47871	0.20527
-2.6498	0.51484	0.14422
-2.6498	0.55097	0.068553
-2.6498	0.5871	0.018367
-2.6498	1.382	0.01735
-2.6498	1.5265	0.019091
-2.6498	1.5626	0.017663
-2.6498	1.6709	0.023072
-2.6498	1.7071	0.052948
-2.6498	1.7432	0.06735
-2.6498	1.7793	0.056964
-2.6498	1.8155	0.033379
-2.6258	0.3342	0.015522
-2.6258	0.37032	0.065382
-2.6258	0.40645	0.13854
-2.6258	0.44258	0.19484
-2.6258	0.47871	0.19667
-2.6258	0.51484	0.143
-2.6258	0.55097	0.0702
-2.6258	0.5871	0.018618
-2.6258	1.382	0.017504
-2.6258	1.4903	0.013711
-2.6258	1.5265	0.033885
-2.6258	1.5626	0.03105
-2.6258	1.6709	0.06801
-2.6258	1.7071	0.15843
-2.6258	1.7432	0.21421
-2.6258	1.7793	0.19774
-2.6258	1.8155	0.12986
-2.6258	1.8516	0.059261
-2.6258	1.8878	0.016805
-2.6021	0.3342	0.014469
-2.6021	0.37032	0.056052
-2.6021	0.40645	0.11598
-2.6021	0.44258	0.16227
-2.6021	0.47871	0.16412
-2.6021	0.51484	0.11964
-2.6021	0.55097	0.058274
-2.6021	0.5871	0.014571
-2.6021	1.5265	0.025497
-2.6021	1.5626	0.023908
-2.6021	1.6349	0.013906
-2.6021	1.6709	0.10041
-2.6021	1.7071	0.24818
-2.6021	1.7432	0.36701
-2.6021	1.7793	0.37364
-2.6021	1.8155	0.27082
-2.6021	1.8516	0.13569
-2.6021	1.8878	0.041384
-2.5783	0.37032	0.044393
-2.5783	0.40645	0.089766
-2.5783	0.44258	0.1245
-2.5783	0.47871	0.12532
-2.5783	0.51484	0.090647
-2.5783	0.55097	0.043149
-2.5783	1.6709	0.060778
-2.5783	1.7071	0.15652
-2.5783	1.7432	0.24997
-2.5783	1.7793	0.27924
-2.5783	1.8155	0.2237
-2.5783	1.8516	0.12367
-2.5783	1.8878	0.04069
-2.5545	-0.85806	0.014364
-2.5545	0.37032	0.031691
-2.5545	0.40645	0.063119
-2.5545	0.44258	0.087145
-2.5545	0.47871	0.087427
-2.5545	0.51484	0.06266
-2.5545	0.55097	0.028989
-2.5545	1.6709	0.023913
-2.5545	1.7071	0.061273
-2.5545	1.7432	0.099889
-2.5545	1.7793	0.11502
-2.5545	1.8155	0.095305
-2.5545	1.8516	0.054292
-2.5545	1.8878	0.017946
-2.5307	0.37032	0.019243
-2.5307	0.40645	0.038482
-2.5307	0.44258	0.05364
-2.5307	0.47871	0.054178
-2.5307	0.51484	0.038725
-2.5307	0.55097	0.017439
-2.5307	1.7071	0.019328
-2.5307	1.7432	0.032494
-2.5307	1.7793	0.038506
-2.5307	1.8155	0.032579
-2.5307	1.8516	0.018661
-2.5069	-0.89419	0.013382
-2.5069	0.40645	0.018199
-2.5069	0.44258	0.026603
-2.5069	0.47871	0.027841
-2.5069	0.51484	0.020269
-2.483	-0.93032	0.018035
-2.483	-0.89419	0.023738
-2.483	-0.85806	0.022139
-2.483	-0.82193	0.014434
-2.4592	-0.93032	0.019446
-2.4592	-0.89419	0.02636
-2.4592	-0.85806	0.025785
-2.4592	-0.82193	0.017797
-2.4353	-0.93032	0.018267
-2.4353	-0.89419	0.024626
-2.4353	-0.85806	0.024119
-2.4353	-0.82193	0.016681
-2.4116	-0.93032	0.01583
-2.4116	-0.89419	0.021043
-2.4116	-0.85806	0.020372
-2.4116	-0.82193	0.013861
-2.4116	0.3342	0.025497
-2.4116	0.37032	0.042059
-2.4116	0.40645	0.045899
-2.4116	0.44258	0.035584
-2.4116	0.47871	0.01954
-2.3878	-0.89419	0.016699
-2.3878	-0.85806	0.015912
-2.3878	0.29807	0.021827
-2.3878	0.3342	0.066626
-2.3878	0.37032	0.10985
-2.3878	0.40645	0.12234
-2.3878	0.44258	0.098103
-2.3878	0.47871	0.056356
-2.3878	0.51484	0.021407
-2.3639	0.29807	0.035971
-2.3639	0.3342	0.11801
-2.3639	0.37032	0.21267
-2.3639	0.40645	0.25488
-2.3639	0.44258	0.21557
-2.3639	0.47871	0.12808
-2.3639	0.51484	0.049128
-2.34	0.29807	0.016657
-2.34	0.3342	0.064889
-2.34	0.37032	0.14638
-2.34	0.40645	0.22105
-2.34	0.44258	0.2319
-2.34	0.47871	0.1655
-2.34	0.51484	0.072453
-2.34	0.55097	0.013355
-2.3163	0.3342	0.01337
-2.3163	0.37032	0.031857
-2.3163	0.40645	0.054837
-2.3163	0.44258	0.068622
-2.3163	0.47871	0.059904
-2.3163	0.51484	0.032066
-2.2687	0.37032	0.016577
-2.2687	0.40645	0.014942
-2.2449	0.3342	0.020611
-2.2449	0.37032	0.027053
-2.2449	0.40645	0.02524
-2.2449	0.44258	0.016944
-2.221	0.3342	0.026237
-2.221	0.37032	0.034789
-2.221	0.40645	0.033156
-2.221	0.44258	0.022829
-2.1972	0.29807	0.014651
-2.1972	0.3342	0.028661
-2.1972	0.37032	0.037886
-2.1972	0.40645	0.036265
-2.1972	0.44258	0.025102
-2.1972	1.6709	0.014837
-2.1734	0.29807	0.014568
-2.1734	0.3342	0.027809
-2.1734	0.37032	0.036421
-2.1734	0.40645	0.034715
-2.1734	0.44258	0.023887
-2.1734	1.6709	0.019024
-2.1734	1.7071	0.020169
-2.1734	1.7432	0.014834
-2.1496	0.3342	0.024335
-2.1496	0.37032	0.0315
-2.1496	0.40645	0.029772
-2.1496	0.44258	0.02024
-2.1258	0.3342	0.019299
-2.1258	0.37032	0.02468
-2.1258	0.40645	0.023085
-2.1258	0.44258	0.01545
-2.1019	0.3342	0.013842
-2.1019	0.37032	0.017503
-2.1019	0.40645	0.016192
-1.2682	0.18968	0.025185
-1.2682	0.2258	0.049603
-1.2682	0.26194	0.072016
-1.2682	0.29807	0.070413
-1.2682	0.3342	0.037463
-1.2445	0.11742	0.051386
-1.2445	0.15355	0.094345
-1.2445	0.18968	0.18814
-1.2445	0.2258	0.20163
-1.2445	0.26194	0.10508
-1.2445	0.29807	0.041467
-1.2206	0.15355	0.013477
-1.2206	0.18968	0.014582
-1.0777	1.4903	0.02366
-1.0777	1.5265	0.016192
0.63712	-0.89419	0.026985
0.66094	-0.85806	0.023881
0.68476	-0.85806	0.020993
0.70857	-0.82193	0.020208
0.7324	-0.82193	0.057398
0.75621	-0.82193	0.023901
0.75621	-0.7858	0.080635
0.78002	-0.7858	0.07156
0.85148	-0.71355	0.099781
0.8753	-0.71355	0.019554
0.8753	-0.67742	0.10511
0.89912	-0.67742	0.1333
0.89912	-0.64129	0.07819
0.92294	-0.64129	0.035138
0.94676	-0.60516	0.015677
0.94676	-0.20774	0.018755
0.94676	-0.17162	0.021593
0.94676	-0.13549	0.018335
0.97056	-0.56903	0.14308
0.97056	-0.24387	0.017368
0.97056	-0.20774	0.027232
0.97056	-0.17162	0.030589
0.97056	-0.13549	0.025487
0.97056	-0.099357	0.015353
0.99436	-0.5329	0.1233
0.99436	-0.24387	0.02461
0.99436	-0.20774	0.036841
0.99436	-0.17162	0.040099
0.99436	-0.13549	0.032546
0.99436	-0.099357	0.01904
1.0182	-0.28	0.015799
1.0182	-0.24387	0.033435
1.0182	-0.20774	0.047399
1.0182	-0.17162	0.049601
1.0182	-0.13549	0.038924
1.0182	-0.099357	0.021939
1.0421	-0.46064	0.10589
1.0421	-0.42451	0.037909
1.0421	-0.28	0.02345
1.0421	-0.24387	0.044674
1.0421	-0.20774	0.059203
1.0421	-0.17162	0.058939
1.0421	-0.13549	0.04431
1.0421	-0.099357	0.023847
1.0659	-0.42451	0.15394
1.0659	-0.38838	0.054488
1.0659	-0.28	0.036855
1.0659	-0.24387	0.060967
1.0659	-0.20774	0.073762
1.0659	-0.17162	0.068699
1.0659	-0.13549	0.048841
1.0659	-0.099357	0.024807
1.0897	-0.38838	0.051273
1.0897	-0.35226	0.016818
1.0897	-0.31613	0.042825
1.0897	-0.28	0.070734
1.0897	-0.24387	0.09166
1.0897	-0.20774	0.096055
1.0897	-0.17162	0.081102
1.0897	-0.13549	0.053367
1.0897	-0.099357	0.025147
1.1134	-0.35226	0.022002
1.1134	-0.31613	0.55306
1.1134	-0.28	0.33939
1.1134	-0.24387	0.19151
1.1134	-0.20774	0.14631
1.1134	-0.17162	0.10354
1.1134	-0.13549	0.060331
1.1134	-0.099357	0.025597
1.1134	1.0929	0.014712
1.1134	1.129	0.017085
1.1134	1.1651	0.01492
1.1373	-0.31613	0.04413
1.1373	-0.28	1.046
1.1373	-0.24387	1.7827
1.1373	-0.20774	0.4229
1.1373	-0.17162	0.17463
1.1373	-0.13549	0.078631
1.1373	-0.099357	0.027995
1.1373	1.0568	0.03355
1.1373	1.0929	0.060055
1.1373	1.129	0.082042
1.1373	1.1651	0.091061
1.1373	1.2013	0.085121
1.1373	1.2374	0.062568
1.1612	-0.28	0.03289
1.1612	-0.24387	0.40983
1.1612	-0.20774	2.0938
1.1612	-0.17162	1.4243
1.1612	-0.13549	0.19048
1.1612	-0.099357	0.041305
1.1612	1.0207	0.052107
1.1612	1.0568	0.16283
1.1612	1.0929	0.38973
1.1612	1.129	0.86902
1.1612	1.1651	1.3272
1.1612	1.2013	0.60851
1.1612	1.2374	0.11969
1.185	-0.24387	0.017262
1.185	-0.20774	0.065219
1.185	-0.17162	0.39207
1.185	-0.13549	0.8325
1.185	-0.099357	0.30493
1.185	-0.063226	0.016562
1.185	0.98452	0.066131
1.185	1.0207	0.55833
1.185	1.0568	2.2217
1.185	1.0929	2.7727
1.185	1.129	2.1178
1.185	1.1651	0.54491
1.185	1.2013	0.10866
1.185	1.2374	0.015472
1.2087	-0.17162	0.016623
1.2087	-0.13549	0.02532
1.2087	-0.099357	0.040619
1.2087	-0.063226	0.042227
1.2087	-0.027097	0.025864
1.2087	0.0090325	0.039295
1.2087	0.045162	0.01564
1.2087	0.84	0.020385
1.2087	0.87613	0.054161
1.2087	0.91226	0.049242
1.2087	0.94839	0.02489
1.2087	0.98452	0.41206
1.2087	1.0207	1.0355
1.2087	1.0568	0.78203
1.2087	1.0929	0.45794
1.2087	1.129	0.23433
1.2087	1.1651	0.098096
1.2087	1.2013	0.030245
1.2326	0.0090325	0.017248
1.2326	0.045162	0.051708
1.2326	0.081291	0.019784
1.2326	0.15355	0.014852
1.2326	0.73162	0.019819
1.2326	0.80387	0.022247
1.2326	0.84	0.10781
1.2326	0.87613	0.14338
1.2326	0.91226	0.030008
1.2326	0.98452	0.053949
1.2326	1.0207	0.10797
1.2326	1.0568	0.13081
1.2326	1.0929	0.11504
1.2326	1.129	0.076826
1.2326	1.1651	0.038413
1.2563	0.18968	0.032306
1.2563	0.2258	0.032171
1.2563	0.26194	0.01529
1.2563	0.29807	0.024034
1.2563	0.3342	0.063413
1.2563	0.37032	0.103
1.2563	0.40645	0.10282
1.2563	0.44258	0.076797
1.2563	0.47871	0.069249
1.2563	0.51484	0.085834
1.2563	0.55097	0.084902
1.2563	0.5871	0.050181
1.2563	0.69549	0.029831
1.2563	0.73162	0.016842
1.2563	0.98452	0.015464
1.2563	1.0207	0.035339
1.2563	1.0568	0.048779
1.2563	1.0929	0.047813
1.2563	1.129	0.034812
1.2563	1.1651	0.018558
1.2802	1.0207	0.015739
1.2802	1.0568	0.022611
1.2802	1.0929	0.02313
1.2802	1.129	0.017483
2.0185	-0.35226	0.014457
2.2329	0.91226	0.018166
2.2329	0.94839	0.017509
2.2568	0.87613	0.026264
2.2568	0.91226	0.03622
2.2568	0.94839	0.035749
2.2568	0.98452	0.024812
2.2805	0.84	0.023059
2.2805	0.87613	0.044433
2.2805	0.91226	0.056279
2.2805	0.94839	0.049194
2.2805	0.98452	0.029107
2.3043	0.84	0.018065
2.3043	0.87613	0.029
2.3043	0.91226	0.030921
2.3043	0.94839	0.023181
2.3281	-0.42451	0.014543
2.3281	-0.38838	0.014792
2.3519	-0.42451	0.016308
2.3519	-0.38838	0.016612
2.3758	-0.42451	0.017485
2.3758	-0.38838	0.017963
2.3996	-0.42451	0.017346
2.3996	-0.38838	0.018265
2.3996	-0.35226	0.014125
2.4234	-0.38838	0.01447
2.5187	-0.49677	0.014531
2.5187	-0.46064	0.016353
2.5426	-0.49677	0.014079
2.5426	-0.46064	0.01631
2.5426	-0.42451	0.013996
2.5663	-0.46064	0.015054
2.6139	-1.7613	0.01626
2.6139	-1.7251	0.014265
2.6378	-1.7974	0.015705
2.6378	-1.7613	0.01662
2.7807	-0.5329	0.014356
2.7807	-0.49677	0.015627
2.9474	-0.5329	0.014302
2.9712	-0.56903	0.023139
2.9712	-0.5329	0.028399
2.9712	-0.49677	0.025121
2.9712	-0.46064	0.015767
2.995	-0.60516	0.02369
2.995	-0.56903	0.042055
2.995	-0.5329	0.051241
2.995	-0.49677	0.044816
2.995	-0.46064	0.027444
3.0188	-0.60516	0.029121
3.0188	-0.56903	0.049893
3.0188	-0.5329	0.058901
3.0188	-0.49677	0.049728
3.0188	-0.46064	0.029048
3.0427	-0.60516	0.018383
3.0427	-0.56903	0.030802
3.0427	-0.5329	0.035775
3.0427	-0.49677	0.029682
3.0427	-0.46064	0.016873
3.0665	-0.5329	0.015933
3.1856	-0.60516	0.019223
3.1856	-0.56903	0.023156
3.1856	-0.5329	0.020315
3.2094	-0.64129	0.016657
3.2094	-0.60516	0.028507
3.2094	-0.56903	0.03397
3.2094	-0.5329	0.029349
3.2094	-0.49677	0.017972
3.2332	-0.64129	0.014474
3.2332	-0.60516	0.024364
3.2332	-0.56903	0.028729
3.2332	-0.5329	0.024502
3.2332	-0.49677	0.014632
3.2571	-0.60516	0.014639
3.2571	-0.56903	0.017474
3.2571	-0.5329	0.015033
3.3999	-0.64129	0.014942
3.3999	-0.60516	0.016806
3.4238	-0.60516	0.015848
3.4476	-0.60516	0.013982
3.6143	-0.67742	0.019303
3.6143	-0.64129	0.022349
3.6143	-0.60516	0.018747
3.6381	-0.67742	0.020665
3.6381	-0.64129	0.024206
3.6381	-0.60516	0.020543
3.662	-0.67742	0.016736
3.662	-0.64129	0.019963
3.662	-0.60516	0.017213
3.6858	-0.64129	0.014553
3.8049	-0.67742	0.01431
3.8287	-0.71355	0.015429
3.8287	-0.67742	0.018117
3.8287	-0.64129	0.015306
3.8525	-0.71355	0.015052
3.8525	-0.67742	0.018078
3.8525	-0.64129	0.015595
3.8764	-0.67742	0.014133
4.0192	-2.0142	0.014737
4.1621	-0.82193	0.016757
4.1621	-0.7858	0.028129
4.1621	-0.74968	0.031372
4.1621	-0.71355	0.024851
4.186	-0.82193	0.029
4.186	-0.7858	0.049536
4.186	-0.74968	0.057379
4.186	-0.71355	0.047785
4.186	-0.67742	0.028347
4.2097	-0.82193	0.040858
4.2097	-0.7858	0.070043
4.2097	-0.74968	0.08258
4.2097	-0.71355	0.070363
4.2097	-0.67742	0.042633
4.2097	-0.64129	0.016618
4.2335	-0.85806	0.016614
4.2335	-0.82193	0.048063
4.2335	-0.7858	0.082433
4.2335	-0.74968	0.098241
4.2335	-0.71355	0.084764
4.2335	-0.67742	0.051708
4.2335	-0.64129	0.019838
4.2574	-0.85806	0.016671
4.2574	-0.82193	0.047133
4.2574	-0.7858	0.081215
4.2574	-0.74968	0.097924
4.2574	-0.71355	0.085397
4.2574	-0.67742	0.052193
4.2574	-0.64129	0.019509
4.2812	-0.82193	0.037361
4.2812	-0.7858	0.065555
4.2812	-0.74968	0.080701
4.2812	-0.71355	0.071541
4.2812	-0.67742	0.043904
4.2812	-0.64129	0.015922
4.305	-0.82193	0.021926
4.305	-0.7858	0.040553
4.305	-0.74968	0.052273
4.305	-0.71355	0.047978
4.305	-0.67742	0.02993
4.3289	-0.7858	0.015875
4.3289	-0.74968	0.02312
4.3289	-0.71355	0.023179
4.3289	-0.67742	0.015255
4.4003	-0.85806	0.016721
4.4003	-0.82193	0.025185
4.4003	-0.7858	0.025155
4.4003	-0.74968	0.017434
4.4242	-0.85806	0.030895
4.4242	-0.82193	0.049166
4.4242	-0.7858	0.053448
4.4242	-0.74968	0.04145
4.4242	-0.71355	0.022408
4.448	-2.0865	0.015084
4.448	-0.89419	0.015486
4.448	-0.85806	0.042233
4.448	-0.82193	0.068828
4.448	-0.7858	0.077805
4.448	-0.74968	0.063276
4.448	-0.71355	0.035987
4.4717	-2.0865	0.014791
4.4717	-0.89419	0.01675
4.4717	-0.85806	0.04521
4.4717	-0.82193	0.075021
4.4717	-0.7858	0.087125
4.4717	-0.74968	0.072913
4.4717	-0.71355	0.042443
4.4717	-0.67742	0.014868
4.4955	-0.85806	0.037532
4.4955	-0.82193	0.064073
4.4955	-0.7858	0.076801
4.4955	-0.74968	0.066119
4.4955	-0.71355	0.039172
4.5193	-0.85806	0.022118
4.5193	-0.82193	0.040325
4.5193	-0.7858	0.051227
4.5193	-0.74968	0.046205
4.5193	-0.71355	0.028173
4.5432	-0.82193	0.014961
4.5432	-0.7858	0.022118
4.5432	-0.74968	0.022294
4.5432	-0.71355	0.014635
4.6146	-2.1948	0.014067
4.6146	-2.1587	0.02039
4.6146	-2.1226	0.0208
4.6146	-2.0865	0.01504
4.6146	-0.89419	0.023343
4.6146	-0.85806	0.034923
4.6146	-0.82193	0.034671
4.6146	-0.7858	0.023814
4.6385	-2.1948	0.021001
4.6385	-2.1587	0.031315
4.6385	-2.1226	0.033188
4.6385	-2.0865	0.025044
4.6385	-0.93032	0.015359
4.6385	-0.89419	0.041867
4.6385	-0.85806	0.065978
4.6385	-0.82193	0.070976
4.6385	-0.7858	0.054242
4.6385	-0.74968	0.028595
4.6623	-2.1948	0.024754
4.6623	-2.1587	0.037693
4.6623	-2.1226	0.04096
4.6623	-2.0865	0.031625
4.6623	-2.0503	0.015982
4.6623	-0.93032	0.020533
4.6623	-0.89419	0.05545
4.6623	-0.85806	0.089676
4.6623	-0.82193	0.1004
4.6623	-0.7858	0.080469
4.6623	-0.74968	0.044613
4.6623	-0.71355	0.014803
4.6861	-2.1948	0.022865
4.6861	-2.1587	0.035861
4.6861	-2.1226	0.040093
4.6861	-2.0865	0.031622
4.6861	-2.0503	0.016016
4.6861	-0.93032	0.020918
4.6861	-0.89419	0.056501
4.6861	-0.85806	0.09368
4.6861	-0.82193	0.10828
4.6861	-0.7858	0.089602
4.6861	-0.74968	0.050951
4.6861	-0.71355	0.016895
4.71	-2.1948	0.015198
4.71	-2.1587	0.025429
4.71	-2.1226	0.02998
4.71	-2.0865	0.024555
4.71	-0.93032	0.015275
4.71	-0.89419	0.042679
4.71	-0.85806	0.074044
4.71	-0.82193	0.089411
4.71	-0.7858	0.076785
4.71	-0.74968	0.044693
4.71	-0.71355	0.014616
4.7337	-2.1226	0.014685
4.7337	-0.89419	0.020095
4.7337	-0.85806	0.039243
4.7337	-0.82193	0.052027
4.7337	-0.7858	0.04796
4.7337	-0.74968	0.02919
4.7576	-0.82193	0.015362
4.7576	-0.7858	0.017449
4.8053	-2.2671	0.016819
4.8053	-2.2309	0.034871
4.8053	-2.1948	0.045526
4.8053	-2.1587	0.041052
4.8053	-2.1226	0.025659
4.8053	-0.93032	0.031514
4.8053	-0.89419	0.044019
4.8053	-0.85806	0.040091
4.8053	-0.82193	0.024725
4.8291	-2.2671	0.0385
4.8291	-2.2309	0.080864
4.8291	-2.1948	0.11047
4.8291	-2.1587	0.10669
4.8291	-2.1226	0.07308
4.8291	-2.0865	0.033111
4.8291	-0.96645	0.027675
4.8291	-0.93032	0.073443
4.8291	-0.89419	0.11121
4.8291	-0.85806	0.1144
4.8291	-0.82193	0.083473
4.8291	-0.7858	0.042143
4.8528	-2.3033	0.017582
4.8528	-2.2671	0.071226
4.8528	-2.2309	0.14801
4.8528	-2.1948	0.20448
4.8528	-2.1587	0.20189
4.8528	-2.1226	0.14215
4.8528	-2.0865	0.066001
4.8528	-2.0503	0.015325
4.8528	-0.96645	0.046272
4.8528	-0.93032	0.12159
4.8528	-0.89419	0.18971
4.8528	-0.85806	0.20478
4.8528	-0.82193	0.15872
4.8528	-0.7858	0.085852
4.8528	-0.74968	0.028529
4.8766	-2.3033	0.030162
4.8766	-2.2671	0.11345
4.8766	-2.2309	0.2311
4.8766	-2.1948	0.31832
4.8766	-2.1587	0.31536
4.8766	-2.1226	0.22274
4.8766	-2.0865	0.10254
4.8766	-2.0503	0.022302
4.8766	-1.942	0.015133
4.8766	-0.96645	0.060532
4.8766	-0.93032	0.15693
4.8766	-0.89419	0.24896
4.8766	-0.85806	0.27612
4.8766	-0.82193	0.22063
4.8766	-0.7858	0.1226
4.8766	-0.74968	0.040965
4.9004	-2.3033	0.045736
4.9004	-2.2671	0.1606
4.9004	-2.2309	0.31945
4.9004	-2.1948	0.43566
4.9004	-2.1587	0.42908
4.9004	-2.1226	0.30037
4.9004	-2.0865	0.13481
4.9004	-2.0503	0.026556
4.9004	-1.9781	0.018847
4.9004	-1.942	0.026323
4.9004	-1.9058	0.014096
4.9004	-0.96645	0.061847
4.9004	-0.93032	0.16004
4.9004	-0.89419	0.25906
4.9004	-0.85806	0.2947
4.9004	-0.82193	0.24114
4.9004	-0.7858	0.13596
4.9004	-0.74968	0.044701
4.9004	0.44258	0.015037
4.9242	-2.3033	0.062336
4.9242	-2.2671	0.20556
4.9242	-2.2309	0.39873
4.9242	-2.1948	0.53651
4.9242	-2.1587	0.52263
4.9242	-2.1226	0.36005
4.9242	-2.0865	0.15578
4.9242	-2.0503	0.026993
4.9242	-1.9781	0.030099
4.9242	-1.942	0.038561
4.9242	-1.9058	0.019162
4.9242	-1.7974	0.014138
4.9242	-0.96645	0.04579
4.9242	-0.93032	0.12252
4.9242	-0.89419	0.20715
4.9242	-0.85806	0.2455
4.9242	-0.82193	0.20766
4.9242	-0.7858	0.11922
4.9242	-0.74968	0.038356
4.9482	-2.3033	0.077098
4.9482	-2.2671	0.24014
4.9482	-2.2309	0.45434
4.9482	-2.1948	0.60211
4.9482	-2.1587	0.57839
4.9482	-2.1226	0.39033
4.9482	-2.0865	0.16142
4.9482	-2.0503	0.023853
4.9482	-1.9781	0.04215
4.9482	-1.942	0.049516
4.9482	-1.9058	0.022488
4.9482	-1.7974	0.02221
4.9482	-1.7613	0.019717
4.9482	-0.96645	0.01857
4.9482	-0.93032	0.057926
4.9482	-0.89419	0.11086
4.9482	-0.85806	0.14471
4.9482	-0.82193	0.13158
4.9482	-0.7858	0.078992
4.9482	-0.74968	0.025189
4.9719	-2.3033	0.086919
4.9719	-2.2671	0.25722
4.9719	-2.2309	0.47515
4.9719	-2.1948	0.61987
4.9719	-2.1587	0.5862
4.9719	-2.1226	0.38627
4.9719	-2.0865	0.15152
4.9719	-2.0503	0.018436
4.9719	-1.9781	0.052788
4.9719	-1.942	0.056927
4.9719	-1.9058	0.023312
4.9719	-1.7974	0.030545
4.9719	-1.7613	0.02505
4.9719	-1.6167	0.017281
4.9719	-0.89419	0.022347
4.9719	-0.85806	0.041527
4.9719	-0.82193	0.047653
4.9719	-0.7858	0.03319
4.9957	-2.3033	0.089363
4.9957	-2.2671	0.2527
4.9957	-2.2309	0.45664
4.9957	-2.1948	0.58667
4.9957	-2.1587	0.54581
4.9957	-2.1226	0.35035
4.9957	-2.0865	0.12939
4.9957	-2.0142	0.017756
4.9957	-1.9781	0.059794
4.9957	-1.942	0.059272
4.9957	-1.9058	0.021582
4.9957	-1.8336	0.018348
4.9957	-1.7974	0.037582
4.9957	-1.7613	0.028322
4.9957	-1.6529	0.018189
4.9957	-1.6167	0.024207
4.9957	-1.4723	0.021378
4.9957	-1.4362	0.017576
4.9957	-1.3277	0.015193
4.9957	-1.2916	0.021805
4.9957	-1.1471	0.019315
4.9957	-1.111	0.019399
4.9957	-1.0026	0.014364
4.9957	-0.96645	0.031261
4.9957	-0.93032	0.032423
4.9957	-0.89419	0.018782
5.0196	-2.3393	0.014401
5.0196	-2.3033	0.083449
5.0196	-2.2671	0.2269
5.0196	-2.2309	0.4022
5.0196	-2.1948	0.50957
5.0196	-2.1587	0.46653
5.0196	-2.1226	0.29127
5.0196	-2.0865	0.10049
5.0196	-2.0142	0.02189
5.0196	-1.9781	0.06161
5.0196	-1.942	0.0562
5.0196	-1.9058	0.017905
5.0196	-1.8336	0.022948
5.0196	-1.7974	0.041873
5.0196	-1.7613	0.028855
5.0196	-1.6529	0.024607
5.0196	-1.6167	0.029935
5.0196	-1.5084	0.014361
5.0196	-1.4723	0.030505
5.0196	-1.4362	0.023391
5.0196	-1.3277	0.026876
5.0196	-1.2916	0.036327
5.0196	-1.2555	0.018177
5.0196	-1.1832	0.015854
5.0196	-1.1471	0.044019
5.0196	-1.111	0.043476
5.0196	-1.0026	0.061536
5.0196	-0.96645	0.15149
5.0196	-0.93032	0.20387
5.0196	-0.89419	0.18043
5.0196	-0.85806	0.10878
5.0196	-0.82193	0.042678
5.0433	-2.3033	0.070095
5.0433	-2.2671	0.18459
5.0433	-2.2309	0.32227
5.0433	-2.1948	0.40372
5.0433	-2.1587	0.36424
5.0433	-2.1226	0.22103
5.0433	-2.0865	0.070656
5.0433	-2.0142	0.02396
5.0433	-1.9781	0.057824
5.0433	-1.942	0.048576
5.0433	-1.8336	0.02591
5.0433	-1.7974	0.042509
5.0433	-1.7613	0.026645
5.0433	-1.6529	0.029858
5.0433	-1.6167	0.033262
5.0433	-1.5084	0.020058
5.0433	-1.4723	0.038715
5.0433	-1.4362	0.027363
5.0433	-1.3277	0.040952
5.0433	-1.2916	0.051556
5.0433	-1.2555	0.023271
5.0433	-1.1832	0.031414
5.0433	-1.1471	0.07906
5.0433	-1.111	0.073976
5.0433	-1.0749	0.019074
5.0433	-1.0387	0.018585
5.0433	-1.0026	0.16207
5.0433	-0.96645	0.40075
5.0433	-0.93032	0.57417
5.0433	-0.89419	0.56254
5.0433	-0.85806	0.39197
5.0433	-0.82193	0.18859
5.0433	-0.7858	0.055089
5.0672	-2.3033	0.051977
5.0672	-2.2671	0.13383
5.0672	-2.2309	0.23159
5.0672	-2.1948	0.28821
5.0672	-2.1587	0.25704
5.0672	-2.1226	0.15169
5.0672	-2.0865	0.044531
5.0672	-2.0142	0.02332
5.0672	-1.9781	0.049292
5.0672	-1.942	0.038152
5.0672	-1.8336	0.026495
5.0672	-1.7974	0.039386
5.0672	-1.7613	0.022318
5.0672	-1.6529	0.032812
5.0672	-1.6167	0.033522
5.0672	-1.5084	0.025237
5.0672	-1.4723	0.044349
5.0672	-1.4362	0.028611
5.0672	-1.3639	0.015125
5.0672	-1.3277	0.055299
5.0672	-1.2916	0.064472
5.0672	-1.2555	0.025645
5.0672	-1.1832	0.052923
5.0672	-1.1471	0.12058
5.0672	-1.111	0.10491
5.0672	-1.0749	0.021725
5.0672	-1.0387	0.045947
5.0672	-1.0026	0.33028
5.0672	-0.96645	0.79591
5.0672	-0.93032	1.1564
5.0672	-0.89419	1.1705
5.0672	-0.85806	0.85335
5.0672	-0.82193	0.43343
5.0672	-0.7858	0.13341
5.0672	-0.74968	0.014444
5.0672	0.37032	0.021429
5.0672	0.40645	0.023849
5.0672	0.44258	0.018711
5.0911	-2.3033	0.032824
5.0911	-2.2671	0.083844
5.0911	-2.2309	0.1454
5.0911	-2.1948	0.18128
5.0911	-2.1587	0.16082
5.0911	-2.1226	0.09257
5.0911	-2.0865	0.024726
5.0911	-2.0142	0.02008
5.0911	-1.9781	0.03786
5.0911	-1.942	0.027009
5.0911	-1.8336	0.024506
5.0911	-1.7974	0.033232
5.0911	-1.7613	0.016894
5.0911	-1.6529	0.032797
5.0911	-1.6167	0.030761
5.0911	-1.5084	0.028801
5.0911	-1.4723	0.046209
5.0911	-1.4362	0.026957
5.0911	-1.3639	0.021314
5.0911	-1.3277	0.067232
5.0911	-1.2916	0.072319
5.0911	-1.2555	0.024745
5.0911	-1.1832	0.078286
5.0911	-1.1471	0.16188
5.0911	-1.111	0.12931
5.0911	-1.0749	0.020508
5.0911	-1.0387	0.093354
5.0911	-1.0026	0.56708
5.0911	-0.96645	1.3192
5.0911	-0.93032	1.9088
5.0911	-0.89419	1.9477
5.0911	-0.85806	1.4384
5.0911	-0.82193	0.73841
5.0911	-0.7858	0.22497
5.0911	-0.74968	0.021221
5.0911	-0.67742	0.0349
5.0911	-0.64129	0.028269
5.0911	0.3342	0.017829
5.0911	0.37032	0.030898
5.0911	0.40645	0.035372
5.0911	0.44258	0.028817
5.0911	0.47871	0.016702
5.1148	-2.3033	0.016363
5.1148	-2.2671	0.042659
5.1148	-2.2309	0.075763
5.1148	-2.1948	0.096261
5.1148	-2.1587	0.086058
5.1148	-2.1226	0.048702
5.1148	-2.0142	0.015074
5.1148	-1.9781	0.025795
5.1148	-1.942	0.016978
5.1148	-1.8336	0.020371
5.1148	-1.7974	0.025356
5.1148	-1.6529	0.029816
5.1148	-1.6167	0.025693
5.1148	-1.5084	0.029891
5.1148	-1.4723	0.043928
5.1148	-1.4362	0.022939
5.1148	-1.3639	0.026855
5.1148	-1.3277	0.07423
5.1148	-1.2916	0.073435
5.1148	-1.2555	0.021023
5.1148	-1.1832	0.10357
5.1148	-1.1471	0.19502
5.1148	-1.111	0.14142
5.1148	-1.0749	0.016882
5.1148	-1.0387	0.1625
5.1148	-1.0026	0.85432
5.1148	-0.96645	1.9134
5.1148	-0.93032	2.7351
5.1148	-0.89419	2.7819
5.1148	-0.85806	2.0511
5.1148	-0.82193	1.0441
5.1148	-0.7858	0.30605
5.1148	-0.74968	0.023532
5.1148	-0.71355	0.025663
5.1148	-0.67742	0.068503
5.1148	-0.64129	0.053303
5.1148	-0.60516	0.015172
5.1148	0.3342	0.020155
5.1148	0.37032	0.035181
5.1148	0.40645	0.041138
5.1148	0.44258	0.03436
5.1148	0.47871	0.020364
5.1387	-2.2671	0.015146
5.1387	-2.2309	0.029138
5.1387	-2.1948	0.039337
5.1387	-2.1587	0.036561
5.1387	-2.1226	0.020775
5.1387	-1.9781	0.015143
5.1387	-1.8336	0.015011
5.1387	-1.7974	0.017264
5.1387	-1.6529	0.02454
5.1387	-1.6167	0.019441
5.1387	-1.5084	0.028183
5.1387	-1.4723	0.038065
5.1387	-1.4362	0.017593
5.1387	-1.3639	0.030439
5.1387	-1.3277	0.074703
5.1387	-1.2916	0.06775
5.1387	-1.2555	0.0157
5.1387	-1.2193	0.018247
5.1387	-1.1832	0.12384
5.1387	-1.1471	0.21304
5.1387	-1.111	0.13861
5.1387	-1.0387	0.24857
5.1387	-1.0026	1.1544
5.1387	-0.96645	2.4896
5.1387	-0.93032	3.5022
5.1387	-0.89419	3.53
5.1387	-0.85806	2.5781
5.1387	-0.82193	1.2874
5.1387	-0.7858	0.35651
5.1387	-0.74968	0.021286
5.1387	-0.71355	0.048634
5.1387	-0.67742	0.11048
5.1387	-0.64129	0.080871
5.1387	-0.60516	0.020713
5.1387	-0.5329	0.016398
5.1387	-0.49677	0.023883
5.1387	0.3342	0.017561
5.1387	0.37032	0.031365
5.1387	0.40645	0.037796
5.1387	0.44258	0.032482
5.1387	0.47871	0.019659
5.1624	-1.6529	0.018095
5.1624	-1.5084	0.024013
5.1624	-1.4723	0.029917
5.1624	-1.3639	0.031083
5.1624	-1.3277	0.068504
5.1624	-1.2916	0.056746
5.1624	-1.2193	0.02464
5.1624	-1.1832	0.13455
5.1624	-1.1471	0.21204
5.1624	-1.111	0.12213
5.1624	-1.0749	0.014203
5.1624	-1.0387	0.33944
5.1624	-1.0026	1.4166
5.1624	-0.96645	2.9462
5.1624	-0.93032	4.0717
5.1624	-0.89419	4.0539
5.1624	-0.85806	2.9192
5.1624	-0.82193	1.4199
5.1624	-0.7858	0.3659
5.1624	-0.74968	0.01689
5.1624	-0.71355	0.078534
5.1624	-0.67742	0.15422
5.1624	-0.64129	0.10512
5.1624	-0.60516	0.023464
5.1624	-0.5329	0.028977
5.1624	-0.49677	0.0387
5.1624	-0.46064	0.019984
5.1624	0.37032	0.020071
5.1624	0.40645	0.025833
5.1624	0.44258	0.023424
5.1624	0.47871	0.014722
5.1862	-1.5084	0.018283
5.1862	-1.4723	0.021107
5.1862	-1.3639	0.028503
5.1862	-1.3277	0.056984
5.1862	-1.2916	0.042928
5.1862	-1.2193	0.029302
5.1862	-1.1832	0.13298
5.1862	-1.1471	0.19241
5.1862	-1.111	0.09651
5.1862	-1.0749	0.019461
5.1862	-1.0387	0.41761
5.1862	-1.0026	1.5889
5.1862	-0.96645	3.1941
5.1862	-0.93032	4.3351
5.1862	-0.89419	4.2564
5.1862	-0.85806	3.0131
5.1862	-0.82193	1.42
5.1862	-0.7858	0.33555
5.1862	-0.71355	0.11112
5.1862	-0.67742	0.19139
5.1862	-0.64129	0.1207
5.1862	-0.60516	0.022766
5.1862	-0.5329	0.044056
5.1862	-0.49677	0.053817
5.1862	-0.46064	0.025365
5.1862	-0.35226	0.017028
5.2102	-1.3639	0.023243
5.2102	-1.3277	0.042571
5.2102	-1.2916	0.02902
5.2102	-1.2193	0.030751
5.2102	-1.1832	0.11917
5.2102	-1.1471	0.1586
5.2102	-1.111	0.067875
5.2102	-1.0749	0.028404
5.2102	-1.0387	0.46478
5.2102	-1.0026	1.6326
5.2102	-0.96645	3.1811
5.2102	-0.93032	4.2426
5.2102	-0.89419	4.1053
5.2102	-0.85806	2.8517
5.2102	-0.82193	1.2965
5.2102	-0.7858	0.27654
5.2102	-0.74968	0.014206
5.2102	-0.71355	0.14012
5.2102	-0.67742	0.21438
5.2102	-0.64129	0.12443
5.2102	-0.60516	0.019163
5.2102	-0.5329	0.059266
5.2102	-0.49677	0.066244
5.2102	-0.46064	0.028128
5.2102	-0.35226	0.026276
5.2102	-0.31613	0.019824
5.2339	-2.2309	0.014619
5.2339	-1.3639	0.016522
5.2339	-1.3277	0.028035
5.2339	-1.2916	0.017202
5.2339	-1.2193	0.028356
5.2339	-1.1832	0.096037
5.2339	-1.1471	0.11775
5.2339	-1.111	0.041892
5.2339	-1.0749	0.037659
5.2339	-1.0387	0.46761
5.2339	-1.0026	1.5336
5.2339	-0.96645	2.907
5.2339	-0.93032	3.8152
5.2339	-0.89419	3.6395
5.2339	-0.85806	2.4785
5.2339	-0.82193	1.083
5.2339	-0.7858	0.20476
5.2339	-0.74968	0.018692
5.2339	-0.71355	0.15905
5.2339	-0.67742	0.21844
5.2339	-0.64129	0.11609
5.2339	-0.60516	0.014049
5.2339	-0.56903	0.01972
5.2339	-0.5329	0.071681
5.2339	-0.49677	0.073391
5.2339	-0.46064	0.027701
5.2339	-0.38838	0.017602
5.2339	-0.35226	0.035375
5.2339	-0.31613	0.024617
5.2339	-0.20774	0.017454
5.2339	-0.17162	0.020197
5.2339	-0.027097	0.014224
5.2339	0.3342	0.015825
5.2577	-2.2671	0.018689
5.2577	-2.2309	0.020686
5.2577	-2.1948	0.016285
5.2577	-1.3277	0.01572
5.2577	-1.2193	0.022644
5.2577	-1.1832	0.068452
5.2577	-1.1471	0.07751
5.2577	-1.111	0.022194
5.2577	-1.0749	0.04309
5.2577	-1.0387	0.42269
5.2577	-1.0026	1.3087
5.2577	-0.96645	2.4239
5.2577	-0.93032	3.1385
5.2577	-0.89419	2.9558
5.2577	-0.85806	1.9734
5.2577	-0.82193	0.82593
5.2577	-0.7858	0.13547
5.2577	-0.74968	0.025267
5.2577	-0.71355	0.16331
5.2577	-0.67742	0.2031
5.2577	-0.64129	0.098276
5.2577	-0.56903	0.026131
5.2577	-0.5329	0.078643
5.2577	-0.49677	0.073829
5.2577	-0.46064	0.024396
5.2577	-0.38838	0.023951
5.2577	-0.35226	0.042527
5.2577	-0.31613	0.027143
5.2577	-0.20774	0.024061
5.2577	-0.17162	0.025872
5.2577	-0.027097	0.022116
5.2577	0.0090325	0.016128
5.2577	0.11742	0.01465
5.2577	0.15355	0.019927
5.2577	0.29807	0.034565
5.2577	0.3342	0.054752
5.2577	0.37032	0.054924
5.2577	0.40645	0.038149
5.2577	0.44258	0.018378
5.2815	-2.2671	0.019153
5.2815	-2.2309	0.021772
5.2815	-2.1948	0.017615
5.2815	-1.2193	0.015158
5.2815	-1.1832	0.04184
5.2815	-1.1471	0.043959
5.2815	-1.0749	0.041746
5.2815	-1.0387	0.33855
5.2815	-1.0026	1.0012
5.2815	-0.96645	1.8233
5.2815	-0.93032	2.339
5.2815	-0.89419	2.1809
5.2815	-0.85806	1.4292
5.2815	-0.82193	0.57138
5.2815	-0.7858	0.07922
5.2815	-0.74968	0.030837
5.2815	-0.71355	0.1517
5.2815	-0.67742	0.17215
5.2815	-0.64129	0.075334
5.2815	-0.56903	0.030723
5.2815	-0.5329	0.07858
5.2815	-0.49677	0.067683
5.2815	-0.46064	0.019222
5.2815	-0.38838	0.029129
5.2815	-0.35226	0.046234
5.2815	-0.31613	0.026923
5.2815	-0.20774	0.029781
5.2815	-0.17162	0.029613
5.2815	-0.063226	0.016818
5.2815	-0.027097	0.03003
5.2815	0.0090325	0.020238
5.2815	0.11742	0.024649
5.2815	0.15355	0.031369
5.2815	0.18968	0.014678
5.2815	0.26194	0.023158
5.2815	0.29807	0.076341
5.2815	0.3342	0.12254
5.2815	0.37032	0.12854
5.2815	0.40645	0.095485
5.2815	0.44258	0.050292
5.2815	0.47871	0.017473
5.3053	-2.2671	0.015678
5.3053	-2.2309	0.01821
5.3053	-2.1948	0.01499
5.3053	-1.1832	0.020593
5.3053	-1.1471	0.020326
5.3053	-1.0749	0.033374
5.3053	-1.0387	0.23377
5.3053	-1.0026	0.67028
5.3053	-0.96645	1.2117
5.3053	-0.93032	1.551
5.3053	-0.89419	1.4395
5.3053	-0.85806	0.92896
5.3053	-0.82193	0.35417
5.3053	-0.7858	0.040251
5.3053	-0.74968	0.032649
5.3053	-0.71355	0.12689
5.3053	-0.67742	0.13229
5.3053	-0.64129	0.051946
5.3053	-0.56903	0.032201
5.3053	-0.5329	0.071502
5.3053	-0.49677	0.056515
5.3053	-0.38838	0.03194
5.3053	-0.35226	0.045745
5.3053	-0.31613	0.024167
5.3053	-0.20774	0.033428
5.3053	-0.17162	0.03064
5.3053	-0.063226	0.022433
5.3053	-0.027097	0.03643
5.3053	0.0090325	0.022439
5.3053	0.11742	0.036047
5.3053	0.15355	0.042578
5.3053	0.18968	0.017627
5.3053	0.26194	0.044606
5.3053	0.29807	0.13648
5.3053	0.3342	0.21686
5.3053	0.37032	0.23003
5.3053	0.40645	0.17459
5.3053	0.44258	0.094426
5.3053	0.47871	0.033559
5.3292	-1.0749	0.020727
5.3292	-1.0387	0.1316
5.3292	-1.0026	0.37459
5.3292	-0.96645	0.68377
5.3292	-0.93032	0.88519
5.3292	-0.89419	0.82629
5.3292	-0.85806	0.52893
5.3292	-0.82193	0.19243
5.3292	-0.7858	0.017355
5.3292	-0.74968	0.029549
5.3292	-0.71355	0.094515
5.3292	-0.67742	0.091162
5.3292	-0.64129	0.031817
5.3292	-0.56903	0.03006
5.3292	-0.5329	0.058994
5.3292	-0.49677	0.042778
5.3292	-0.38838	0.031682
5.3292	-0.35226	0.041264
5.3292	-0.31613	0.019654
5.3292	-0.20774	0.034194
5.3292	-0.17162	0.028818
5.3292	-0.063226	0.026981
5.3292	-0.027097	0.039974
5.3292	0.0090325	0.02227
5.3292	0.081291	0.014678
5.3292	0.11742	0.046961
5.3292	0.15355	0.051239
5.3292	0.18968	0.018285
5.3292	0.26194	0.07382
5.3292	0.29807	0.21022
5.3292	0.3342	0.32762
5.3292	0.37032	0.3465
5.3292	0.40645	0.26382
5.3292	0.44258	0.14304
5.3292	0.47871	0.050339
5.353	-1.0387	0.052817
5.353	-1.0026	0.15721
5.353	-0.96645	0.30119
5.353	-0.93032	0.40613
5.353	-0.89419	0.39006
5.353	-0.85806	0.25181
5.353	-0.82193	0.088013
5.353	-0.74968	0.02241
5.353	-0.71355	0.061315
5.353	-0.67742	0.055192
5.353	-0.64129	0.016937
5.353	-0.56903	0.0248
5.353	-0.5329	0.043702
5.353	-0.49677	0.02906
5.353	-0.38838	0.028388
5.353	-0.35226	0.033855
5.353	-0.31613	0.014434
5.353	-0.24387	0.014615
5.353	-0.20774	0.031908
5.353	-0.17162	0.024661
5.353	-0.063226	0.029448
5.353	-0.027097	0.039922
5.353	0.0090325	0.019891
5.353	0.081291	0.019834
5.353	0.11742	0.055256
5.353	0.15355	0.055484
5.353	0.18968	0.016575
5.353	0.26194	0.10807
5.353	0.29807	0.28789
5.353	0.3342	0.43835
5.353	0.37032	0.45909
5.353	0.40645	0.34745
5.353	0.44258	0.18662
5.353	0.47871	0.063945
5.3769	-1.0026	0.035981
5.3769	-0.96645	0.082211
5.3769	-0.93032	0.12618
5.3769	-0.89419	0.13282
5.3769	-0.85806	0.090437
5.3769	-0.82193	0.031153
5.3769	-0.71355	0.033172
5.3769	-0.67742	0.028259
5.3769	-0.56903	0.017752
5.3769	-0.5329	0.028533
5.3769	-0.49677	0.0174
5.3769	-0.38838	0.022819
5.3769	-0.35226	0.025085
5.3769	-0.20774	0.02708
5.3769	-0.17162	0.019147
5.3769	-0.063226	0.029224
5.3769	-0.027097	0.03635
5.3769	0.0090325	0.015985
5.3769	0.081291	0.024037
5.3769	0.11742	0.059152
5.3769	0.15355	0.05446
5.3769	0.2258	0.0173
5.3769	0.26194	0.14231
5.3769	0.29807	0.35662
5.3769	0.3342	0.52983
5.3769	0.37032	0.54754
5.3769	0.40645	0.40979
5.3769	0.44258	0.2165
5.3769	0.47871	0.071438
5.4007	-0.89419	0.021006
5.4007	-0.85806	0.018036
5.4007	-0.5329	0.015854
5.4007	-0.38838	0.01621
5.4007	-0.35226	0.016556
5.4007	-0.20774	0.020744
5.4007	-0.063226	0.026315
5.4007	-0.027097	0.030102
5.4007	0.081291	0.026263
5.4007	0.11742	0.057768
5.4007	0.15355	0.048561
5.4007	0.2258	0.0254
5.4007	0.26194	0.17017
5.4007	0.29807	0.40339
5.4007	0.3342	0.58482
5.4007	0.37032	0.59533
5.4007	0.40645	0.43931
5.4007	0.44258	0.22725
5.4007	0.47871	0.071578
5.4244	-1.0387	0.021127
5.4244	-1.0026	0.028151
5.4244	-0.96645	0.023152
5.4244	-0.20774	0.014133
5.4244	-0.063226	0.021349
5.4244	-0.027097	0.022513
5.4244	0.081291	0.025882
5.4244	0.11742	0.051398
5.4244	0.15355	0.039249
5.4244	0.2258	0.032855
5.4244	0.26194	0.18559
5.4244	0.29807	0.41851
5.4244	0.3342	0.59268
5.4244	0.37032	0.59397
5.4244	0.40645	0.43143
5.4244	0.44258	0.21779
5.4244	0.47871	0.064974
5.4482	-1.0749	0.018357
5.4482	-1.0387	0.049999
5.4482	-1.0026	0.077544
5.4482	-0.96645	0.080992
5.4482	-0.93032	0.059125
5.4482	-0.89419	0.029175
5.4482	-0.063226	0.015385
5.4482	-0.027097	0.015001
5.4482	0.081291	0.0229
5.4482	0.11742	0.041423
5.4482	0.15355	0.028556
5.4482	0.2258	0.037669
5.4482	0.26194	0.18466
5.4482	0.29807	0.39835
5.4482	0.3342	0.55206
5.4482	0.37032	0.5449
5.4482	0.40645	0.3893
5.4482	0.44258	0.19134
5.4482	0.47871	0.053651
5.4721	-1.0749	0.027001
5.4721	-1.0387	0.073341
5.4721	-1.0026	0.11901
5.4721	-0.96645	0.13363
5.4721	-0.93032	0.10744
5.4721	-0.89419	0.059987
5.4721	-0.85806	0.020406
5.4721	0.081291	0.017978
5.4721	0.11742	0.029884
5.4721	0.15355	0.01846
5.4721	0.2258	0.038299
5.4721	0.26194	0.16691
5.4721	0.29807	0.34656
5.4721	0.3342	0.4713
5.4721	0.37032	0.45877
5.4721	0.40645	0.32247
5.4721	0.44258	0.15406
5.4721	0.47871	0.040279
5.4959	-1.0749	0.030342
5.4959	-1.0387	0.081099
5.4959	-1.0026	0.13397
5.4959	-0.96645	0.1553
5.4959	-0.93032	0.12985
5.4959	-0.89419	0.075495
5.4959	-0.85806	0.026351
5.4959	0.11742	0.018886
5.4959	0.2258	0.034286
5.4959	0.26194	0.13572
5.4959	0.29807	0.27316
5.4959	0.3342	0.36599
5.4959	0.37032	0.35227
5.4959	0.40645	0.24395
5.4959	0.44258	0.1132
5.4959	0.47871	0.02736
5.5198	-1.0749	0.027046
5.5198	-1.0387	0.071359
5.5198	-1.0026	0.11943
5.5198	-0.96645	0.14141
5.5198	-0.93032	0.12092
5.5198	-0.89419	0.071426
5.5198	-0.85806	0.024644
5.5198	0.2258	0.026529
5.5198	0.26194	0.097412
5.5198	0.29807	0.19183
5.5198	0.3342	0.25485
5.5198	0.37032	0.24368
5.5198	0.40645	0.16677
5.5198	0.44258	0.075202
5.5198	0.47871	0.016647
5.5435	-1.0749	0.018724
5.5435	-1.0387	0.049571
5.5435	-1.0026	0.084815
5.5435	-0.96645	0.10303
5.5435	-0.93032	0.090073
5.5435	-0.89419	0.053777
5.5435	-0.85806	0.018087
5.5435	0.2258	0.017045
5.5435	0.26194	0.059532
5.5435	0.29807	0.1164
5.5435	0.3342	0.155
5.5435	0.37032	0.14849
5.5435	0.40645	0.10105
5.5435	0.44258	0.044408
5.5674	-1.0387	0.025141
5.5674	-1.0026	0.045407
5.5674	-0.96645	0.057907
5.5674	-0.93032	0.052605
5.5674	-0.89419	0.032051
5.5674	0.26194	0.028709
5.5674	0.29807	0.05734
5.5674	0.3342	0.078224
5.5674	0.37032	0.076366
5.5674	0.40645	0.052358
5.5674	0.44258	0.0226
5.5912	-1.0026	0.015089
5.5912	-0.96645	0.021839
5.5912	-0.93032	0.021781
5.5912	-0.89419	0.014075
5.5912	0.29807	0.019694
5.5912	0.3342	0.029119
5.5912	0.37032	0.030212
5.5912	0.40645	0.021529
5.5912	1.6349	0.016653
5.5912	1.6709	0.016387
5.6151	1.5987	0.014193
5.6151	1.6349	0.019311
5.6151	1.6709	0.018747
5.6389	1.5987	0.015364
5.6389	1.6349	0.020508
5.6389	1.6709	0.019608
5.6626	-1.0387	0.017216
5.6626	-1.0026	0.017124
5.6626	1.5987	0.015277
5.6626	1.6349	0.020017
5.6626	1.6709	0.018838
5.6864	-1.0749	0.019211
5.6864	-1.0387	0.029775
5.6864	-1.0026	0.031986
5.6864	-0.96645	0.02457
5.6864	0.26194	0.013979
5.6864	0.29807	0.016084
5.6864	1.6349	0.01795
5.6864	1.6709	0.016633
5.7103	-1.0749	0.023905
5.7103	-1.0387	0.037643
5.7103	-1.0026	0.041722
5.7103	-0.96645	0.03336
5.7103	-0.93032	0.018479
5.7103	0.26194	0.017518
5.7103	0.29807	0.020928
5.7103	0.3342	0.017802
5.7103	1.6349	0.014722
5.734	-1.0749	0.0241
5.734	-1.0387	0.038182
5.734	-1.0026	0.042998
5.734	-0.96645	0.035023
5.734	-0.93032	0.019666
5.734	0.26194	0.017064
5.734	0.29807	0.020793
5.734	0.3342	0.018163
5.7579	-1.0749	0.020062
5.7579	-1.0387	0.031978
5.7579	-1.0026	0.036461
5.7579	-0.96645	0.030045
5.7579	-0.93032	0.016909
5.7579	0.29807	0.016506
5.7579	0.3342	0.014729
5.7818	-1.0387	0.021961
5.7818	-1.0026	0.025478
5.7818	-0.96645	0.021279
5.8055	-1.0026	0.014169
