-4.1264	0.69549	0.052619
-4.1264	0.73162	0.051938
-4.1025	0.65936	0.055884
-4.1025	0.69549	0.079776
-4.1025	0.73162	0.080639
-4.1025	0.76774	0.05878
-4.0788	0.65936	0.069336
-4.0788	0.69549	0.099635
-4.0788	0.73162	0.10209
-4.0788	0.76774	0.075445
-4.0549	0.65936	0.071831
-4.0549	0.69549	0.10406
-4.0549	0.73162	0.10793
-4.0549	0.76774	0.08051
-4.0312	0.65936	0.060918
-4.0312	0.69549	0.089838
-4.0312	0.73162	0.094916
-4.0312	0.76774	0.071706
-4.0074	0.69549	0.061046
-4.0074	0.73162	0.066983
-4.0074	0.76774	0.051972
-3.8883	0.62323	0.049202
-3.8883	0.65936	0.064695
-3.8883	0.69549	0.059475
-3.8644	0.62323	0.072454
-3.8644	0.65936	0.098597
-3.8644	0.69549	0.095127
-3.8644	0.73162	0.065435
-3.8405	0.62323	0.082482
-3.8405	0.65936	0.11482
-3.8405	0.69549	0.1141
-3.8405	0.73162	0.080893
-3.8168	0.62323	0.073831
-3.8168	0.65936	0.1056
-3.8168	0.69549	0.10798
-3.8168	0.73162	0.078427
-3.793	0.62323	0.049764
-3.793	0.65936	0.07512
-3.793	0.69549	0.080553
-3.793	0.73162	0.060671
-3.6977	0.62323	0.052427
-3.6738	-0.67742	0.056168
-3.6738	-0.64129	0.050735
-3.6738	0.5871	0.081425
-3.6738	0.62323	0.10659
-3.6738	0.65936	0.097451
-3.6738	0.69549	0.062653
-3.65	-0.71355	0.061424
-3.65	-0.67742	0.079274
-3.65	-0.64129	0.07324
-3.65	0.55097	0.0522
-3.65	0.5871	0.10841
-3.65	0.62323	0.14653
-3.65	0.65936	0.1401
-3.65	0.69549	0.095029
-3.6263	-0.71355	0.067452
-3.6263	-0.67742	0.08984
-3.6263	-0.64129	0.085365
-3.6263	-0.60516	0.055478
-3.6263	0.55097	0.059366
-3.6263	0.5871	0.12414
-3.6263	0.62323	0.17168
-3.6263	0.65936	0.16879
-3.6263	0.69549	0.11761
-3.6263	0.73162	0.053442
-3.6025	-0.67742	0.065495
-3.6025	-0.64129	0.065437
-3.6025	0.55097	0.052616
-3.6025	0.5871	0.114
-3.6025	0.62323	0.16441
-3.6025	0.65936	0.16816
-3.6025	0.69549	0.12094
-3.6025	0.73162	0.055672
-3.5786	-2.0142	0.04917
-3.5786	0.5871	0.062092
-3.5786	0.62323	0.098769
-3.5786	0.65936	0.10947
-3.5786	0.69549	0.083694
-3.5548	-2.0142	0.051901
-3.531	-2.0142	0.048782
-3.5072	-0.7858	0.055266
-3.5072	-0.74968	0.091061
-3.5072	-0.71355	0.099731
-3.5072	-0.67742	0.076026
-3.5072	0.55097	0.064107
-3.5072	0.5871	0.071299
-3.5072	0.62323	0.052398
-3.4833	-0.7858	0.11862
-3.4833	-0.74968	0.20219
-3.4833	-0.71355	0.23545
-3.4833	-0.67742	0.19545
-3.4833	-0.64129	0.11273
-3.4833	0.51484	0.097245
-3.4833	0.55097	0.19341
-3.4833	0.5871	0.24164
-3.4833	0.62323	0.20973
-3.4833	0.65936	0.12772
-3.4833	0.69549	0.051279
-3.4595	-0.82193	0.072764
-3.4595	-0.7858	0.20612
-3.4595	-0.74968	0.3497
-3.4595	-0.71355	0.41197
-3.4595	-0.67742	0.3491
-3.4595	-0.64129	0.20624
-3.4595	-0.60516	0.07416
-3.4595	0.51484	0.16113
-3.4595	0.55097	0.32819
-3.4595	0.5871	0.432
-3.4595	0.62323	0.40182
-3.4595	0.65936	0.26591
-3.4595	0.69549	0.11727
-3.4357	-0.82193	0.13534
-3.4357	-0.7858	0.3641
-3.4357	-0.74968	0.60517
-3.4357	-0.71355	0.70647
-3.4357	-0.67742	0.59535
-3.4357	-0.64129	0.3484
-3.4357	-0.60516	0.12122
-3.4357	0.51484	0.17983
-3.4357	0.55097	0.36781
-3.4357	0.5871	0.496
-3.4357	0.62323	0.47665
-3.4357	0.65936	0.32671
-3.4357	0.69549	0.1483
-3.4119	-0.82193	0.26479
-3.4119	-0.7858	0.67866
-3.4119	-0.74968	1.1025
-3.4119	-0.71355	1.2686
-3.4119	-0.67742	1.0544
-3.4119	-0.64129	0.60382
-3.4119	-0.60516	0.19923
-3.4119	-0.49677	0.060024
-3.4119	-0.46064	0.051922
-3.4119	0.51484	0.16992
-3.4119	0.55097	0.34802
-3.4119	0.5871	0.47622
-3.4119	0.62323	0.46566
-3.4119	0.65936	0.32364
-3.4119	0.69549	0.14683
-3.388	-0.85806	0.086651
-3.388	-0.82193	0.46885
-3.388	-0.7858	1.1604
-3.388	-0.74968	1.8592
-3.388	-0.71355	2.1226
-3.388	-0.67742	1.7483
-3.388	-0.64129	0.98154
-3.388	-0.60516	0.30544
-3.388	-0.5329	0.049731
-3.388	-0.49677	0.12642
-3.388	-0.46064	0.10205
-3.388	0.51484	0.14293
-3.388	0.55097	0.30091
-3.388	0.5871	0.42458
-3.388	0.62323	0.42612
-3.388	0.65936	0.30097
-3.388	0.69549	0.13577
-3.3643	-0.85806	0.11694
-3.3643	-0.82193	0.57654
-3.3643	-0.7858	1.3956
-3.3643	-0.74968	2.2274
-3.3643	-0.71355	2.5462
-3.3643	-0.67742	2.0955
-3.3643	-0.64129	1.1611
-3.3643	-0.60516	0.34071
-3.3643	-0.5329	0.089464
-3.3643	-0.49677	0.19827
-3.3643	-0.46064	0.15043
-3.3643	-0.35226	0.059456
-3.3643	-0.31613	0.0853
-3.3643	0.51484	0.083164
-3.3643	0.55097	0.19914
-3.3643	0.5871	0.31068
-3.3643	0.62323	0.33627
-3.3643	0.65936	0.24995
-3.3643	0.69549	0.11463
-3.3405	-0.85806	0.1084
-3.3405	-0.82193	0.48991
-3.3405	-0.7858	1.154
-3.3405	-0.74968	1.822
-3.3405	-0.71355	2.0701
-3.3405	-0.67742	1.6889
-3.3405	-0.64129	0.91475
-3.3405	-0.60516	0.24861
-3.3405	-0.5329	0.10292
-3.3405	-0.49677	0.20178
-3.3405	-0.46064	0.14305
-3.3405	-0.35226	0.077291
-3.3405	-0.31613	0.10294
-3.3405	-0.28	0.051102
-3.3405	-0.17162	0.064681
-3.3405	-0.13549	0.057639
-3.3405	0.0090325	0.050612
-3.3405	0.5871	0.10306
-3.3405	0.62323	0.1472
-3.3405	0.65936	0.13155
-3.3405	0.69549	0.067125
-3.3166	-0.85806	0.089454
-3.3166	-0.82193	0.37158
-3.3166	-0.7858	0.84561
-3.3166	-0.74968	1.3081
-3.3166	-0.71355	1.4607
-3.3166	-0.67742	1.1664
-3.3166	-0.64129	0.60803
-3.3166	-0.60516	0.14881
-3.3166	-0.5329	0.094628
-3.3166	-0.49677	0.16414
-3.3166	-0.46064	0.10683
-3.3166	-0.35226	0.075473
-3.3166	-0.31613	0.092157
-3.3166	-0.17162	0.070157
-3.3166	-0.13549	0.058225
-3.3166	0.0090325	0.065063
-3.3166	0.15355	0.053229
-3.3166	0.18968	0.052132
-3.3166	0.3342	0.056954
-3.3166	0.47871	0.058514
-3.3166	0.51484	0.085791
-3.3166	0.55097	0.065746
-3.2927	-0.85806	0.076546
-3.2927	-0.82193	0.29488
-3.2927	-0.7858	0.6488
-3.2927	-0.74968	0.98162
-3.2927	-0.71355	1.0739
-3.2927	-0.67742	0.83536
-3.2927	-0.64129	0.41566
-3.2927	-0.60516	0.089473
-3.2927	-0.5329	0.086913
-3.2927	-0.49677	0.13406
-3.2927	-0.46064	0.079172
-3.2927	-0.35226	0.071459
-3.2927	-0.31613	0.079413
-3.2927	-0.17162	0.069818
-3.2927	-0.13549	0.052962
-3.2927	-0.027097	0.052657
-3.2927	0.0090325	0.070398
-3.2927	0.15355	0.071774
-3.2927	0.18968	0.066048
-3.2927	0.29807	0.059766
-3.2927	0.3342	0.10178
-3.2927	0.37032	0.06615
-3.2927	0.47871	0.2112
-3.2927	0.51484	0.38201
-3.2927	0.55097	0.42072
-3.2927	0.5871	0.31138
-3.2927	0.62323	0.15424
-3.2689	-0.85806	0.070367
-3.2689	-0.82193	0.25465
-3.2689	-0.7858	0.54475
-3.2689	-0.74968	0.80877
-3.2689	-0.71355	0.86851
-3.2689	-0.67742	0.65813
-3.2689	-0.64129	0.31144
-3.2689	-0.60516	0.057623
-3.2689	-0.5329	0.086622
-3.2689	-0.49677	0.11979
-3.2689	-0.46064	0.063726
-3.2689	-0.35226	0.07331
-3.2689	-0.31613	0.074046
-3.2689	-0.17162	0.073956
-3.2689	-0.13549	0.050743
-3.2689	-0.027097	0.064183
-3.2689	0.0090325	0.078131
-3.2689	0.15355	0.094195
-3.2689	0.18968	0.079704
-3.2689	0.29807	0.09757
-3.2689	0.3342	0.15444
-3.2689	0.37032	0.09265
-3.2689	0.44258	0.11163
-3.2689	0.47871	0.46714
-3.2689	0.51484	0.87426
-3.2689	0.55097	1.0445
-3.2689	0.5871	0.87553
-3.2689	0.62323	0.51876
-3.2689	0.65936	0.20381
-3.2452	-0.85806	0.065612
-3.2452	-0.82193	0.22773
-3.2452	-0.7858	0.48027
-3.2452	-0.74968	0.70734
-3.2452	-0.71355	0.75205
-3.2452	-0.67742	0.55869
-3.2452	-0.64129	0.25183
-3.2452	-0.5329	0.093955
-3.2452	-0.49677	0.11772
-3.2452	-0.46064	0.056123
-3.2452	-0.35226	0.083361
-3.2452	-0.31613	0.076619
-3.2452	-0.20774	0.052375
-3.2452	-0.17162	0.087012
-3.2452	-0.13549	0.053603
-3.2452	-0.027097	0.08595
-3.2452	0.0090325	0.095064
-3.2452	0.11742	0.064477
-3.2452	0.15355	0.13265
-3.2452	0.18968	0.10199
-3.2452	0.29807	0.16325
-3.2452	0.3342	0.23735
-3.2452	0.37032	0.12743
-3.2452	0.44258	0.24566
-3.2452	0.47871	0.93665
-3.2452	0.51484	1.7335
-3.2452	0.55097	2.1052
-3.2452	0.5871	1.8224
-3.2452	0.62323	1.1287
-3.2452	0.65936	0.46683
-3.2452	0.69549	0.10129
-3.2214	-0.82193	0.1662
-3.2214	-0.7858	0.35592
-3.2214	-0.74968	0.53363
-3.2214	-0.71355	0.57477
-3.2214	-0.67742	0.42701
-3.2214	-0.64129	0.1859
-3.2214	-0.5329	0.097467
-3.2214	-0.49677	0.11287
-3.2214	-0.35226	0.097029
-3.2214	-0.31613	0.08187
-3.2214	-0.20774	0.072778
-3.2214	-0.17162	0.10925
-3.2214	-0.13549	0.060304
-3.2214	-0.027097	0.12461
-3.2214	0.0090325	0.12558
-3.2214	0.11742	0.11068
-3.2214	0.15355	0.20328
-3.2214	0.18968	0.14108
-3.2214	0.26194	0.068287
-3.2214	0.29807	0.29253
-3.2214	0.3342	0.38938
-3.2214	0.37032	0.18292
-3.2214	0.44258	0.55205
-3.2214	0.47871	1.9217
-3.2214	0.51484	3.465
-3.2214	0.55097	4.1822
-3.2214	0.5871	3.6291
-3.2214	0.62323	2.2579
-3.2214	0.65936	0.93078
-3.2214	0.69549	0.19229
-3.2214	0.80387	0.062973
-3.2214	1.8516	0.050614
-3.2214	1.8878	0.049651
-3.1976	-0.82193	0.071619
-3.1976	-0.7858	0.16095
-3.1976	-0.74968	0.25242
-3.1976	-0.71355	0.28193
-3.1976	-0.67742	0.21366
-3.1976	-0.64129	0.091031
-3.1976	-0.5329	0.071077
-3.1976	-0.49677	0.07779
-3.1976	-0.35226	0.087692
-3.1976	-0.31613	0.069094
-3.1976	-0.20774	0.084348
-3.1976	-0.17162	0.1172
-3.1976	-0.13549	0.058486
-3.1976	-0.063226	0.062384
-3.1976	-0.027097	0.16459
-3.1976	0.0090325	0.15342
-3.1976	0.11742	0.18125
-3.1976	0.15355	0.30324
-3.1976	0.18968	0.19071
-3.1976	0.26194	0.14467
-3.1976	0.29807	0.52627
-3.1976	0.3342	0.64582
-3.1976	0.37032	0.26157
-3.1976	0.40645	0.078089
-3.1976	0.44258	1.2497
-3.1976	0.47871	4.0224
-3.1976	0.51484	7.0659
-3.1976	0.55097	8.4376
-3.1976	0.5871	7.2778
-3.1976	0.62323	4.4907
-3.1976	0.65936	1.8097
-3.1976	0.69549	0.34339
-3.1976	0.76774	0.12437
-3.1976	0.80387	0.16549
-3.1976	0.84	0.081721
-3.1976	1.8516	0.05675
-3.1976	1.8878	0.056363
-3.1737	-0.74968	0.072468
-3.1737	-0.71355	0.086306
-3.1737	-0.67742	0.067712
-3.1737	-0.35226	0.050897
-3.1737	-0.20774	0.063098
-3.1737	-0.17162	0.08178
-3.1737	-0.063226	0.061225
-3.1737	-0.027097	0.14606
-3.1737	0.0090325	0.12724
-3.1737	0.11742	0.2089
-3.1737	0.15355	0.32586
-3.1737	0.18968	0.18739
-3.1737	0.26194	0.22613
-3.1737	0.29807	0.72866
-3.1737	0.3342	0.83987
-3.1737	0.37032	0.2917
-3.1737	0.40645	0.18692
-3.1737	0.44258	2.3125
-3.1737	0.47871	7.0701
-3.1737	0.51484	12.309
-3.1737	0.55097	14.741
-3.1737	0.5871	12.778
-3.1737	0.62323	7.8825
-3.1737	0.65936	3.1152
-3.1737	0.69549	0.53585
-3.1737	0.76774	0.31166
-3.1737	0.80387	0.38081
-3.1737	0.84	0.17693
-3.1737	0.94839	0.072802
-3.1737	0.98452	0.061767
-3.1737	1.8516	0.060507
-3.1737	1.8878	0.061139
-3.1499	-0.027097	0.089887
-3.1499	0.0090325	0.071673
-3.1499	0.11742	0.15706
-3.1499	0.15355	0.22659
-3.1499	0.18968	0.11654
-3.1499	0.26194	0.21943
-3.1499	0.29807	0.63409
-3.1499	0.3342	0.68367
-3.1499	0.37032	0.19739
-3.1499	0.40645	0.27057
-3.1499	0.44258	2.6779
-3.1499	0.47871	7.8845
-3.1499	0.51484	13.723
-3.1499	0.55097	16.626
-3.1499	0.5871	14.617
-3.1499	0.62323	9.098
-3.1499	0.65936	3.5523
-3.1499	0.69549	0.54918
-3.1499	0.73162	0.085686
-3.1499	0.76774	0.528
-3.1499	0.80387	0.60493
-3.1499	0.84	0.26563
-3.1499	0.91226	0.060316
-3.1499	0.94839	0.15915
-3.1499	0.98452	0.12988
-3.1499	1.129	0.049318
-3.1499	1.8516	0.056277
-3.1499	1.8878	0.059757
-3.1261	-0.027097	0.051103
-3.1261	0.11742	0.10248
-3.1261	0.15355	0.13444
-3.1261	0.18968	0.059622
-3.1261	0.26194	0.16931
-3.1261	0.29807	0.43459
-3.1261	0.3342	0.42704
-3.1261	0.37032	0.096328
-3.1261	0.40645	0.27805
-3.1261	0.44258	2.2351
-3.1261	0.47871	6.2401
-3.1261	0.51484	10.645
-3.1261	0.55097	12.78
-3.1261	0.5871	11.163
-3.1261	0.62323	6.8666
-3.1261	0.65936	2.5876
-3.1261	0.69549	0.3438
-3.1261	0.73162	0.11401
-3.1261	0.76774	0.54225
-3.1261	0.80387	0.57894
-3.1261	0.84	0.23581
-3.1261	0.91226	0.086376
-3.1261	0.94839	0.20147
-3.1261	0.98452	0.15697
-3.1261	1.0929	0.060713
-3.1261	1.129	0.083849
-3.1022	0.11742	0.06918
-3.1022	0.15355	0.08226
-3.1022	0.26194	0.13135
-3.1022	0.29807	0.29993
-3.1022	0.3342	0.26465
-3.1022	0.40645	0.26914
-3.1022	0.44258	1.7957
-3.1022	0.47871	4.7141
-3.1022	0.51484	7.7715
-3.1022	0.55097	9.094
-3.1022	0.5871	7.7457
-3.1022	0.62323	4.6094
-3.1022	0.65936	1.6319
-3.1022	0.69549	0.17591
-3.1022	0.73162	0.12137
-3.1022	0.76774	0.4492
-3.1022	0.80387	0.43768
-3.1022	0.84	0.15939
-3.1022	0.91226	0.088719
-3.1022	0.94839	0.18104
-3.1022	0.98452	0.13059
-3.1022	1.0929	0.068101
-3.1022	1.129	0.087341
-3.1022	1.2735	0.049417
-3.0784	-0.82193	0.077
-3.0784	-0.7858	0.094782
-3.0784	-0.74968	0.083219
-3.0784	-0.71355	0.050966
-3.0784	0.11742	0.049131
-3.0784	0.15355	0.053161
-3.0784	0.26194	0.10822
-3.0784	0.29807	0.22173
-3.0784	0.3342	0.1745
-3.0784	0.40645	0.27099
-3.0784	0.44258	1.5423
-3.0784	0.47871	3.8168
-3.0784	0.51484	6.0702
-3.0784	0.55097	6.8973
-3.0784	0.5871	5.6979
-3.0784	0.62323	3.2554
-3.0784	0.65936	1.068
-3.0784	0.69549	0.08905
-3.0784	0.73162	0.12706
-3.0784	0.76774	0.37618
-3.0784	0.80387	0.33198
-3.0784	0.84	0.10542
-3.0784	0.91226	0.086734
-3.0784	0.94839	0.15471
-3.0784	0.98452	0.10126
-3.0784	1.0929	0.06699
-3.0784	1.129	0.078159
-3.0784	1.2735	0.05215
-3.0547	-0.85806	0.086617
-3.0547	-0.82193	0.15945
-3.0547	-0.7858	0.20349
-3.0547	-0.74968	0.1866
-3.0547	-0.71355	0.11961
-3.0547	0.26194	0.093479
-3.0547	0.29807	0.17384
-3.0547	0.3342	0.12146
-3.0547	0.40645	0.28686
-3.0547	0.44258	1.4285
-3.0547	0.47871	3.3542
-3.0547	0.51484	5.1597
-3.0547	0.55097	5.6986
-3.0547	0.5871	4.5641
-3.0547	0.62323	2.4972
-3.0547	0.65936	0.75217
-3.0547	0.73162	0.13853
-3.0547	0.76774	0.3379
-3.0547	0.80387	0.26983
-3.0547	0.84	0.073224
-3.0547	0.91226	0.088919
-3.0547	0.94839	0.1396
-3.0547	0.98452	0.082118
-3.0547	1.0929	0.067597
-3.0547	1.129	0.071309
-3.0547	1.2735	0.053573
-3.0547	1.7793	0.095035
-3.0547	1.8155	0.12245
-3.0547	1.8516	0.10527
-3.0547	1.8878	0.06307
-3.0308	-0.85806	0.10932
-3.0308	-0.82193	0.21031
-3.0308	-0.7858	0.28254
-3.0308	-0.74968	0.27269
-3.0308	-0.71355	0.18257
-3.0308	-0.67742	0.073528
-3.0308	0.26194	0.081303
-3.0308	0.29807	0.13954
-3.0308	0.3342	0.086401
-3.0308	0.40645	0.31488
-3.0308	0.44258	1.4063
-3.0308	0.47871	3.1613
-3.0308	0.51484	4.7295
-3.0308	0.55097	5.0954
-3.0308	0.5871	3.9645
-3.0308	0.62323	2.0762
-3.0308	0.65936	0.56904
-3.0308	0.73162	0.15937
-3.0308	0.76774	0.32832
-3.0308	0.80387	0.23718
-3.0308	0.84	0.053757
-3.0308	0.91226	0.097622
-3.0308	0.94839	0.13589
-3.0308	0.98452	0.071269
-3.0308	1.0929	0.072711
-3.0308	1.129	0.069214
-3.0308	1.2735	0.057559
-3.0308	1.7432	0.071227
-3.0308	1.7793	0.16145
-3.0308	1.8155	0.21273
-3.0308	1.8516	0.1922
-3.0308	1.8878	0.12395
-3.0308	1.9239	0.055498
-3.0069	-0.85806	0.065293
-3.0069	-0.82193	0.13251
-3.0069	-0.7858	0.18905
-3.0069	-0.74968	0.1936
-3.0069	-0.71355	0.13632
-3.0069	-0.67742	0.055994
-3.0069	0.26194	0.063511
-3.0069	0.29807	0.10429
-3.0069	0.3342	0.057879
-3.0069	0.40645	0.34143
-3.0069	0.44258	1.41
-3.0069	0.47871	3.0847
-3.0069	0.51484	4.542
-3.0069	0.55097	4.8172
-3.0069	0.5871	3.6651
-3.0069	0.62323	1.8428
-3.0069	0.65936	0.45588
-3.0069	0.73162	0.19377
-3.0069	0.76774	0.34445
-3.0069	0.80387	0.22512
-3.0069	0.91226	0.11563
-3.0069	0.94839	0.14359
-3.0069	0.98452	0.066557
-3.0069	1.0929	0.084469
-3.0069	1.129	0.07242
-3.0069	1.2735	0.066114
-3.0069	1.4181	0.049567
-3.0069	1.4542	0.052472
-3.0069	1.5987	0.063919
-3.0069	1.6349	0.050042
-3.0069	1.7432	0.11702
-3.0069	1.7793	0.2531
-3.0069	1.8155	0.3303
-3.0069	1.8516	0.30021
-3.0069	1.8878	0.1964
-3.0069	1.9239	0.089445
-2.9832	-0.7858	0.071068
-2.9832	-0.74968	0.076039
-2.9832	-0.71355	0.055182
-2.9832	0.29807	0.052361
-2.9832	0.40645	0.30143
-2.9832	0.44258	1.219
-2.9832	0.47871	2.7042
-2.9832	0.51484	4.0511
-2.9832	0.55097	4.3474
-2.9832	0.5871	3.3075
-2.9832	0.62323	1.623
-2.9832	0.65936	0.36252
-2.9832	0.73162	0.24041
-2.9832	0.76774	0.37794
-2.9832	0.80387	0.22461
-2.9832	0.91226	0.14665
-2.9832	0.94839	0.16377
-2.9832	0.98452	0.066524
-2.9832	1.0568	0.04883
-2.9832	1.0929	0.10668
-2.9832	1.129	0.08226
-2.9832	1.2374	0.059988
-2.9832	1.2735	0.082354
-2.9832	1.4181	0.068188
-2.9832	1.4542	0.06519
-2.9832	1.5987	0.089118
-2.9832	1.6349	0.062901
-2.9832	1.7432	0.19397
-2.9832	1.7793	0.39771
-2.9832	1.8155	0.50713
-2.9832	1.8516	0.45541
-2.9832	1.8878	0.29538
-2.9832	1.9239	0.13279
-2.9594	0.40645	0.12622
-2.9594	0.44258	0.56074
-2.9594	0.47871	1.3794
-2.9594	0.51484	2.2659
-2.9594	0.55097	2.6245
-2.9594	0.5871	2.1124
-2.9594	0.62323	1.0607
-2.9594	0.65936	0.21945
-2.9594	0.73162	0.24884
-2.9594	0.76774	0.362
-2.9594	0.80387	0.20071
-2.9594	0.87613	0.052062
-2.9594	0.91226	0.18039
-2.9594	0.94839	0.18512
-2.9594	0.98452	0.066012
-2.9594	1.0568	0.073794
-2.9594	1.0929	0.1412
-2.9594	1.129	0.098477
-2.9594	1.2374	0.089871
-2.9594	1.2735	0.11083
-2.9594	1.3096	0.049638
-2.9594	1.4181	0.1017
-2.9594	1.4542	0.087646
-2.9594	1.5626	0.081444
-2.9594	1.5987	0.13339
-2.9594	1.6349	0.083942
-2.9594	1.7071	0.074421
-2.9594	1.7432	0.33792
-2.9594	1.7793	0.65547
-2.9594	1.8155	0.81094
-2.9594	1.8516	0.71261
-2.9594	1.8878	0.45269
-2.9594	1.9239	0.19779
-2.9594	1.96	0.049439
-2.9356	0.44258	0.065625
-2.9356	0.47871	0.22132
-2.9356	0.51484	0.46046
-2.9356	0.55097	0.63785
-2.9356	0.5871	0.58663
-2.9356	0.62323	0.31958
-2.9356	0.65936	0.0628
-2.9356	0.73162	0.13899
-2.9356	0.76774	0.19737
-2.9356	0.80387	0.10598
-2.9356	0.87613	0.049634
-2.9356	0.91226	0.15139
-2.9356	0.94839	0.14917
-2.9356	1.0568	0.088805
-2.9356	1.0929	0.15609
-2.9356	1.129	0.10136
-2.9356	1.2374	0.12627
-2.9356	1.2735	0.14355
-2.9356	1.3096	0.056681
-2.9356	1.382	0.073391
-2.9356	1.4181	0.15608
-2.9356	1.4542	0.12228
-2.9356	1.5626	0.14429
-2.9356	1.5987	0.21319
-2.9356	1.6349	0.1188
-2.9356	1.7071	0.1595
-2.9356	1.7432	0.63094
-2.9356	1.7793	1.1603
-2.9356	1.8155	1.3899
-2.9356	1.8516	1.19
-2.9356	1.8878	0.73575
-2.9356	1.9239	0.30957
-2.9356	1.96	0.071623
-2.9117	0.5871	0.049665
-2.9117	0.76774	0.051216
-2.9117	0.91226	0.064563
-2.9117	0.94839	0.061684
-2.9117	1.0568	0.05803
-2.9117	1.0929	0.096864
-2.9117	1.129	0.059875
-2.9117	1.2374	0.11329
-2.9117	1.2735	0.12353
-2.9117	1.382	0.094573
-2.9117	1.4181	0.18589
-2.9117	1.4542	0.13687
-2.9117	1.5626	0.22611
-2.9117	1.5987	0.31112
-2.9117	1.6349	0.15552
-2.9117	1.7071	0.32795
-2.9117	1.7432	1.1712
-2.9117	1.7793	2.0787
-2.9117	1.8155	2.4411
-2.9117	1.8516	2.0548
-2.9117	1.8878	1.2438
-2.9117	1.9239	0.50494
-2.9117	1.96	0.10732
-2.8878	0.44258	0.0925
-2.8878	0.47871	0.10681
-2.8878	0.51484	0.08097
-2.8878	1.2374	0.056326
-2.8878	1.2735	0.058252
-2.8878	1.382	0.066203
-2.8878	1.4181	0.12238
-2.8878	1.4542	0.085362
-2.8878	1.5265	0.050958
-2.8878	1.5626	0.21181
-2.8878	1.5987	0.28054
-2.8878	1.6349	0.12811
-2.8878	1.7071	0.45635
-2.8878	1.7432	1.5519
-2.8878	1.7793	2.7698
-2.8878	1.8155	3.3119
-2.8878	1.8516	2.8401
-2.8878	1.8878	1.7393
-2.8878	1.9239	0.70114
-2.8878	1.96	0.13925
-2.8641	0.40645	0.076556
-2.8641	0.44258	0.1579
-2.8641	0.47871	0.20788
-2.8641	0.51484	0.19157
-2.8641	0.55097	0.12456
-2.8641	0.5871	0.053873
-2.8641	1.4181	0.054503
-2.8641	1.5626	0.11928
-2.8641	1.5987	0.14839
-2.8641	1.6349	0.059318
-2.8641	1.7071	0.35232
-2.8641	1.7432	1.146
-2.8641	1.7793	2.0588
-2.8641	1.8155	2.518
-2.8641	1.8516	2.2201
-2.8641	1.8878	1.3942
-2.8641	1.9239	0.56713
-2.8641	1.96	0.10628
-2.8641	2.0684	0.056219
-2.8403	0.40645	0.094963
-2.8403	0.44258	0.19788
-2.8403	0.47871	0.27086
-2.8403	0.51484	0.26429
-2.8403	0.55097	0.18482
-2.8403	0.5871	0.086985
-2.8403	1.5626	0.058133
-2.8403	1.5987	0.066296
-2.8403	1.7071	0.21026
-2.8403	1.7432	0.63873
-2.8403	1.7793	1.1181
-2.8403	1.8155	1.3507
-2.8403	1.8516	1.1812
-2.8403	1.8878	0.73343
-2.8403	1.9239	0.28991
-2.8403	1.96	0.048707
-2.8165	0.40645	0.10334
-2.8165	0.44258	0.21423
-2.8165	0.47871	0.29739
-2.8165	0.51484	0.29667
-2.8165	0.55097	0.2125
-2.8165	0.5871	0.10165
-2.8165	1.7071	0.12338
-2.8165	1.7432	0.35061
-2.8165	1.7793	0.59383
-2.8165	1.8155	0.70052
-2.8165	1.8516	0.59851
-2.8165	1.8878	0.36052
-2.8165	1.9239	0.135
-2.7927	-0.82193	0.059415
-2.7927	-0.7858	0.056713
-2.7927	0.40645	0.10166
-2.7927	0.44258	0.20989
-2.7927	0.47871	0.2942
-2.7927	0.51484	0.29726
-2.7927	0.55097	0.21491
-2.7927	0.5871	0.10222
-2.7927	1.7071	0.072333
-2.7927	1.7432	0.19518
-2.7927	1.7793	0.3225
-2.7927	1.8155	0.37349
-2.7927	1.8516	0.3127
-2.7927	1.8878	0.18279
-2.7927	1.9239	0.06452
-2.7688	0.40645	0.08826
-2.7688	0.44258	0.1845
-2.7688	0.47871	0.26383
-2.7688	0.51484	0.27147
-2.7688	0.55097	0.19822
-2.7688	0.5871	0.093256
-2.7688	1.7432	0.10473
-2.7688	1.7793	0.17155
-2.7688	1.8155	0.1975
-2.7688	1.8516	0.16363
-2.7688	1.8878	0.093453
-2.745	0.40645	0.059319
-2.745	0.44258	0.13229
-2.745	0.47871	0.20087
-2.745	0.51484	0.21677
-2.745	0.55097	0.16318
-2.745	0.5871	0.076842
-2.745	1.7432	0.049022
-2.745	1.7793	0.082227
-2.745	1.8155	0.096467
-2.745	1.8516	0.080618
-2.7211	0.44258	0.055622
-2.7211	0.47871	0.099088
-2.7211	0.51484	0.12328
-2.7211	0.55097	0.10321
-2.7211	0.5871	0.051475
-2.6973	0.40645	0.05035
-2.6973	0.44258	0.054328
-2.6736	0.37032	0.061298
-2.6736	0.40645	0.12724
-2.6736	0.44258	0.16387
-2.6736	0.47871	0.14492
-2.6736	0.51484	0.089697
-2.6498	0.37032	0.069044
-2.6498	0.40645	0.14823
-2.6498	0.44258	0.20591
-2.6498	0.47871	0.20245
-2.6498	0.51484	0.14223
-2.6498	0.55097	0.067609
-2.6498	1.7071	0.052218
-2.6498	1.7432	0.066422
-2.6498	1.7793	0.056179
-2.6258	0.37032	0.064481
-2.6258	0.40645	0.13663
-2.6258	0.44258	0.19216
-2.6258	0.47871	0.19397
-2.6258	0.51484	0.14103
-2.6258	0.55097	0.069234
-2.6258	1.6709	0.067073
-2.6258	1.7071	0.15625
-2.6258	1.7432	0.21126
-2.6258	1.7793	0.19501
-2.6258	1.8155	0.12807
-2.6258	1.8516	0.058445
-2.6021	0.37032	0.05528
-2.6021	0.40645	0.11439
-2.6021	0.44258	0.16003
-2.6021	0.47871	0.16186
-2.6021	0.51484	0.11799
-2.6021	0.55097	0.057472
-2.6021	1.6709	0.09903
-2.6021	1.7071	0.24476
-2.6021	1.7432	0.36195
-2.6021	1.7793	0.36849
-2.6021	1.8155	0.26709
-2.6021	1.8516	0.13382
-2.5783	0.40645	0.088529
-2.5783	0.44258	0.12278
-2.5783	0.47871	0.12359
-2.5783	0.51484	0.089399
-2.5783	1.6709	0.059941
-2.5783	1.7071	0.15437
-2.5783	1.7432	0.24653
-2.5783	1.7793	0.27539
-2.5783	1.8155	0.22062
-2.5783	1.8516	0.12196
-2.5545	0.40645	0.06225
-2.5545	0.44258	0.085945
-2.5545	0.47871	0.086223
-2.5545	0.51484	0.061797
-2.5545	1.7071	0.060429
-2.5545	1.7432	0.098513
-2.5545	1.7793	0.11343
-2.5545	1.8155	0.093992
-2.5545	1.8516	0.053545
-2.5307	0.44258	0.052901
-2.5307	0.47871	0.053432
-2.3878	0.3342	0.065708
-2.3878	0.37032	0.10834
-2.3878	0.40645	0.12065
-2.3878	0.44258	0.096752
-2.3878	0.47871	0.05558
-2.3639	0.3342	0.11639
-2.3639	0.37032	0.20974
-2.3639	0.40645	0.25137
-2.3639	0.44258	0.2126
-2.3639	0.47871	0.12632
-2.34	0.3342	0.063995
-2.34	0.37032	0.14436
-2.34	0.40645	0.21801
-2.34	0.44258	0.22871
-2.34	0.47871	0.16322
-2.34	0.51484	0.071455
-2.3163	0.40645	0.054081
-2.3163	0.44258	0.067677
-2.3163	0.47871	0.059079
-1.2682	0.2258	0.04892
-1.2682	0.26194	0.071024
-1.2682	0.29807	0.069443
-1.2445	0.11742	0.050678
-1.2445	0.15355	0.093046
-1.2445	0.18968	0.18555
-1.2445	0.2258	0.19885
-1.2445	0.26194	0.10363
0.7324	-0.82193	0.059578
0.75621	-0.7858	0.083698
0.78002	-0.7858	0.074278
0.85148	-0.71355	0.10357
0.8753	-0.67742	0.1091
0.89912	-0.67742	0.13837
0.89912	-0.64129	0.08116
0.97056	-0.56903	0.14852
0.99436	-0.5329	0.12798
1.0421	-0.46064	0.10991
1.0421	-0.20774	0.061452
1.0421	-0.17162	0.061178
1.0659	-0.42451	0.15979
1.0659	-0.38838	0.056558
1.0659	-0.24387	0.063283
1.0659	-0.20774	0.076564
1.0659	-0.17162	0.071309
1.0897	-0.28	0.073421
1.0897	-0.24387	0.095142
1.0897	-0.20774	0.099704
1.0897	-0.17162	0.084183
1.0897	-0.13549	0.055394
1.1134	-0.31613	0.57407
1.1134	-0.28	0.35228
1.1134	-0.24387	0.19879
1.1134	-0.20774	0.15186
1.1134	-0.17162	0.10747
1.1134	-0.13549	0.062623
1.1373	-0.28	1.0858
1.1373	-0.24387	1.8504
1.1373	-0.20774	0.43896
1.1373	-0.17162	0.18126
1.1373	-0.13549	0.081618
1.1373	1.0929	0.062337
1.1373	1.129	0.085159
1.1373	1.1651	0.09452
1.1373	1.2013	0.088354
1.1373	1.2374	0.064945
1.1612	-0.24387	0.4254
1.1612	-0.20774	2.1734
1.1612	-0.17162	1.4784
1.1612	-0.13549	0.19772
1.1612	1.0207	0.054086
1.1612	1.0568	0.16901
1.1612	1.0929	0.40453
1.1612	1.129	0.90203
1.1612	1.1651	1.3777
1.1612	1.2013	0.63163
1.1612	1.2374	0.12424
1.185	-0.20774	0.067697
1.185	-0.17162	0.40697
1.185	-0.13549	0.86413
1.185	-0.099357	0.31651
1.185	0.98452	0.068643
1.185	1.0207	0.57953
1.185	1.0568	2.3061
1.185	1.0929	2.8781
1.185	1.129	2.1982
1.185	1.1651	0.56561
1.185	1.2013	0.11279
1.2087	0.87613	0.056218
1.2087	0.98452	0.42771
1.2087	1.0207	1.0749
1.2087	1.0568	0.81174
1.2087	1.0929	0.47534
1.2087	1.129	0.24323
1.2087	1.1651	0.10182
1.2326	0.84	0.1119
1.2326	0.87613	0.14882
1.2326	0.98452	0.055999
1.2326	1.0207	0.11207
1.2326	1.0568	0.13578
1.2326	1.0929	0.11941
1.2326	1.129	0.079744
1.2563	0.3342	0.065822
1.2563	0.37032	0.10691
1.2563	0.40645	0.10673
1.2563	0.44258	0.079714
1.2563	0.47871	0.07188
1.2563	0.51484	0.089095
1.2563	0.55097	0.088127
2.2805	0.91226	0.058417
3.0188	-0.5329	0.061139
4.186	-0.74968	0.059558
4.2097	-0.7858	0.072704
4.2097	-0.74968	0.085717
4.2097	-0.71355	0.073036
4.2335	-0.7858	0.085564
4.2335	-0.74968	0.10197
4.2335	-0.71355	0.087984
4.2574	-0.7858	0.0843
4.2574	-0.74968	0.10164
4.2574	-0.71355	0.088641
4.2574	-0.67742	0.054176
4.2812	-0.7858	0.068045
4.2812	-0.74968	0.083766
4.2812	-0.71355	0.074259
4.305	-0.74968	0.054258
4.4242	-0.7858	0.055478
4.448	-0.82193	0.071442
4.448	-0.7858	0.080761
4.448	-0.74968	0.06568
4.4717	-0.82193	0.077871
4.4717	-0.7858	0.090435
4.4717	-0.74968	0.075683
4.4955	-0.82193	0.066506
4.4955	-0.7858	0.079718
4.4955	-0.74968	0.068631
4.6385	-0.85806	0.068484
4.6385	-0.82193	0.073672
4.6385	-0.7858	0.056303
4.6623	-0.89419	0.057556
4.6623	-0.85806	0.093082
4.6623	-0.82193	0.10422
4.6623	-0.7858	0.083526
4.6861	-0.89419	0.058647
4.6861	-0.85806	0.097239
4.6861	-0.82193	0.11239
4.6861	-0.7858	0.093005
4.71	-0.85806	0.076857
4.71	-0.82193	0.092808
4.71	-0.7858	0.079702
4.7337	-0.82193	0.054003
4.8291	-2.2309	0.083936
4.8291	-2.1948	0.11467
4.8291	-2.1587	0.11074
4.8291	-2.1226	0.075856
4.8291	-0.93032	0.076232
4.8291	-0.89419	0.11544
4.8291	-0.85806	0.11875
4.8291	-0.82193	0.086644
4.8528	-2.2671	0.073932
4.8528	-2.2309	0.15364
4.8528	-2.1948	0.21225
4.8528	-2.1587	0.20956
4.8528	-2.1226	0.14755
4.8528	-2.0865	0.068509
4.8528	-0.93032	0.12621
4.8528	-0.89419	0.19692
4.8528	-0.85806	0.21256
4.8528	-0.82193	0.16475
4.8528	-0.7858	0.089113
4.8766	-2.2671	0.11776
4.8766	-2.2309	0.23988
4.8766	-2.1948	0.33042
4.8766	-2.1587	0.32734
4.8766	-2.1226	0.2312
4.8766	-2.0865	0.10644
4.8766	-0.96645	0.062831
4.8766	-0.93032	0.16289
4.8766	-0.89419	0.25842
4.8766	-0.85806	0.28661
4.8766	-0.82193	0.22901
4.8766	-0.7858	0.12726
4.9004	-2.2671	0.1667
4.9004	-2.2309	0.33159
4.9004	-2.1948	0.45221
4.9004	-2.1587	0.44538
4.9004	-2.1226	0.31178
4.9004	-2.0865	0.13993
4.9004	-0.96645	0.064196
4.9004	-0.93032	0.16612
4.9004	-0.89419	0.26891
4.9004	-0.85806	0.3059
4.9004	-0.82193	0.2503
4.9004	-0.7858	0.14113
4.9242	-2.3033	0.064704
4.9242	-2.2671	0.21337
4.9242	-2.2309	0.41388
4.9242	-2.1948	0.55689
4.9242	-2.1587	0.54248
4.9242	-2.1226	0.37373
4.9242	-2.0865	0.1617
4.9242	-0.93032	0.12718
4.9242	-0.89419	0.21502
4.9242	-0.85806	0.25482
4.9242	-0.82193	0.21555
4.9242	-0.7858	0.12374
4.9482	-2.3033	0.080027
4.9482	-2.2671	0.24926
4.9482	-2.2309	0.4716
4.9482	-2.1948	0.62499
4.9482	-2.1587	0.60036
4.9482	-2.1226	0.40516
4.9482	-2.0865	0.16756
4.9482	-0.93032	0.060127
4.9482	-0.89419	0.11507
4.9482	-0.85806	0.15021
4.9482	-0.82193	0.13658
4.9482	-0.7858	0.081993
4.9719	-2.3033	0.090221
4.9719	-2.2671	0.26699
4.9719	-2.2309	0.4932
4.9719	-2.1948	0.64342
4.9719	-2.1587	0.60846
4.9719	-2.1226	0.40094
4.9719	-2.0865	0.15727
4.9719	-1.9781	0.054794
4.9719	-1.942	0.059089
4.9957	-2.3033	0.092758
4.9957	-2.2671	0.2623
4.9957	-2.2309	0.47399
4.9957	-2.1948	0.60895
4.9957	-2.1587	0.56655
4.9957	-2.1226	0.36366
4.9957	-2.0865	0.1343
4.9957	-1.9781	0.062066
4.9957	-1.942	0.061523
5.0196	-2.3033	0.086619
5.0196	-2.2671	0.23552
5.0196	-2.2309	0.41748
5.0196	-2.1948	0.52893
5.0196	-2.1587	0.48425
5.0196	-2.1226	0.30233
5.0196	-2.0865	0.10431
5.0196	-1.9781	0.06395
5.0196	-1.942	0.058335
5.0196	-1.0026	0.063873
5.0196	-0.96645	0.15724
5.0196	-0.93032	0.21161
5.0196	-0.89419	0.18728
5.0196	-0.85806	0.11291
5.0433	-2.3033	0.072758
5.0433	-2.2671	0.1916
5.0433	-2.2309	0.33451
5.0433	-2.1948	0.41906
5.0433	-2.1587	0.37808
5.0433	-2.1226	0.22942
5.0433	-2.0865	0.07334
5.0433	-1.9781	0.06002
5.0433	-1.1471	0.082063
5.0433	-1.111	0.076786
5.0433	-1.0026	0.16823
5.0433	-0.96645	0.41597
5.0433	-0.93032	0.59599
5.0433	-0.89419	0.58391
5.0433	-0.85806	0.40686
5.0433	-0.82193	0.19575
5.0433	-0.7858	0.057182
5.0672	-2.3033	0.053952
5.0672	-2.2671	0.13891
5.0672	-2.2309	0.24039
5.0672	-2.1948	0.29916
5.0672	-2.1587	0.2668
5.0672	-2.1226	0.15745
5.0672	-1.3277	0.0574
5.0672	-1.2916	0.066922
5.0672	-1.1832	0.054933
5.0672	-1.1471	0.12516
5.0672	-1.111	0.1089
5.0672	-1.0026	0.34283
5.0672	-0.96645	0.82615
5.0672	-0.93032	1.2003
5.0672	-0.89419	1.215
5.0672	-0.85806	0.88577
5.0672	-0.82193	0.4499
5.0672	-0.7858	0.13848
5.0911	-2.2671	0.087029
5.0911	-2.2309	0.15092
5.0911	-2.1948	0.18817
5.0911	-2.1587	0.16693
5.0911	-2.1226	0.096087
5.0911	-1.3277	0.069786
5.0911	-1.2916	0.075066
5.0911	-1.1832	0.08126
5.0911	-1.1471	0.16803
5.0911	-1.111	0.13422
5.0911	-1.0387	0.0969
5.0911	-1.0026	0.58863
5.0911	-0.96645	1.3693
5.0911	-0.93032	1.9813
5.0911	-0.89419	2.0217
5.0911	-0.85806	1.493
5.0911	-0.82193	0.76646
5.0911	-0.7858	0.23351
5.1148	-2.2309	0.078641
5.1148	-2.1948	0.099918
5.1148	-2.1587	0.089328
5.1148	-1.3277	0.07705
5.1148	-1.2916	0.076225
5.1148	-1.1832	0.1075
5.1148	-1.1471	0.20243
5.1148	-1.111	0.1468
5.1148	-1.0387	0.16867
5.1148	-1.0026	0.88678
5.1148	-0.96645	1.986
5.1148	-0.93032	2.839
5.1148	-0.89419	2.8876
5.1148	-0.85806	2.129
5.1148	-0.82193	1.0837
5.1148	-0.7858	0.31768
5.1148	-0.67742	0.071106
5.1148	-0.64129	0.055328
5.1387	-1.3277	0.077541
5.1387	-1.2916	0.070323
5.1387	-1.1832	0.12854
5.1387	-1.1471	0.22113
5.1387	-1.111	0.14388
5.1387	-1.0387	0.25802
5.1387	-1.0026	1.1983
5.1387	-0.96645	2.5842
5.1387	-0.93032	3.6352
5.1387	-0.89419	3.6641
5.1387	-0.85806	2.6761
5.1387	-0.82193	1.3363
5.1387	-0.7858	0.37006
5.1387	-0.67742	0.11468
5.1387	-0.64129	0.083943
5.1624	-1.3277	0.071107
5.1624	-1.2916	0.058901
5.1624	-1.1832	0.13966
5.1624	-1.1471	0.2201
5.1624	-1.111	0.12677
5.1624	-1.0387	0.35234
5.1624	-1.0026	1.4704
5.1624	-0.96645	3.0581
5.1624	-0.93032	4.2263
5.1624	-0.89419	4.2079
5.1624	-0.85806	3.0301
5.1624	-0.82193	1.4739
5.1624	-0.7858	0.3798
5.1624	-0.71355	0.081518
5.1624	-0.67742	0.16007
5.1624	-0.64129	0.10911
5.1862	-1.3277	0.059149
5.1862	-1.1832	0.13803
5.1862	-1.1471	0.19972
5.1862	-1.111	0.10018
5.1862	-1.0387	0.43347
5.1862	-1.0026	1.6493
5.1862	-0.96645	3.3154
5.1862	-0.93032	4.4998
5.1862	-0.89419	4.4181
5.1862	-0.85806	3.1275
5.1862	-0.82193	1.474
5.1862	-0.7858	0.3483
5.1862	-0.71355	0.11534
5.1862	-0.67742	0.19867
5.1862	-0.64129	0.12528
5.1862	-0.49677	0.055861
5.2102	-1.1832	0.1237
5.2102	-1.1471	0.16463
5.2102	-1.111	0.070453
5.2102	-1.0387	0.48243
5.2102	-1.0026	1.6946
5.2102	-0.96645	3.302
5.2102	-0.93032	4.4038
5.2102	-0.89419	4.2612
5.2102	-0.85806	2.96
5.2102	-0.82193	1.3458
5.2102	-0.7858	0.28704
5.2102	-0.71355	0.14544
5.2102	-0.67742	0.22252
5.2102	-0.64129	0.12916
5.2102	-0.5329	0.061517
5.2102	-0.49677	0.068761
5.2339	-1.1832	0.099686
5.2339	-1.1471	0.12223
5.2339	-1.0387	0.48538
5.2339	-1.0026	1.5919
5.2339	-0.96645	3.0174
5.2339	-0.93032	3.9601
5.2339	-0.89419	3.7778
5.2339	-0.85806	2.5726
5.2339	-0.82193	1.1241
5.2339	-0.7858	0.21254
5.2339	-0.71355	0.16509
5.2339	-0.67742	0.22674
5.2339	-0.64129	0.1205
5.2339	-0.5329	0.074404
5.2339	-0.49677	0.076178
5.2577	-1.1832	0.071053
5.2577	-1.1471	0.080455
5.2577	-1.0387	0.43875
5.2577	-1.0026	1.3584
5.2577	-0.96645	2.516
5.2577	-0.93032	3.2577
5.2577	-0.89419	3.0681
5.2577	-0.85806	2.0483
5.2577	-0.82193	0.8573
5.2577	-0.7858	0.14062
5.2577	-0.71355	0.16951
5.2577	-0.67742	0.21082
5.2577	-0.64129	0.10201
5.2577	-0.5329	0.08163
5.2577	-0.49677	0.076634
5.2577	0.3342	0.056832
5.2577	0.37032	0.05701
5.2815	-1.0387	0.35141
5.2815	-1.0026	1.0392
5.2815	-0.96645	1.8925
5.2815	-0.93032	2.4278
5.2815	-0.89419	2.2637
5.2815	-0.85806	1.4835
5.2815	-0.82193	0.59309
5.2815	-0.7858	0.082229
5.2815	-0.71355	0.15746
5.2815	-0.67742	0.17868
5.2815	-0.64129	0.078195
5.2815	-0.5329	0.081565
5.2815	-0.49677	0.070254
5.2815	0.29807	0.079241
5.2815	0.3342	0.12719
5.2815	0.37032	0.13343
5.2815	0.40645	0.099112
5.3053	-1.0387	0.24265
5.3053	-1.0026	0.69574
5.3053	-0.96645	1.2577
5.3053	-0.93032	1.61
5.3053	-0.89419	1.4942
5.3053	-0.85806	0.96425
5.3053	-0.82193	0.36762
5.3053	-0.71355	0.13171
5.3053	-0.67742	0.13732
5.3053	-0.64129	0.053919
5.3053	-0.5329	0.074219
5.3053	-0.49677	0.058662
5.3053	0.29807	0.14166
5.3053	0.3342	0.2251
5.3053	0.37032	0.23877
5.3053	0.40645	0.18123
5.3053	0.44258	0.098014
5.3292	-1.0387	0.1366
5.3292	-1.0026	0.38882
5.3292	-0.96645	0.70975
5.3292	-0.93032	0.91882
5.3292	-0.89419	0.85768
5.3292	-0.85806	0.54902
5.3292	-0.82193	0.19974
5.3292	-0.71355	0.098106
5.3292	-0.67742	0.094625
5.3292	-0.5329	0.061235
5.3292	0.26194	0.076624
5.3292	0.29807	0.21821
5.3292	0.3342	0.34006
5.3292	0.37032	0.35966
5.3292	0.40645	0.27384
5.3292	0.44258	0.14848
5.353	-1.0387	0.054823
5.353	-1.0026	0.16319
5.353	-0.96645	0.31263
5.353	-0.93032	0.42156
5.353	-0.89419	0.40488
5.353	-0.85806	0.26137
5.353	-0.82193	0.091357
5.353	-0.71355	0.063644
5.353	-0.67742	0.057289
5.353	0.11742	0.057355
5.353	0.15355	0.057592
5.353	0.26194	0.11218
5.353	0.29807	0.29883
5.353	0.3342	0.45501
5.353	0.37032	0.47653
5.353	0.40645	0.36064
5.353	0.44258	0.19371
5.353	0.47871	0.066374
5.3769	-0.96645	0.085334
5.3769	-0.93032	0.13098
5.3769	-0.89419	0.13787
5.3769	-0.85806	0.093872
5.3769	0.11742	0.061399
5.3769	0.15355	0.056529
5.3769	0.26194	0.14772
5.3769	0.29807	0.37017
5.3769	0.3342	0.54995
5.3769	0.37032	0.56834
5.3769	0.40645	0.42536
5.3769	0.44258	0.22473
5.3769	0.47871	0.074151
5.4007	0.11742	0.059962
5.4007	0.26194	0.17663
5.4007	0.29807	0.41871
5.4007	0.3342	0.60704
5.4007	0.37032	0.61795
5.4007	0.40645	0.456
5.4007	0.44258	0.23588
5.4007	0.47871	0.074297
5.4244	0.26194	0.19264
5.4244	0.29807	0.4344
5.4244	0.3342	0.61519
5.4244	0.37032	0.61654
5.4244	0.40645	0.44782
5.4244	0.44258	0.22606
5.4244	0.47871	0.067442
5.4482	-1.0026	0.08049
5.4482	-0.96645	0.084069
5.4482	-0.93032	0.061371
5.4482	0.26194	0.19167
5.4482	0.29807	0.41349
5.4482	0.3342	0.57303
5.4482	0.37032	0.5656
5.4482	0.40645	0.40409
5.4482	0.44258	0.19861
5.4482	0.47871	0.055689
5.4721	-1.0387	0.076127
5.4721	-1.0026	0.12353
5.4721	-0.96645	0.1387
5.4721	-0.93032	0.11152
5.4721	-0.89419	0.062266
5.4721	0.26194	0.17325
5.4721	0.29807	0.35973
5.4721	0.3342	0.4892
5.4721	0.37032	0.4762
5.4721	0.40645	0.33472
5.4721	0.44258	0.15991
5.4959	-1.0387	0.08418
5.4959	-1.0026	0.13906
5.4959	-0.96645	0.1612
5.4959	-0.93032	0.13479
5.4959	-0.89419	0.078363
5.4959	0.26194	0.14087
5.4959	0.29807	0.28353
5.4959	0.3342	0.37989
5.4959	0.37032	0.36565
5.4959	0.40645	0.25322
5.4959	0.44258	0.1175
5.5198	-1.0387	0.07407
5.5198	-1.0026	0.12396
5.5198	-0.96645	0.14678
5.5198	-0.93032	0.12551
5.5198	-0.89419	0.074139
5.5198	0.26194	0.10111
5.5198	0.29807	0.19912
5.5198	0.3342	0.26453
5.5198	0.37032	0.25294
5.5198	0.40645	0.1731
5.5198	0.44258	0.078059
5.5435	-1.0026	0.088037
5.5435	-0.96645	0.10694
5.5435	-0.93032	0.093495
5.5435	-0.89419	0.055819
5.5435	0.26194	0.061793
5.5435	0.29807	0.12082
5.5435	0.3342	0.16089
5.5435	0.37032	0.15413
5.5435	0.40645	0.10489
5.5674	-0.96645	0.060107
5.5674	-0.93032	0.054603
5.5674	0.29807	0.059518
5.5674	0.3342	0.081196
5.5674	0.37032	0.079267
5.5674	0.40645	0.054347
